"前门" 20160106 33 73.5833333333333 0.904166666666667 45.9166666666667 25.5 10.9166666666667 "交通污染监控点" 116.395 39.899
"前门" 20161004 34.5 109.772727272727 1.04545454545455 51.3181818181818 19.7272727272727 2.31818181818182 "交通污染监控点" 116.395 39.899
"前门" 20161227 43.3333333333333 36.7916666666667 0.81304347826087 54.3333333333333 26.5 8 "交通污染监控点" 116.395 39.899
"前门" 20160929 63.7083333333333 66.7083333333333 0.833333333333333 90.9166666666667 32.5416666666667 7.375 "交通污染监控点" 116.395 39.899
"前门" 20160928 24 35.2916666666667 0.458333333333333 54.0434782608696 28.8333333333333 2.41666666666667 "交通污染监控点" 116.395 39.899
"前门" 20160122 19.5 112.375 0.475 19.25 55.2916666666667 3.875 "交通污染监控点" 116.395 39.899
"前门" 20161003 122.434782608696 205.739130434783 1.33478260869565 92.695652173913 44.5217391304348 4.73913043478261 "交通污染监控点" 116.395 39.899
"前门" 20160926 74.7368421052632 147.684210526316 1.535 67.45 39.15 2.55 "交通污染监控点" 116.395 39.899
"前门" 20160129 55.875 125.416666666667 1.56666666666667 56.4583333333333 12.125 32.4583333333333 "交通污染监控点" 116.395 39.899
"前门" 20160910 19.7083333333333 45.2916666666667 0.5375 69.4583333333333 44.375 2.33333333333333 "交通污染监控点" 116.395 39.899
"前门" 20160123 10.875 40.0833333333333 0.329166666666667 15.125 54.125 3 "交通污染监控点" 116.395 39.899
"前门" 20160927 40.0416666666667 91.6666666666667 0.733333333333333 40.25 37.0416666666667 2.04166666666667 "交通污染监控点" 116.395 39.899
"前门" 20161103 209.681818181818 212.090909090909 2.58636363636364 133.318181818182 4.18181818181818 11.2727272727273 "交通污染监控点" 116.395 39.899
"前门" 20160130 50.5416666666667 67.2083333333333 1.16666666666667 54.3333333333333 18.5 20.2083333333333 "交通污染监控点" 116.395 39.899
"前门" 20160909 20.9583333333333 54.2083333333333 0.583333333333333 64.0833333333333 42.4166666666667 3.33333333333333 "交通污染监控点" 116.395 39.899
"前门" 20160103 243.041666666667 347.458333333333 2.85 86.1666666666667 7.41666666666667 21.2083333333333 "交通污染监控点" 116.395 39.899
"前门" 20160108 41.5 31.0833333333333 0.858333333333333 45.25 29.7083333333333 14.25 "交通污染监控点" 116.395 39.899
"前门" 20160911 39 65.5833333333333 0.975 54.2916666666667 76.25 2.91666666666667 "交通污染监控点" 116.395 39.899
"前门" 20160930 105.708333333333 113.208333333333 1.10416666666667 108.041666666667 54.4166666666667 9.125 "交通污染监控点" 116.395 39.899
"前门" 20161028 13.0416666666667 44.625 0.575 49.25 28.125 2.54166666666667 "交通污染监控点" 116.395 39.899
"前门" 20161027 34.625 56.5833333333333 1.23333333333333 69.625 3.58333333333333 6.66666666666667 "交通污染监控点" 116.395 39.899
"前门" 20161228 77.625 120.666666666667 1.05416666666667 52.1666666666667 29.6521739130435 7.20833333333333 "交通污染监控点" 116.395 39.899
"前门" 20161007 42.625 70.6666666666667 1.7625 54.2916666666667 10.7083333333333 2 "交通污染监控点" 116.395 39.899
"前门" 20160525 21.5416666666667 55.9583333333333 0.329166666666667 39.7083333333333 85.0833333333333 2 "交通污染监控点" 116.395 39.899
"前门" 20160907 43.3571428571429 74.0833333333333 0.771428571428571 68.7142857142857 90.8571428571429 7.21428571428571 "交通污染监控点" 116.395 39.899
"前门" 20161110 183.352941176471 241.352941176471 1.75294117647059 90.6470588235294 6.11764705882353 12.4117647058824 "交通污染监控点" 116.395 39.899
"前门" 20160912 35.125 44.9166666666667 0.804166666666667 63.7916666666667 63.8333333333333 2.125 "交通污染监控点" 116.395 39.899
"前门" 20161006 71.4583333333333 106.708333333333 1.69583333333333 65.375 6.08333333333333 4.25 "交通污染监控点" 116.395 39.899
"前门" 20160105 40.125 37.75 0.858333333333333 46.9583333333333 23.5833333333333 13.2916666666667 "交通污染监控点" 116.395 39.899
"前门" 20161119 138.208333333333 220.875 2.09166666666667 84 18.4166666666667 10.5416666666667 "交通污染监控点" 116.395 39.899
"前门" 20161104 268.458333333333 311.166666666667 3.625 140.708333333333 3.79166666666667 7.625 "交通污染监控点" 116.395 39.899
"前门" 20160107 14.0416666666667 29.304347826087 0.420833333333333 29 36.7083333333333 6.625 "交通污染监控点" 116.395 39.899
"前门" 20161005 64.625 62.5416666666667 1.38333333333333 64.6666666666667 18.8333333333333 2.16666666666667 "交通污染监控点" 116.395 39.899
"前门" 20160104 49.3181818181818 169.608695652174 0.916666666666667 37.25 40.7083333333333 3.95833333333333 "交通污染监控点" 116.395 39.899
"前门" 20160913 84.625 85.1666666666667 1.19166666666667 79.6666666666667 60 3.875 "交通污染监控点" 116.395 39.899
"前门" 20160121 133.875 173.916666666667 2.55833333333333 70.9583333333333 2.58333333333333 24.2916666666667 "交通污染监控点" 116.395 39.899
"前门" 20161108 45.0434782608696 44.6086956521739 1.00952380952381 79.0476190476191 10.2857142857143 8.61904761904762 "交通污染监控点" 116.395 39.899
"前门" 20160128 149.291666666667 189.208333333333 2.73333333333333 99.875 9.75 50.375 "交通污染监控点" 116.395 39.899
"前门" 20161031 9.65 35.75 0.24 25.9 48.35 3.2 "交通污染监控点" 116.395 39.899
"前门" 20160826 15.5833333333333 37.7916666666667 0.366666666666667 59.8695652173913 48.7083333333333 2 "交通污染监控点" 116.395 39.899
"前门" 20161001 167.863636363636 185.318181818182 1.74090909090909 133.590909090909 37 14.9090909090909 "交通污染监控点" 116.395 39.899
"前门" 20161107 46.85 101.04347826087 0.847826086956522 59.0869565217391 20.4347826086957 4.47826086956522 "交通污染监控点" 116.395 39.899
"前门" 20160127 104 96.5 2.01666666666667 94.7083333333333 7.33333333333333 38.7916666666667 "交通污染监控点" 116.395 39.899
"前门" 20160302 177.260869565217 219.833333333333 2.97826086956522 131.782608695652 15.8695652173913 39.2173913043478 "交通污染监控点" 116.395 39.899
"前门" 20160531 54.625 136.75 0.83125 58.8125 60.75 10.9375 "交通污染监控点" 116.395 39.899
"前门" 20160124 15.875 54.4583333333333 0.6375 31.8333333333333 43.4583333333333 6.66666666666667 "交通污染监控点" 116.395 39.899
"前门" 20160908 27.625 57.2916666666667 0.716666666666667 74.625 44.3333333333333 2.08333333333333 "交通污染监控点" 116.395 39.899
"前门" 20160109 93.1666666666667 96.2083333333333 1.68333333333333 82.4166666666667 7.79166666666667 21.5 "交通污染监控点" 116.395 39.899
"前门" 20160131 31.3181818181818 52.0416666666667 0.691666666666667 38.75 42.4166666666667 12.4583333333333 "交通污染监控点" 116.395 39.899
"前门" 20161029 27.25 39.5833333333333 0.65 70.7916666666667 16.7916666666667 6.125 "交通污染监控点" 116.395 39.899
"前门" 20160101 187.5 175.291666666667 3.425 118.958333333333 2.79166666666667 35.9583333333333 "交通污染监控点" 116.395 39.899
"前门" 20161120 63.4583333333333 130.583333333333 1.2375 57.4583333333333 5.60869565217391 4.5 "交通污染监控点" 116.395 39.899
"前门" 20161105 204.333333333333 292.260869565217 3.25 125.041666666667 14.875 5.79166666666667 "交通污染监控点" 116.395 39.899
"前门" 20160505 65.304347826087 69.9166666666667 1.05416666666667 72.0416666666667 59.8260869565217 17.875 "交通污染监控点" 116.395 39.899
"前门" 20160229 36.125 42.2083333333333 0.6875 46.7916666666667 38.3333333333333 9.125 "交通污染监控点" 116.395 39.899
"前门" 20161112 83.7142857142857 111.952380952381 1.71904761904762 89.9523809523809 9.66666666666667 13.7619047619048 "交通污染监控点" 116.395 39.899
"前门" 20160914 101.583333333333 128.458333333333 1.27916666666667 73.875 73.3333333333333 5.33333333333333 "交通污染监控点" 116.395 39.899
"前门" 20161008 13.2083333333333 41.1666666666667 0.425 33.2916666666667 48.2083333333333 2.16666666666667 "交通污染监控点" 116.395 39.899
"前门" 20160526 88.25 65.0833333333333 0.325 42.9166666666667 81.7083333333333 2.20833333333333 "交通污染监控点" 116.395 39.899
"前门" 20160921 75.695652173913 76.0869565217391 1.17826086956522 120.173913043478 12.8695652173913 7.52173913043478 "交通污染监控点" 116.395 39.899
"前门" 20161111 89.6111111111111 167.722222222222 1.73888888888889 90.8333333333333 3.83333333333333 9.11111111111111 "交通污染监控点" 116.395 39.899
"前门" 20160602 47.125 77.2916666666667 0.820833333333333 84.7916666666667 93.25 10.4583333333333 "交通污染监控点" 116.395 39.899
"前门" 20160404 75.875 73.8333333333333 0.625 68.5416666666667 59.4166666666667 15.2916666666667 "交通污染监控点" 116.395 39.899
"前门" 20161012 80.125 119.208333333333 1.225 87.7083333333333 21.9583333333333 8.66666666666667 "交通污染监控点" 116.395 39.899
"前门" 20160212 144 175.791666666667 2.1875 66.9166666666667 19.5416666666667 20.75 "交通污染监控点" 116.395 39.899
"前门" 20161125 179.291666666667 180.375 3.00416666666667 103.125 3.5 26.4583333333333 "交通污染监控点" 116.395 39.899
"前门" 20160601 27.0869565217391 72.6086956521739 0.682608695652174 66.2608695652174 76 6.73913043478261 "交通污染监控点" 116.395 39.899
"前门" 20160120 136.041666666667 147.583333333333 3.625 88.2916666666667 2 62.4166666666667 "交通污染监控点" 116.395 39.899
"前门" 20160524 34.0869565217391 86.2083333333333 0.420833333333333 49.2916666666667 68.3333333333333 2.83333333333333 "交通污染监控点" 116.395 39.899
"前门" 20160828 13.875 42.9583333333333 0.383333333333333 55.75 54.1666666666667 3.25 "交通污染监控点" 116.395 39.899
"前门" 20160717 80.375 81.75 1.1125 69.75 95.7083333333333 3.20833333333333 "交通污染监控点" 116.395 39.899
"前门" 20161109 171.157894736842 135.421052631579 2.76842105263158 117.368421052632 2.52631578947368 16.2105263157895 "交通污染监控点" 116.395 39.899
"前门" 20160112 15.0416666666667 23.0869565217391 0.479166666666667 32.7083333333333 37.9583333333333 6.41666666666667 "交通污染监控点" 116.395 39.899
"前门" 20161101 46.9047619047619 42.9047619047619 0.757142857142857 75.1428571428571 15.7142857142857 10.7619047619048 "交通污染监控点" 116.395 39.899
"前门" 20160827 18.6086956521739 50.4347826086956 0.51304347826087 57.8695652173913 41.9565217391304 2.56521739130435 "交通污染监控点" 116.395 39.899
"前门" 20161002 197.375 233.083333333333 1.70416666666667 109.708333333333 50.125 9.04166666666667 "交通污染监控点" 116.395 39.899
"前门" 20161123 23.5 25.7083333333333 0.5875 40.1666666666667 28.75 7.375 "交通污染监控点" 116.395 39.899
"前门" 20160111 12.7083333333333 48.6666666666667 0.383333333333333 25.6666666666667 44.2916666666667 5.66666666666667 "交通污染监控点" 116.395 39.899
"前门" 20160303 273.5 248.75 3.575 133.166666666667 12.0833333333333 44.8333333333333 "交通污染监控点" 116.395 39.899
"前门" 20161009 39.7083333333333 51.5 0.8375 71.9583333333333 11.2083333333333 4.04166666666667 "交通污染监控点" 116.395 39.899
"前门" 20160125 37.6666666666667 53.4583333333333 1.10833333333333 65.0833333333333 19 15.3333333333333 "交通污染监控点" 116.395 39.899
"前门" 20161122 8.79166666666667 19.375 0.345833333333333 25.1666666666667 46.6086956521739 2.75 "交通污染监控点" 116.395 39.899
"前门" 20160110 56.375 112.304347826087 1.4625 68.9166666666667 9.25 21.9583333333333 "交通污染监控点" 116.395 39.899
"前门" 20160201 14.1666666666667 43.4166666666667 0.604166666666667 37 42.4166666666667 10.125 "交通污染监控点" 116.395 39.899
"前门" 20161030 51.4545454545455 67.9090909090909 0.881818181818182 60.8181818181818 21.5454545454545 7.45454545454545 "交通污染监控点" 116.395 39.899
"前门" 20160102 287.583333333333 289.173913043478 4.7125 145.916666666667 2.04166666666667 38.9166666666667 "交通污染监控点" 116.395 39.899
"前门" 20161121 10.75 45.1666666666667 0.329166666666667 24.1666666666667 53.5416666666667 2.83333333333333 "交通污染监控点" 116.395 39.899
"前门" 20161106 84.0416666666667 174.958333333333 1.16666666666667 75.2916666666667 20.625 12.4166666666667 "交通污染监控点" 116.395 39.899
"前门" 20160506 76 175.083333333333 0.1875 15.875 83.75 2 "交通污染监控点" 116.395 39.899
"前门" 20160301 126.375 107.958333333333 1.9625 92.5 16.9166666666667 32.375 "交通污染监控点" 116.395 39.899
"前门" 20161113 101.173913043478 109.565217391304 2.48695652173913 85.5217391304348 2.39130434782609 13.4782608695652 "交通污染监控点" 116.395 39.899
"前门" 20160915 82.2916666666667 108.208333333333 1.09166666666667 68.4166666666667 87.5 3.91666666666667 "交通污染监控点" 116.395 39.899
"前门" 20160718 104.217391304348 129.652173913043 1.35217391304348 85.5217391304348 58.695652173913 5.04347826086957 "交通污染监控点" 116.395 39.899
"前门" 20160527 82.8461538461538 93.625 0.679166666666667 79.7083333333333 80.375 13.875 "交通污染监控点" 116.395 39.899
"前门" 20160922 109.304347826087 121 1.29565217391304 88.7391304347826 50.9130434782609 9.30434782608696 "交通污染监控点" 116.395 39.899
"前门" 20161127 59.7916666666667 261.041666666667 0.929166666666667 52.125 35.8333333333333 5.79166666666667 "交通污染监控点" 116.395 39.899
"前门" 20160603 93.4583333333333 92.0833333333333 1.33333333333333 84.7916666666667 107.541666666667 23 "交通污染监控点" 116.395 39.899
"前门" 20160405 122.458333333333 144.375 1.0375 75.3333333333333 63.375 23 "交通污染监控点" 116.395 39.899
"前门" 20161013 174.333333333333 161.458333333333 1.80416666666667 117.625 21.6666666666667 4.79166666666667 "交通污染监控点" 116.395 39.899
"前门" 20160213 11.4583333333333 109.416666666667 0.341666666666667 13.2083333333333 55.7916666666667 4.16666666666667 "交通污染监控点" 116.395 39.899
"前门" 20161126 311 312.291666666667 4.1 135.291666666667 4.17391304347826 29.5833333333333 "交通污染监控点" 116.395 39.899
"前门" 20160624 16.25 70.375 0.675 40.8333333333333 63.375 2 "交通污染监控点" 116.395 39.899
"前门" 20161218 263.208333333333 322.708333333333 3.6875 128.75 5.34782608695652 23.375 "交通污染监控点" 116.395 39.899
"前门" 20160426 75.7727272727273 113.454545454545 1.31363636363636 70.3181818181818 67.3636363636364 25.2727272727273 "交通污染监控点" 116.395 39.899
"前门" 20160829 21.2916666666667 51.375 0.520833333333333 70.5833333333333 52.875 4.20833333333333 "交通污染监控点" 116.395 39.899
"前门" 20161019 212.625 170.521739130435 2.51739130434783 100.090909090909 8.30434782608696 7.23529411764706 "交通污染监控点" 116.395 39.899
"前门" 20160905 30.5 72.625 0.575 49.7916666666667 82.5416666666667 2.625 "交通污染监控点" 116.395 39.899
"前门" 20160113 28.2916666666667 33.625 0.904166666666667 59.7083333333333 19.25 14.2083333333333 "交通污染监控点" 116.395 39.899
"前门" 20161102 127.375 118.875 1.71666666666667 112.166666666667 7.58333333333333 13.1666666666667 "交通污染监控点" 116.395 39.899
"前门" 20161117 111.875 150.458333333333 2.55 90.7826086956522 3.29166666666667 23.625 "交通污染监控点" 116.395 39.899
"前门" 20161124 85.5416666666667 56.2916666666667 1.56666666666667 75.0416666666667 10.304347826087 18.2916666666667 "交通污染监控点" 116.395 39.899
"前门" 20160722 85.6086956521739 85 1.225 63.6086956521739 64.8333333333333 3.08333333333333 "交通污染监控点" 116.395 39.899
"前门" 20160319 67.1666666666667 124.833333333333 0.9625 59.2916666666667 48.125 16.875 "交通污染监控点" 116.395 39.899
"前门" 20160304 294.416666666667 362.458333333333 4.3125 124.75 6.29166666666667 57.0833333333333 "交通污染监控点" 116.395 39.899
"前门" 20161010 97.0416666666667 83 1.4375 95.4583333333333 10.5833333333333 10.8333333333333 "交通污染监控点" 116.395 39.899
"前门" 20160126 38.0416666666667 58.5 0.883333333333333 46.5833333333333 36.5416666666667 17.625 "交通污染监控点" 116.395 39.899
"前门" 20161017 75.125 128.208333333333 1.08333333333333 73.875 24.5 2.77272727272727 "交通污染监控点" 116.395 39.899
"前门" 20160614 39.2916666666667 68.9166666666667 0.691666666666667 41.5 59.2083333333333 2 "交通污染监控点" 116.395 39.899
"前门" 20160202 30.75 34 0.983333333333333 61.25 26.25 15.8333333333333 "交通污染监控点" 116.395 39.899
"前门" 20161024 73.5416666666667 71.7916666666667 1.36666666666667 84.6666666666667 2.33333333333333 5.375 "交通污染监控点" 116.395 39.899
"前门" 20160628 74.5833333333333 80.9583333333333 0.804166666666667 57.6666666666667 54.6666666666667 2 "交通污染监控点" 116.395 39.899
"前门" 20161222 88.375 327.833333333333 1.85 55.8260869565217 45.9565217391304 4.125 "交通污染监控点" 116.395 39.899
"前门" 20160430 167.636363636364 222.739130434783 1.57826086956522 92.8695652173913 96.1304347826087 11.8260869565217 "交通污染监控点" 116.395 39.899
"前门" 20160507 27.7083333333333 52.25 0.304166666666667 41.2916666666667 73.375 2.75 "交通污染监控点" 116.395 39.899
"前门" 20160924 134.521739130435 163.304347826087 1.32608695652174 105.913043478261 65.9130434782609 3.91304347826087 "交通污染监控点" 116.395 39.899
"前门" 20161114 47.8333333333333 132.958333333333 0.9625 51.25 36.5217391304348 4.18181818181818 "交通污染监控点" 116.395 39.899
"前门" 20160916 144.047619047619 172.857142857143 1.39047619047619 72.9523809523809 85.5714285714286 5.33333333333333 "交通污染监控点" 116.395 39.899
"前门" 20160719 110.04347826087 142.130434782609 1.50869565217391 66 25.2608695652174 2.69565217391304 "交通污染监控点" 116.395 39.899
"前门" 20160528 45.75 83.2083333333333 0.6375 62.7083333333333 101 11.7083333333333 "交通污染监控点" 116.395 39.899
"前门" 20160923 126.521739130435 153.826086956522 1.35652173913043 78.9565217391304 96.6521739130435 3.26086956521739 "交通污染监控点" 116.395 39.899
"前门" 20161128 78.2857142857143 67.625 1.76666666666667 92.9583333333333 7.04347826086957 19.6666666666667 "交通污染监控点" 116.395 39.899
"前门" 20160604 107.909090909091 142.090909090909 0.927272727272727 58.5 126.545454545455 16.1818181818182 "交通污染监控点" 116.395 39.899
"前门" 20160406 147.083333333333 146.521739130435 1.97916666666667 86.0416666666667 47.2916666666667 36.375 "交通污染监控点" 116.395 39.899
"前门" 20161014 257.772727272727 283.954545454545 2.35909090909091 136.727272727273 21.0909090909091 8 "交通污染监控点" 116.395 39.899
"前门" 20160214 8.20833333333333 21.125 0.3125 12.2916666666667 65.75 4.83333333333333 "交通污染监控点" 116.395 39.899
"前门" 20161021 49.2916666666667 74.7916666666667 1 55.625 16 2 "交通污染监控点" 116.395 39.899
"前门" 20160625 16.375 34.4583333333333 0.345833333333333 44.2083333333333 73 4 "交通污染监控点" 116.395 39.899
"前门" 20161219 268.458333333333 302.708333333333 4.575 147.5 3.45833333333333 24.1666666666667 "交通污染监控点" 116.395 39.899
"前门" 20160427 87.3181818181818 103.590909090909 1.17391304347826 84.3913043478261 53 14.8260869565217 "交通污染监控点" 116.395 39.899
"前门" 20160830 34.7916666666667 68.2083333333333 0.741666666666667 80.125 95.5416666666667 3.04166666666667 "交通污染监控点" 116.395 39.899
"前门" 20161020 100.083333333333 240.166666666667 1.62916666666667 74.7916666666667 9.16666666666667 7.05555555555556 "交通污染监控点" 116.395 39.899
"前门" 20160906 23 58.7647058823529 0.544444444444444 59.0555555555556 42.5 3.55555555555556 "交通污染监控点" 116.395 39.899
"前门" 20160114 92.5 85 2.3125 93.875 11.0416666666667 36.8333333333333 "交通污染监控点" 116.395 39.899
"前门" 20160306 75.8333333333333 130.916666666667 1.5375 82.4166666666667 9.95833333333333 28.0416666666667 "交通污染监控点" 116.395 39.899
"前门" 20161118 191.916666666667 192.666666666667 4.17083333333333 90.625 2 26.25 "交通污染监控点" 116.395 39.899
"前门" 20160920 24.2272727272727 46.7272727272727 0.640909090909091 79.4545454545455 36.8181818181818 2.86363636363636 "交通污染监控点" 116.395 39.899
"前门" 20160723 139.041666666667 145.958333333333 1.44166666666667 66.4166666666667 81.4583333333333 2.20833333333333 "交通污染监控点" 116.395 39.899
"前门" 20160320 65.5416666666667 84.125 0.908333333333333 80.2083333333333 35.6666666666667 10.75 "交通污染监控点" 116.395 39.899
"前门" 20160305 63.2916666666667 272.5 0.35 21.5 59.4583333333333 2.5 "交通污染监控点" 116.395 39.899
"前门" 20161011 126.833333333333 168.291666666667 1.67083333333333 92.375 18.9583333333333 11.0833333333333 "交通污染监控点" 116.395 39.899
"前门" 20160919 14.695652173913 32.4782608695652 0.504347826086956 50.4782608695652 35.2173913043478 2.04347826086957 "交通污染监控点" 116.395 39.899
"前门" 20161018 125.833333333333 111.916666666667 1.8625 86.1666666666667 6.08333333333333 6.42857142857143 "交通污染监控点" 116.395 39.899
"前门" 20160615 23.25 42.5833333333333 0.5375 56.4166666666667 73.4583333333333 2 "交通污染监控点" 116.395 39.899
"前门" 20160203 37.6666666666667 54.875 1.18333333333333 75.2916666666667 14.875 16.875 "交通污染监控点" 116.395 39.899
"前门" 20161025 114.833333333333 124.291666666667 1.70833333333333 100.208333333333 4.04166666666667 4.875 "交通污染监控点" 116.395 39.899
"前门" 20160629 117.291666666667 133.791666666667 0.9875 58.125 68.9583333333333 2.08333333333333 "交通污染监控点" 116.395 39.899
"前门" 20161223 42.5294117647059 44.75 0.844444444444444 58.3333333333333 23.0555555555556 5.66666666666667 "交通污染监控点" 116.395 39.899
"前门" 20160501 193.045454545455 222.478260869565 2.24782608695652 69.3478260869565 114.826086956522 30.7826086956522 "交通污染监控点" 116.395 39.899
"前门" 20160508 78.5217391304348 91.875 0.8 66.1666666666667 68 19.875 "交通污染监控点" 116.395 39.899
"前门" 20160925 190.833333333333 237.083333333333 1.7 77.3333333333333 72.8333333333333 5.20833333333333 "交通污染监控点" 116.395 39.899
"前门" 20161115 46.125 45.75 1.42916666666667 83.8333333333333 11.0833333333333 14 "交通污染监控点" 116.395 39.899
"前门" 20160917 43.7083333333333 113.583333333333 0.916666666666667 55.25 38.2916666666667 3.5 "交通污染监控点" 116.395 39.899
"前门" 20160720 42.9473684210526 110.263157894737 0.815789473684211 27.3684210526316 50.4210526315789 2 "交通污染监控点" 116.395 39.899
"前门" 20160529 40.6363636363636 72.125 0.495833333333333 52.8333333333333 89.4583333333333 6.125 "交通污染监控点" 116.395 39.899
"前门" 20160216 6.8695652173913 49.1666666666667 0.3125 19.5833333333333 65.2916666666667 3.41666666666667 "交通污染监控点" 116.395 39.899
"前门" 20161129 102.791666666667 119.583333333333 2.64166666666667 96.625 2.04166666666667 27.375 "交通污染监控点" 116.395 39.899
"前门" 20160605 105.458333333333 141 0.908333333333333 57.9166666666667 107.666666666667 14.8333333333333 "交通污染监控点" 116.395 39.899
"前门" 20160407 184.2 207.041666666667 1.23333333333333 56.3333333333333 53.375 6.58333333333333 "交通污染监控点" 116.395 39.899
"前门" 20161015 189.277777777778 273.222222222222 2.22777777777778 120.111111111111 3.11111111111111 5.66666666666667 "交通污染监控点" 116.395 39.899
"前门" 20160215 8.16666666666667 26.5416666666667 0.3375 14.2083333333333 66.0833333333333 3.54166666666667 "交通污染监控点" 116.395 39.899
"前门" 20161022 18.75 48.625 0.7 48.1363636363636 13.0909090909091 2.52380952380952 "交通污染监控点" 116.395 39.899
"前门" 20160626 40.875 66.5416666666667 0.520833333333333 72.1666666666667 98.1666666666667 12.4583333333333 "交通污染监控点" 116.395 39.899
"前门" 20161220 421.583333333333 405.782608695652 8.84166666666667 158.291666666667 2.91304347826087 7.91666666666667 "交通污染监控点" 116.395 39.899
"前门" 20160428 91.8333333333333 132.666666666667 1.1 80.0555555555556 62.1666666666667 7.61111111111111 "交通污染监控点" 116.395 39.899
"前门" 20160831 21.6086956521739 59.4782608695652 0.456521739130435 54.6521739130435 61.9565217391304 2.39130434782609 "交通污染监控点" 116.395 39.899
"前门" 20160520 97.1666666666667 118.75 1.09583333333333 84.4583333333333 112.583333333333 19.7916666666667 "交通污染监控点" 116.395 39.899
"前门" 20160725 46.2307692307692 100.9 0.943478260869565 47.2173913043478 63.2608695652174 2.04347826086957 "交通污染监控点" 116.395 39.899
"前门" 20160115 117.791666666667 148.666666666667 2.8125 101.5 7.375 38.625 "交通污染监控点" 116.395 39.899
"前门" 20160307 39.1666666666667 126.416666666667 0.979166666666667 44.1666666666667 46.0833333333333 13.6666666666667 "交通污染监控点" 116.395 39.899
"前门" 20160314 82.8695652173913 80 1.27826086956522 78.7391304347826 24.5652173913043 19.6086956521739 "交通污染监控点" 116.395 39.899
"前门" 20160519 87.7916666666667 113.583333333333 0.816666666666667 68.75 142.333333333333 16.25 "交通污染监控点" 116.395 39.899
"前门" 20160724 73.7647058823529 144.294117647059 1.08260869565217 56.1304347826087 82.3478260869565 2 "交通污染监控点" 116.395 39.899
"前门" 20160321 134.791666666667 135.083333333333 1.3 109.125 44.4166666666667 23.25 "交通污染监控点" 116.395 39.899
"前门" 20160205 11.4583333333333 25.4166666666667 0.3625 17.625 64.2083333333333 5.45833333333333 "交通污染监控点" 116.395 39.899
"前门" 20160807 25.1304347826087 81.35 0.656521739130435 43.1304347826087 79.6086956521739 2.04347826086957 "交通污染监控点" 116.395 39.899
"前门" 20160609 100.190476190476 188.6 1.12380952380952 60.9047619047619 111.285714285714 4.47619047619048 "交通污染监控点" 116.395 39.899
"前门" 20160411 44.304347826087 100 0.573913043478261 46.5217391304348 44.9565217391304 9.95652173913044 "交通污染监控点" 116.395 39.899
"前门" 20160616 28.3636363636364 50.4166666666667 0.65 81.0416666666667 55.9166666666667 2.34782608695652 "交通污染监控点" 116.395 39.899
"前门" 20160204 11.625 38 0.395833333333333 22.9166666666667 59.375 6.58333333333333 "交通污染监控点" 116.395 39.899
"前门" 20161026 51.4761904761905 122.631578947368 0.976190476190476 69.3333333333333 17.6666666666667 3.95238095238095 "交通污染监控点" 116.395 39.899
"前门" 20160630 75.304347826087 129.217391304348 0.691304347826087 61.5217391304348 101.478260869565 2 "交通污染监控点" 116.395 39.899
"前门" 20161224 133.291666666667 119.166666666667 2.6 102.583333333333 4.95652173913043 26.6666666666667 "交通污染监控点" 116.395 39.899
"前门" 20160502 36.4583333333333 146.291666666667 0.3625 26.7916666666667 62.25 3.45833333333333 "交通污染监控点" 116.395 39.899
"前门" 20160509 33.5416666666667 84.4583333333333 0.533333333333333 53.4583333333333 52.4166666666667 7.58333333333333 "交通污染监控点" 116.395 39.899
"前门" 20160218 15.4583333333333 55.0833333333333 0.395833333333333 21.25 66 5.33333333333333 "交通污染监控点" 116.395 39.899
"前门" 20161116 110.434782608696 116.227272727273 2.43478260869565 117.434782608696 7.59090909090909 16.8260869565217 "交通污染监控点" 116.395 39.899
"前门" 20160918 23.5652173913043 45.4761904761905 0.678260869565217 46.8260869565217 16.2608695652174 2 "交通污染监控点" 116.395 39.899
"前门" 20160721 26.7916666666667 28.6666666666667 0.916666666666667 40.5416666666667 34.9166666666667 3.375 "交通污染监控点" 116.395 39.899
"前门" 20160530 101 97.0833333333333 1.18333333333333 76.875 120.041666666667 17.375 "交通污染监控点" 116.395 39.899
"前门" 20160217 48.9166666666667 47 1.1125 63 27 18.2916666666667 "交通污染监控点" 116.395 39.899
"前门" 20161130 96.9166666666667 148 2.25833333333333 83.25 20.7391304347826 17.9583333333333 "交通污染监控点" 116.395 39.899
"前门" 20160606 116.235294117647 134.083333333333 0.925 54.9583333333333 119.416666666667 9.58333333333333 "交通污染监控点" 116.395 39.899
"前门" 20160408 39.4375 81 0.35 44.5 64.7083333333333 4.79166666666667 "交通污染监控点" 116.395 39.899
"前门" 20161016 119.125 202.75 1.04166666666667 80.0416666666667 20.5833333333333 4.04166666666667 "交通污染监控点" 116.395 39.899
"前门" 20160902 13.1666666666667 37.4166666666667 0.420833333333333 37.2916666666667 31.125 2 "交通污染监控点" 116.395 39.899
"前门" 20161023 34.9166666666667 43 0.754166666666667 71.3333333333333 15.75 5.08333333333333 "交通污染监控点" 116.395 39.899
"前门" 20160627 56.4583333333333 76.625 0.729166666666667 63.9166666666667 103.916666666667 6.875 "交通污染监控点" 116.395 39.899
"前门" 20161221 418.541666666667 435.916666666667 8.69166666666667 178.875 2.83333333333333 10.875 "交通污染监控点" 116.395 39.899
"前门" 20160429 121.380952380952 104.285714285714 1.37619047619048 91.5714285714286 67.2380952380952 19.0952380952381 "交通污染监控点" 116.395 39.899
"前门" 20160901 9.60869565217391 36.7391304347826 0.291304347826087 36.6086956521739 51.7826086956522 2.33333333333333 "交通污染监控点" 116.395 39.899
"前门" 20160521 84.6666666666667 129.458333333333 0.920833333333333 78.25 104.875 19.0833333333333 "交通污染监控点" 116.395 39.899
"前门" 20160726 20.625 43.875 0.6 41.5416666666667 93.5416666666667 2 "交通污染监控点" 116.395 39.899
"前门" 20160116 126.541666666667 155.291666666667 2.42916666666667 74.125 3.91666666666667 46.8333333333333 "交通污染监控点" 116.395 39.899
"前门" 20160308 11.7222222222222 35.1428571428571 0.283333333333333 19.5 62.8888888888889 2 "交通污染监控点" 116.395 39.899
"前门" 20160315 142.590909090909 136 1.49545454545455 91.2727272727273 19.9545454545455 50.7727272727273 "交通污染监控点" 116.395 39.899
"前门" 20160611 12.695652173913 48.1739130434783 0.38695652173913 43.6086956521739 66.304347826087 2 "交通污染监控点" 116.395 39.899
"前门" 20160413 128.791666666667 155.416666666667 1.025 55.3333333333333 46.125 9.625 "交通污染监控点" 116.395 39.899
"前门" 20160322 118.208333333333 187.583333333333 1.55833333333333 103.125 21.3333333333333 29.7916666666667 "交通污染监控点" 116.395 39.899
"前门" 20160206 37.8333333333333 38.75 0.845833333333333 50 36.5 15.5416666666667 "交通污染监控点" 116.395 39.899
"前门" 20160808 40.3888888888889 51.1764705882353 0.833333333333333 47.8333333333333 67.4444444444444 2.16666666666667 "交通污染监控点" 116.395 39.899
"前门" 20160610 53 98.4583333333333 0.683333333333333 35.2083333333333 107.75 2 "交通污染监控点" 116.395 39.899
"前门" 20160412 79.3333333333333 86.7916666666667 0.820833333333333 36.25 23.625 7.29166666666667 "交通污染监控点" 116.395 39.899
"前门" 20160617 22.9166666666667 65.2916666666667 0.55 66.5416666666667 47.5416666666667 3.79166666666667 "交通污染监控点" 116.395 39.899
"前门" 20160220 15.7083333333333 30.7391304347826 0.3875 25.8333333333333 58.4166666666667 6.20833333333333 "交通污染监控点" 116.395 39.899
"前门" 20160419 95.0526315789474 92.4705882352941 1.51578947368421 80.6315789473684 20.3684210526316 22.9473684210526 "交通污染监控点" 116.395 39.899
"前门" 20160701 17.0416666666667 67.25 0.4 49.7083333333333 80.625 2 "交通污染监控点" 116.395 39.899
"前门" 20161225 173.307692307692 202.692307692308 3.10769230769231 122.153846153846 2.30769230769231 32.6153846153846 "交通污染监控点" 116.395 39.899
"前门" 20160503 21.7083333333333 75.5833333333333 0.358333333333333 38.25 53.8333333333333 2.45833333333333 "交通污染监控点" 116.395 39.899
"前门" 20160510 46.2 61.75 0.575 60.9583333333333 73.2916666666667 4.125 "交通污染监控点" 116.395 39.899
"前门" 20160219 13.8333333333333 32.7083333333333 0.4625 30.4166666666667 50.3333333333333 3.91666666666667 "交通污染监控点" 116.395 39.899
"前门" 20160715 36.3333333333333 62.375 0.704166666666667 46.2083333333333 58.1666666666667 2 "交通污染监控点" 116.395 39.899
"前门" 20160517 65.375 83.3333333333333 0.716666666666667 81.625 95.8333333333333 11.4166666666667 "交通污染监控点" 116.395 39.899
"前门" 20160410 63.4583333333333 154.208333333333 0.925 54.9583333333333 51.625 18.5416666666667 "交通污染监控点" 116.395 39.899
"前门" 20160813 28 55.0416666666667 0.7875 55.3333333333333 25.9583333333333 2.20833333333333 "交通污染监控点" 116.395 39.899
"前门" 20160904 74.8333333333333 80.0416666666667 1.05 77.6666666666667 82.3333333333333 5.41666666666667 "交通污染监控点" 116.395 39.899
"前门" 20161201 36.6666666666667 73.7083333333333 0.779166666666667 65.7916666666667 34.0833333333333 8.70833333333333 "交通污染监控点" 116.395 39.899
"前门" 20160607 43.9583333333333 111.5 0.908333333333333 44.4583333333333 85.5416666666667 2.25 "交通污染监控点" 116.395 39.899
"前门" 20160409 77.0833333333333 129.625 0.833333333333333 74.9583333333333 40.9583333333333 14.125 "交通污染监控点" 116.395 39.899
"前门" 20160812 88.2666666666667 118 0.993333333333333 58.8666666666667 37.6 2.6 "交通污染监控点" 116.395 39.899
"前门" 20160903 23.4583333333333 39.7083333333333 0.525 57.625 63.1666666666667 2 "交通污染监控点" 116.395 39.899
"前门" 20160423 18.7083333333333 54.9583333333333 0.3875 48.25 51.9166666666667 3.45833333333333 "交通污染监控点" 116.395 39.899
"前门" 20160621 98.2083333333333 113.416666666667 0.991666666666667 53.4583333333333 126.416666666667 2.125 "交通污染监控点" 116.395 39.899
"前门" 20160224 30.7083333333333 39.7083333333333 0.808333333333333 43.4583333333333 41.25 9.75 "交通污染监控点" 116.395 39.899
"前门" 20160310 10.375 34.875 0.320833333333333 17.5833333333333 63.3333333333333 2.91666666666667 "交通污染监控点" 116.395 39.899
"前门" 20160317 282.458333333333 314.125 2.40416666666667 137.166666666667 34.5 35.0833333333333 "交通污染监控点" 116.395 39.899
"前门" 20160522 61.6666666666667 93.5416666666667 0.695833333333333 84.4583333333333 100 10.5416666666667 "交通污染监控点" 116.395 39.899
"前门" 20160727 63.625 73.0833333333333 0.933333333333333 58.0833333333333 109.833333333333 2 "交通污染监控点" 116.395 39.899
"前门" 20160117 38.9583333333333 119.875 0.591666666666667 27.375 46.125 5.625 "交通污染监控点" 116.395 39.899
"前门" 20160309 10.75 23.2727272727273 0.2875 15.6666666666667 62.375 2.95833333333333 "交通污染监控点" 116.395 39.899
"前门" 20160316 242.739130434783 242.875 2.22916666666667 111.434782608696 39.125 40.625 "交通污染监控点" 116.395 39.899
"前门" 20160612 67.8333333333333 69.625 0.991666666666667 60.5833333333333 103.25 6.16666666666667 "交通污染监控点" 116.395 39.899
"前门" 20160414 33.0952380952381 104.318181818182 0.373913043478261 39.1304347826087 68.4347826086957 3.21739130434783 "交通污染监控点" 116.395 39.899
"前门" 20160323 21.7083333333333 97.6666666666667 0.3625 38 56.7083333333333 4.29166666666667 "交通污染监控点" 116.395 39.899
"前门" 20160207 39.9166666666667 67.5833333333333 0.866666666666667 46.1666666666667 40.875 16.5 "交通污染监控点" 116.395 39.899
"前门" 20160809 56.4 70.6 1.35333333333333 59.3333333333333 127.866666666667 8 "交通污染监控点" 116.395 39.899
"前门" 20160703 84.5 85.625 1.07083333333333 76.2083333333333 98.5833333333333 9.5 "交通污染监控点" 116.395 39.899
"前门" 20160330 31.5 63.1666666666667 0.525 54.4166666666667 58.7916666666667 10.4583333333333 "交通污染监控点" 116.395 39.899
"前门" 20160618 42.875 67.3333333333333 0.7375 74.4166666666667 88.2916666666667 6.75 "交通污染监控点" 116.395 39.899
"前门" 20160221 87.375 70.3333333333333 1.62083333333333 69.25 19.25 28.25 "交通污染监控点" 116.395 39.899
"前门" 20160420 71.2380952380952 109.4375 0.819047619047619 56.2380952380952 62.3333333333333 9.38095238095238 "交通污染监控点" 116.395 39.899
"前门" 20160702 48 63.0416666666667 0.695833333333333 84.375 72.4583333333333 2.29166666666667 "交通污染监控点" 116.395 39.899
"前门" 20161226 53.9565217391304 160.260869565217 1.08571428571429 66.3809523809524 24.7272727272727 16.8695652173913 "交通污染监控点" 116.395 39.899
"前门" 20160504 42.8181818181818 67.5833333333333 0.583333333333333 80.4166666666667 44.9583333333333 5.75 "交通污染监控点" 116.395 39.899
"前门" 20160511 166.875 147.083333333333 1.1 64.8333333333333 105.5 15.5416666666667 "交通污染监控点" 116.395 39.899
"前门" 20160709 75 107.625 0.854166666666667 55.9166666666667 89.6666666666667 4.58333333333333 "交通污染监控点" 116.395 39.899
"前门" 20160716 40.7916666666667 51.5416666666667 0.775 51.8333333333333 60.5833333333333 2.45833333333333 "交通污染监控点" 116.395 39.899
"前门" 20160518 72.3333333333333 94.375 0.595833333333333 60.75 110.125 9.875 "交通污染监控点" 116.395 39.899
"前门" 20160227 22.3333333333333 53.2916666666667 0.604166666666667 42.9583333333333 42.0833333333333 9.83333333333333 "交通污染监控点" 116.395 39.899
"前门" 20160814 30.2083333333333 50.75 0.75 76.0833333333333 68.3333333333333 4.54166666666667 "交通污染监控点" 116.395 39.899
"前门" 20160708 85.6666666666667 122.333333333333 1.24583333333333 61.5416666666667 89.5 3.75 "交通污染监控点" 116.395 39.899
"前门" 20161202 122.416666666667 106.958333333333 2.1 106.5 7.26086956521739 25.4583333333333 "交通污染监控点" 116.395 39.899
"前门" 20160608 139.708333333333 121.916666666667 1.39166666666667 59.1666666666667 105.75 2.20833333333333 "交通污染监控点" 116.395 39.899
"前门" 20160226 36 45.4166666666667 0.754166666666667 43.875 44.8333333333333 14.125 "交通污染监控点" 116.395 39.899
"前门" 20160211 146.166666666667 182.583333333333 2.74166666666667 75.125 6.91666666666667 46.5 "交通污染监控点" 116.395 39.899
"前门" 20161209 27.4347826086957 57.7619047619048 0.65 55.1304347826087 31.4347826086957 9.65217391304348 "交通污染监控点" 116.395 39.899
"前门" 20160424 86.6666666666667 78.2916666666667 0.945833333333333 71.6666666666667 59.3333333333333 26.5 "交通污染监控点" 116.395 39.899
"前门" 20160622 52.75 96.75 0.716666666666667 54.5 114.25 2.04166666666667 "交通污染监控点" 116.395 39.899
"前门" 20160225 22.7083333333333 43.3333333333333 0.7125 41.5416666666667 42.0416666666667 8.20833333333333 "交通污染监控点" 116.395 39.899
"前门" 20160311 19.75 52.25 0.516666666666667 44.2083333333333 44.5833333333333 7.5 "交通污染监控点" 116.395 39.899
"前门" 20160318 197.583333333333 337.541666666667 1.5875 98.2083333333333 52.4166666666667 14.0833333333333 "交通污染监控点" 116.395 39.899
"前门" 20160523 99.9047619047619 107.875 1.0125 70 80.0833333333333 20.4583333333333 "交通污染监控点" 116.395 39.899
"前门" 20160728 57.625 72.125 0.841666666666667 54.2916666666667 87.5416666666667 2 "交通污染监控点" 116.395 39.899
"前门" 20160118 10.7727272727273 34.2083333333333 0.3 19.75 52.125 2.04166666666667 "交通污染监控点" 116.395 39.899
"前门" 20160209 45.2083333333333 94.4583333333333 1.2875 60.5 30 22.7916666666667 "交通污染监控点" 116.395 39.899
"前门" 20160811 84.875 111.875 0.991666666666667 47.7826086956522 87.2916666666667 6 "交通污染监控点" 116.395 39.899
"前门" 20160613 52.0416666666667 76.7083333333333 0.7125 43.625 80 2.70833333333333 "交通污染监控点" 116.395 39.899
"前门" 20160415 50.1 67.6 1.2 81.3 11.4 18.5 "交通污染监控点" 116.395 39.899
"前门" 20160324 15.5833333333333 30.3333333333333 0.283333333333333 43.25 54.9166666666667 2.25 "交通污染监控点" 116.395 39.899
"前门" 20160208 269.375 281.291666666667 1.10416666666667 49.125 40.1666666666667 76.4583333333333 "交通污染监控点" 116.395 39.899
"前门" 20160810 84.4545454545455 98.15 0.954545454545455 52.5909090909091 90.6363636363636 3.54545454545455 "交通污染监控点" 116.395 39.899
"前门" 20160704 136.75 168.708333333333 1.29166666666667 60.2083333333333 104.541666666667 4.79166666666667 "交通污染监控点" 116.395 39.899
"前门" 20160331 156.333333333333 136.208333333333 1.52083333333333 104.041666666667 47.4166666666667 38.8333333333333 "交通污染监控点" 116.395 39.899
"前门" 20160619 64.0416666666667 81.625 0.833333333333333 64.7916666666667 126.625 5.54166666666667 "交通污染监控点" 116.395 39.899
"前门" 20160222 69.0416666666667 126.260869565217 1.15416666666667 45.2083333333333 41.4166666666667 16.4166666666667 "交通污染监控点" 116.395 39.899
"前门" 20160421 97.5909090909091 118.590909090909 1.01363636363636 81.1363636363636 53.5454545454545 7.77272727272727 "交通污染监控点" 116.395 39.899
"前门" 20161205 42.6666666666667 193.95652173913 0.995833333333333 57.3333333333333 28.5416666666667 10.3333333333333 "交通污染监控点" 116.395 39.899
"前门" 20160824 81.375 103.458333333333 1.14583333333333 78.2083333333333 70.3333333333333 5.375 "交通污染监控点" 116.395 39.899
"前门" 20160425 85.1111111111111 118.5 0.683333333333333 53.5555555555556 83.3333333333333 13.3888888888889 "交通污染监控点" 116.395 39.899
"前门" 20160512 51.2777777777778 172.291666666667 0.508333333333333 34.2083333333333 58.625 2.125 "交通污染监控点" 116.395 39.899
"前门" 20160710 79.7916666666667 116.652173913043 0.845833333333333 51.0416666666667 96.625 5.08333333333333 "交通污染监控点" 116.395 39.899
"前门" 20161204 319.583333333333 394.041666666667 4.30833333333333 133.083333333333 6.60869565217391 17.75 "交通污染监控点" 116.395 39.899
"前门" 20160329 24.3478260869565 103.666666666667 0.395652173913043 49.304347826087 62.304347826087 6.73913043478261 "交通污染监控点" 116.395 39.899
"前门" 20160228 35.2083333333333 52.8333333333333 0.833333333333333 36.9166666666667 41.5416666666667 7.91666666666667 "交通污染监控点" 116.395 39.899
"前门" 20160815 28.5652173913043 69.625 0.716666666666667 65.2608695652174 56.2083333333333 2.58333333333333 "交通污染监控点" 116.395 39.899
"前门" 20161211 193 158.173913043478 3.325 124.708333333333 3.79166666666667 35.5416666666667 "交通污染监控点" 116.395 39.899
"前门" 20161203 239.291666666667 208.791666666667 3.67083333333333 137.708333333333 3.75 27.0416666666667 "交通污染监控点" 116.395 39.899
"前门" 20160328 82.5416666666667 90.2916666666667 0.8375 88.75 34.2916666666667 22.625 "交通污染监控点" 116.395 39.899
"前门" 20160313 31.9565217391304 103.083333333333 0.595833333333333 41.1666666666667 54.9166666666667 8.16666666666667 "交通污染监控点" 116.395 39.899
"前门" 20160416 7.33333333333333 72.4444444444444 0.233333333333333 21.2222222222222 68.6666666666667 2 "交通污染监控点" 116.395 39.899
"前门" 20161210 54.625 63.125 1.375 82.9583333333333 8.39130434782609 15.3333333333333 "交通污染监控点" 116.395 39.899
"前门" 20160515 40.7 71.6521739130435 0.61304347826087 39.4782608695652 41.304347826087 2.47826086956522 "交通污染监控点" 116.395 39.899
"前门" 20160623 73.3333333333333 89.9583333333333 1.19166666666667 63.7083333333333 88.625 5.75 "交通污染监控点" 116.395 39.899
"前门" 20160312 103.75 84.6666666666667 1.7125 93.5 15.7083333333333 44.875 "交通污染监控点" 116.395 39.899
"前门" 20161217 224.458333333333 239.5 3.25 125.5 3.83333333333333 30.625 "交通污染监控点" 116.395 39.899
"前门" 20160620 83.9583333333333 111.708333333333 1.1 57 147.708333333333 6.41666666666667 "交通污染监控点" 116.395 39.899
"前门" 20160403 19.8333333333333 30.0833333333333 0.2625 32.2916666666667 69.3333333333333 2.20833333333333 "交通污染监控点" 116.395 39.899
"前门" 20160729 131.166666666667 137.666666666667 1.42916666666667 57.7916666666667 108.166666666667 2.375 "交通污染监控点" 116.395 39.899
"前门" 20160119 67.5 59.5 1.51666666666667 74.9166666666667 10.0416666666667 23 "交通污染监控点" 116.395 39.899
"前门" 20160210 96.9166666666667 93.0416666666667 2.55416666666667 82.25 11.5416666666667 54.5 "交通污染监控点" 116.395 39.899
"前门" 20161208 103.5 204.521739130435 1.87083333333333 71.125 34.5652173913044 12.2083333333333 "交通污染监控点" 116.395 39.899
"前门" 20160402 9.20833333333333 47.625 0.2125 20.6666666666667 71.7083333333333 2 "交通污染监控点" 116.395 39.899
"前门" 20160711 82.3181818181818 97.7083333333333 0.775 52.6666666666667 100.708333333333 9.54166666666667 "交通污染监控点" 116.395 39.899
"前门" 20160325 20.6818181818182 38.3809523809524 0.418181818181818 50.2727272727273 53.5 2.90909090909091 "交通污染监控点" 116.395 39.899
"前门" 20160802 73.6190476190476 120.368421052632 1.34285714285714 61.4 78.0476190476191 2.04761904761905 "交通污染监控点" 116.395 39.899
"前门" 20160713 24.375 48.75 0.558333333333333 52.3333333333333 84.6666666666667 2 "交通污染监控点" 116.395 39.899
"前门" 20160705 96 140.958333333333 1.0125 59.3333333333333 113.041666666667 5 "交通污染监控点" 116.395 39.899
"前门" 20160401 37.7083333333333 157.916666666667 0.391666666666667 39.7083333333333 63 6.5 "交通污染监控点" 116.395 39.899
"前门" 20160804 107.375 116.208333333333 1.50833333333333 57.375 120.25 3.125 "交通污染监控点" 116.395 39.899
"前门" 20160223 14 42.5 0.341666666666667 16.0833333333333 67.8333333333333 4.625 "交通污染监控点" 116.395 39.899
"前门" 20160422 26.625 99.125 0.270833333333333 21.9166666666667 84.6666666666667 2.04166666666667 "交通污染监控点" 116.395 39.899
"前门" 20161206 95.9565217391304 70.4782608695652 2.30869565217391 112.391304347826 3.86363636363636 22.5652173913043 "交通污染监控点" 116.395 39.899
"前门" 20160825 24.1666666666667 78.9166666666667 0.429166666666667 38.4583333333333 59.75 2.625 "交通污染监控点" 116.395 39.899
"前门" 20160516 28.0869565217391 64.0869565217391 0.534782608695652 63 53.1304347826087 3.17391304347826 "交通污染监控点" 116.395 39.899
"前门" 20160513 35.7916666666667 63.9583333333333 0.808333333333333 63.625 47.25 3.79166666666667 "交通污染监控点" 116.395 39.899
"前门" 20160706 65.8260869565217 103.791666666667 0.9375 61.0833333333333 123.125 5.58333333333333 "交通污染监控点" 116.395 39.899
"前门" 20161213 57.9565217391304 182 1.16086956521739 69.5217391304348 22.9565217391304 9.78260869565217 "交通污染监控点" 116.395 39.899
"前门" 20160819 23.75 61.0833333333333 1.01666666666667 41.5833333333333 70.3333333333333 2 "交通污染监控点" 116.395 39.899
"前门" 20161215 31.625 63.9583333333333 0.904166666666667 57.25 27.6666666666667 10.125 "交通污染监控点" 116.395 39.899
"前门" 20160816 28.7916666666667 43.5 0.641666666666667 55.25 72.7916666666667 2 "交通污染监控点" 116.395 39.899
"前门" 20161212 224.421052631579 266.947368421053 2.86315789473684 121.894736842105 3.77777777777778 43.8421052631579 "交通污染监控点" 116.395 39.899
"前门" 20160821 61.375 98.9583333333333 1.09583333333333 73.9166666666667 122.458333333333 2.08333333333333 "交通污染监控点" 116.395 39.899
"前门" 20160823 67.625 70.6666666666667 0.929166666666667 66.695652173913 83 6.5 "交通污染监控点" 116.395 39.899
"前门" 20160707 107.458333333333 116.333333333333 1.35 63.375 126.75 6.70833333333333 "交通污染监控点" 116.395 39.899
"前门" 20160417 10.7083333333333 39.1904761904762 0.245833333333333 20.5416666666667 79.4583333333333 2 "交通污染监控点" 116.395 39.899
"前门" 20160326 15.0833333333333 40.6666666666667 0.35 30.7916666666667 67.9583333333333 2.16666666666667 "交通污染监控点" 116.395 39.899
"前门" 20160803 69.8571428571429 101.111111111111 1.05714285714286 58.3684210526316 139.190476190476 2.19047619047619 "交通污染监控点" 116.395 39.899
"前门" 20160822 48.5416666666667 80.0416666666667 1.0125 65.9583333333333 94.9583333333333 4.41666666666667 "交通污染监控点" 116.395 39.899
"前门" 20160817 66.6666666666667 62.4166666666667 1.09583333333333 82.375 32.1666666666667 3.16666666666667 "交通污染监控点" 116.395 39.899
"前门" 20160805 67.3333333333333 113.125 0.929166666666667 49.6666666666667 83.4166666666667 2.25 "交通污染监控点" 116.395 39.899
"前门" 20161214 31.3636363636364 38.375 0.725 58.4166666666667 27.2173913043478 9.875 "交通污染监控点" 116.395 39.899
"前门" 20160820 63.9130434782609 72.0869565217391 1.2695652173913 68.304347826087 105.608695652174 2 "交通污染监控点" 116.395 39.899
"前门" 20160730 143.65 190.210526315789 1.665 52.1 65.95 2 "交通污染监控点" 116.395 39.899
"前门" 20160327 19.625 40.4166666666667 0.404166666666667 57.2916666666667 46.4583333333333 4.45833333333333 "交通污染监控点" 116.395 39.899
"前门" 20161207 147.347826086957 169.869565217391 3.06521739130435 128.652173913043 3.95652173913043 26.1739130434783 "交通污染监控点" 116.395 39.899
"前门" 20160418 13.5 31.7222222222222 0.3 31.2 72.35 2.35 "交通污染监控点" 116.395 39.899
"前门" 20160514 48 64.8333333333333 0.633333333333333 56.5 39.1666666666667 2.375 "交通污染监控点" 116.395 39.899
"前门" 20160712 35.25 87.4583333333333 0.633333333333333 48.2916666666667 63.9583333333333 5.70833333333333 "交通污染监控点" 116.395 39.899
"前门" 20160806 108.782608695652 124.428571428571 1.00434782608696 58.6086956521739 92.4347826086957 3.95652173913043 "交通污染监控点" 116.395 39.899
"前门" 20160818 86.25 118.95 1.78 54.6 30.5 2 "交通污染监控点" 116.395 39.899
"前门" 20160714 33.5833333333333 58.375 0.9125 73.5 69.9166666666667 2.79166666666667 "交通污染监控点" 116.395 39.899
"前门" 20160731 69.8333333333333 126.5 1.32083333333333 47.4166666666667 67.125 2.33333333333333 "交通污染监控点" 116.395 39.899
"前门" 20160801 80.75 99.7916666666667 1.4 44.9583333333333 88.7083333333333 2.16666666666667 "交通污染监控点" 116.395 39.899
"前门" 20161216 173.291666666667 114.416666666667 2.54583333333333 122.458333333333 4.91304347826087 26.3333333333333 "交通污染监控点" 116.395 39.899
