"云岗" 20160705 97.7916666666667 133.958333333333 0.958333333333333 31.75 130.833333333333 2 "城区环境评价点" 116.146 39.824
"云岗" 20161024 62.7916666666667 67.2083333333333 1.15833333333333 61.25 2.16666666666667 2.45833333333333 "城区环境评价点" 116.146 39.824
"云岗" 20161007 36.5833333333333 70.125 1.54166666666667 44.25 11.5416666666667 2 "城区环境评价点" 116.146 39.824
"云岗" 20160707 110.375 119.041666666667 1.22083333333333 35.5416666666667 160.875 2.20833333333333 "城区环境评价点" 116.146 39.824
"云岗" 20161127 51.2083333333333 247.5 1.05416666666667 43.7916666666667 36.5416666666667 7.08333333333333 "城区环境评价点" 116.146 39.824
"云岗" 20161006 72.8333333333333 98.4166666666667 1.6125 56 4.33333333333333 2.29166666666667 "城区环境评价点" 116.146 39.824
"云岗" 20161029 26.0416666666667 45.25 0.6625 49.25 16.0833333333333 4.75 "城区环境评价点" 116.146 39.824
"云岗" 20161030 45.4583333333333 69.1666666666667 0.825 46.9166666666667 19.3333333333333 5.75 "城区环境评价点" 116.146 39.824
"云岗" 20160929 53.75 55.2083333333333 0.666666666666667 67.875 40.625 4.25 "城区环境评价点" 116.146 39.824
"云岗" 20161005 53.5416666666667 51.75 1.175 45.375 23.8333333333333 2 "城区环境评价点" 116.146 39.824
"云岗" 20160709 87.2916666666667 126.875 0.916666666666667 38.875 126 2 "城区环境评价点" 116.146 39.824
"云岗" 20160101 160.125 141.833333333333 3.1 97.5 7.29166666666667 24.75 "城区环境评价点" 116.146 39.824
"云岗" 20160322 116.916666666667 176.375 1.32083333333333 56.9583333333333 42.9166666666667 20.9166666666667 "城区环境评价点" 116.146 39.824
"云岗" 20161103 194.625 191.958333333333 2.59166666666667 106.666666666667 5.875 7.70833333333333 "城区环境评价点" 116.146 39.824
"云岗" 20160701 24.1363636363636 75.2083333333333 0.529166666666667 23.875 101.916666666667 2 "城区环境评价点" 116.146 39.824
"云岗" 20160130 71.8333333333333 76.6666666666667 1.77916666666667 46.8333333333333 18.9583333333333 24.75 "城区环境评价点" 116.146 39.824
"云岗" 20160926 60.0416666666667 139.130434782609 1.22083333333333 47.875 47.9166666666667 2 "城区环境评价点" 116.146 39.824
"云岗" 20161102 112.666666666667 108.166666666667 1.54166666666667 84.2916666666667 9.625 11.125 "城区环境评价点" 116.146 39.824
"云岗" 20160710 88.0416666666667 125.478260869565 0.9125 31 125 2 "城区环境评价点" 116.146 39.824
"云岗" 20161003 132.25 215.5 1.2125 71.2916666666667 50.2916666666667 2.625 "城区环境评价点" 116.146 39.824
"云岗" 20160624 17.7083333333333 75.7916666666667 0.445833333333333 27.7916666666667 73.9166666666667 2.04166666666667 "城区环境评价点" 116.146 39.824
"云岗" 20161020 93.75 232.666666666667 1.44166666666667 57.25 13.375 4.66666666666667 "城区环境评价点" 116.146 39.824
"云岗" 20160706 78.2916666666667 118.791666666667 0.916666666666667 36 139.083333333333 2.125 "城区环境评价点" 116.146 39.824
"云岗" 20161101 47.75 47.125 0.795833333333333 55.2916666666667 16.9583333333333 8 "城区环境评价点" 116.146 39.824
"云岗" 20160708 94.5 129.875 1.17916666666667 38.9166666666667 112.833333333333 2 "城区环境评价点" 116.146 39.824
"云岗" 20160106 46.2916666666667 86.9583333333333 1.19583333333333 37.25 28.75 17.5 "城区环境评价点" 116.146 39.824
"云岗" 20160628 69.125 85.2916666666667 0.729166666666667 26.625 66 2 "城区环境评价点" 116.146 39.824
"云岗" 20161009 29.9166666666667 45.875 0.654166666666667 53.6666666666667 12.75 3.41666666666667 "城区环境评价点" 116.146 39.824
"云岗" 20161031 7.75 39.7916666666667 0.283333333333333 19.625 41.8333333333333 3 "城区环境评价点" 116.146 39.824
"云岗" 20160302 163.583333333333 205.458333333333 2.17916666666667 98.2916666666667 30.5416666666667 36.9583333333333 "城区环境评价点" 116.146 39.824
"云岗" 20160722 72.6666666666667 76.0416666666667 0.995833333333333 37.625 72.4166666666667 2 "城区环境评价点" 116.146 39.824
"云岗" 20160524 30.3333333333333 59.8333333333333 0.3625 27.0416666666667 96.75 4.58333333333333 "城区环境评价点" 116.146 39.824
"云岗" 20161008 10.3333333333333 33.7083333333333 0.404166666666667 28.2083333333333 41.125 2 "城区环境评价点" 116.146 39.824
"云岗" 20160102 216.5 242.913043478261 3.38333333333333 120.666666666667 36.875 34.5416666666667 "城区环境评价点" 116.146 39.824
"云岗" 20161025 96.875 105.958333333333 1.4625 71.5833333333333 5.45833333333333 3.16666666666667 "城区环境评价点" 116.146 39.824
"云岗" 20160930 100.333333333333 106.458333333333 1.02916666666667 82.9583333333333 66.1666666666667 5.66666666666667 "城区环境评价点" 116.146 39.824
"云岗" 20160711 84.0833333333333 105.208333333333 0.804166666666667 32.9583333333333 113.333333333333 2 "城区环境评价点" 116.146 39.824
"云岗" 20160131 42.15 70.4583333333333 1.09583333333333 26.4583333333333 59.3333333333333 16.9166666666667 "城区环境评价点" 116.146 39.824
"云岗" 20161128 72.625 61.875 2.00833333333333 82.0416666666667 9.54166666666667 21.5833333333333 "城区环境评价点" 116.146 39.824
"云岗" 20160604 91.0833333333333 126.208333333333 0.841666666666667 38.1666666666667 153.166666666667 15.75 "城区环境评价点" 116.146 39.824
"云岗" 20160915 76.4166666666667 98.9583333333333 0.883333333333333 51.7083333333333 81.9166666666667 3.70833333333333 "城区环境评价点" 116.146 39.824
"云岗" 20160725 61.1538461538462 110.2 0.652173913043478 35.9130434782609 63.6086956521739 2.69565217391304 "城区环境评价点" 116.146 39.824
"云岗" 20160625 15.2916666666667 29.5 0.4 18 92.5833333333333 2.04166666666667 "城区环境评价点" 116.146 39.824
"云岗" 20161021 43.9166666666667 69.5833333333333 0.916666666666667 43.8333333333333 13.7083333333333 2 "城区环境评价点" 116.146 39.824
"云岗" 20160603 89.0416666666667 97.9583333333333 1.13333333333333 57.3333333333333 135.375 16.2083333333333 "城区环境评价点" 116.146 39.824
"云岗" 20160702 34.5416666666667 57.1666666666667 0.579166666666667 39.25 105.458333333333 2.08333333333333 "城区环境评价点" 116.146 39.824
"云岗" 20160928 16.25 30.4166666666667 0.4125 45.0833333333333 30.125 2.20833333333333 "城区环境评价点" 116.146 39.824
"云岗" 20160323 23.2608695652174 99.875 0.6375 34.4166666666667 50.9166666666667 4.16666666666667 "城区环境评价点" 116.146 39.824
"云岗" 20161104 251.458333333333 287.708333333333 3.37083333333333 123 5.79166666666667 5.66666666666667 "城区环境评价点" 116.146 39.824
"云岗" 20160617 23.125 39 0.541666666666667 34.7916666666667 71.75 2.625 "城区环境评价点" 116.146 39.824
"云岗" 20160313 28.2083333333333 104.666666666667 0.625 30 69.5416666666667 9.16666666666667 "城区环境评价点" 116.146 39.824
"云岗" 20160927 26.75 74 0.6375 25.125 40.4166666666667 2 "城区环境评价点" 116.146 39.824
"云岗" 20160723 136.666666666667 143.208333333333 1.10416666666667 39.2916666666667 87.75 2.25 "城区环境评价点" 116.146 39.824
"云岗" 20160525 25.1904761904762 48.1666666666667 0.304166666666667 18.9583333333333 114.458333333333 2.08333333333333 "城区环境评价点" 116.146 39.824
"云岗" 20161004 34.0833333333333 101.916666666667 0.929166666666667 36.4583333333333 21.4583333333333 2 "城区环境评价点" 116.146 39.824
"云岗" 20160312 115.333333333333 99.7916666666667 1.82916666666667 76.4583333333333 22.2916666666667 36.0416666666667 "城区环境评价点" 116.146 39.824
"云岗" 20161026 46.1428571428571 109.736842105263 0.857142857142857 52.6190476190476 19.7619047619048 3.19047619047619 "城区环境评价点" 116.146 39.824
"云岗" 20161011 114.791666666667 148.875 1.42083333333333 73.4583333333333 23.4583333333333 7 "城区环境评价点" 116.146 39.824
"云岗" 20160211 125.708333333333 148.166666666667 3.0125 59.4166666666667 14.4166666666667 31.5 "城区环境评价点" 116.146 39.824
"云岗" 20160919 11.7083333333333 27.875 0.3625 34.0416666666667 33.375 2 "城区环境评价点" 116.146 39.824
"云岗" 20160107 20.2916666666667 37.0434782608696 0.4875 20.875 49.1666666666667 11.0416666666667 "城区环境评价点" 116.146 39.824
"云岗" 20160629 111.545454545455 116.875 0.941666666666667 29.375 89.25 2 "城区环境评价点" 116.146 39.824
"云岗" 20161010 86.25 75.75 1.17083333333333 80.1666666666667 12.1666666666667 8.04166666666667 "城区环境评价点" 116.146 39.824
"云岗" 20160210 80.5 81.3333333333333 2.83333333333333 60.125 32.75 53.0416666666667 "城区环境评价点" 116.146 39.824
"云岗" 20160303 264.791666666667 241 3.40833333333333 121.958333333333 17.25 42.2916666666667 "城区环境评价点" 116.146 39.824
"云岗" 20161002 195.5 240.75 1.55 84.5 54.7916666666667 5.75 "城区环境评价点" 116.146 39.824
"云岗" 20160713 22.4347826086957 58.2608695652174 0.5 32 107.95652173913 2.04347826086957 "城区环境评价点" 116.146 39.824
"云岗" 20160224 28.0833333333333 35 1.075 29.75 50.0416666666667 11.4583333333333 "城区环境评价点" 116.146 39.824
"云岗" 20160103 264 325.083333333333 4.02083333333333 89.4583333333333 11.25 11.8333333333333 "城区环境评价点" 116.146 39.824
"云岗" 20160324 11.9583333333333 35.0833333333333 0.375 26.8333333333333 58.4583333333333 3.625 "城区环境评价点" 116.146 39.824
"云岗" 20161001 167.5 179.25 1.50833333333333 98.4166666666667 50.9583333333333 11.4583333333333 "城区环境评价点" 116.146 39.824
"云岗" 20160712 36.0416666666667 89.5 0.641666666666667 30.6666666666667 67.5833333333333 2.08333333333333 "城区环境评价点" 116.146 39.824
"云岗" 20160201 37.875 73.25 0.970833333333333 23.2083333333333 58.8333333333333 17.7916666666667 "城区环境评价点" 116.146 39.824
"云岗" 20161129 111.875 120.083333333333 3.3125 94.3333333333333 3.66666666666667 29.2916666666667 "城区环境评价点" 116.146 39.824
"云岗" 20160605 80.2083333333333 120.083333333333 0.829166666666667 44.125 143.625 12.375 "城区环境评价点" 116.146 39.824
"云岗" 20160916 134.708333333333 162.791666666667 1.2125 43 94.875 3.29166666666667 "城区环境评价点" 116.146 39.824
"云岗" 20160726 23.5555555555556 55 0.277777777777778 25.8888888888889 41.5555555555556 2.11111111111111 "城区环境评价点" 116.146 39.824
"云岗" 20160626 37.125 61.8333333333333 0.608333333333333 39.125 129.208333333333 5.04166666666667 "城区环境评价点" 116.146 39.824
"云岗" 20161022 15.2916666666667 42.25 0.604166666666667 33.4166666666667 15.2083333333333 2 "城区环境评价点" 116.146 39.824
"云岗" 20160619 58.5 86.3333333333333 0.779166666666667 44.5 140.416666666667 2.66666666666667 "城区环境评价点" 116.146 39.824
"云岗" 20160703 82.6666666666667 83.25 0.9125 43.25 138 3.79166666666667 "城区环境评价点" 116.146 39.824
"云岗" 20161014 237.75 244.791666666667 2.05416666666667 97.9166666666667 27.75 5.29166666666667 "城区环境评价点" 116.146 39.824
"云岗" 20160108 62.2916666666667 58.625 1.27083333333333 48.0416666666667 24.9583333333333 24.1666666666667 "城区环境评价点" 116.146 39.824
"云岗" 20161105 176.333333333333 267.391304347826 3.22916666666667 108.75 15.0833333333333 4.58333333333333 "城区环境评价点" 116.146 39.824
"云岗" 20160618 40.7916666666667 66.125 0.6875 44.0833333333333 117.666666666667 2.95833333333333 "城区环境评价点" 116.146 39.824
"云岗" 20160314 79.8260869565217 81.5652173913043 1.4 61.304347826087 35.1739130434783 21.5652173913043 "城区环境评价点" 116.146 39.824
"云岗" 20161013 149.166666666667 143.833333333333 1.5125 75.8333333333333 33.6666666666667 3.83333333333333 "城区环境评价点" 116.146 39.824
"云岗" 20160724 75.6315789473684 139.611111111111 0.795833333333333 36.75 95.5 2.41666666666667 "城区环境评价点" 116.146 39.824
"云岗" 20160526 32.5 50.625 0.291666666666667 24.7916666666667 109.083333333333 2.25 "城区环境评价点" 116.146 39.824
"云岗" 20160921 67.8333333333333 70.1666666666667 0.95 80.6666666666667 23.5416666666667 4.375 "城区环境评价点" 116.146 39.824
"云岗" 20160404 67.125 85.625 0.579166666666667 63.8333333333333 55.375 11.25 "城区环境评价点" 116.146 39.824
"云岗" 20161027 30.9166666666667 60.9583333333333 0.979166666666667 57.9166666666667 2.625 3.16666666666667 "城区环境评价点" 116.146 39.824
"云岗" 20161012 73.2916666666667 112.75 1.09583333333333 67.75 21.1666666666667 4.54166666666667 "城区环境评价点" 116.146 39.824
"云岗" 20160212 137.333333333333 163.625 2.6875 46.7083333333333 26.625 10.4166666666667 "城区环境评价点" 116.146 39.824
"云岗" 20160920 21.2083333333333 37.7083333333333 0.5625 48.2083333333333 42.0416666666667 2.125 "城区环境评价点" 116.146 39.824
"云岗" 20160403 21.1666666666667 54.7916666666667 0.3125 40.625 50.5833333333333 4.70833333333333 "城区环境评价点" 116.146 39.824
"云岗" 20160630 86 137.458333333333 0.9125 31.9583333333333 123.25 2 "城区环境评价点" 116.146 39.824
"云岗" 20160226 43.2083333333333 51.0833333333333 0.941666666666667 30.6666666666667 57.25 16.3333333333333 "城区环境评价点" 116.146 39.824
"云岗" 20160105 46.8333333333333 52.9166666666667 1.15 36.2083333333333 29.4583333333333 17.0833333333333 "城区环境评价点" 116.146 39.824
"云岗" 20160304 329.208333333333 376.833333333333 4.36666666666667 112.541666666667 11.5416666666667 35.2083333333333 "城区环境评价点" 116.146 39.824
"云岗" 20160402 6.45833333333333 70.9166666666667 0.225 34.1666666666667 48.9583333333333 2.5 "城区环境评价点" 116.146 39.824
"云岗" 20160714 37.0833333333333 57.4583333333333 0.808333333333333 47.6666666666667 85.0833333333333 2.58333333333333 "城区环境评价点" 116.146 39.824
"云岗" 20160225 28.0833333333333 52 0.820833333333333 24.625 50.8333333333333 11.125 "城区环境评价点" 116.146 39.824
"云岗" 20160104 79.2083333333333 216 1.19583333333333 35.5416666666667 29.875 11.375 "城区环境评价点" 116.146 39.824
"云岗" 20160325 18.1363636363636 48.1904761904762 0.454545454545455 42.2727272727273 51.4090909090909 3.68181818181818 "城区环境评价点" 116.146 39.824
"云岗" 20160918 22.7916666666667 50.6363636363636 0.595833333333333 32.4166666666667 23.5 2.04166666666667 "城区环境评价点" 116.146 39.824
"云岗" 20160728 49.125 66.7916666666667 0.425 24.8333333333333 96.2916666666667 2 "城区环境评价点" 116.146 39.824
"云岗" 20160202 45.1818181818182 62.0416666666667 1.575 51 42.2916666666667 31.4583333333333 "城区环境评价点" 116.146 39.824
"云岗" 20161130 111.541666666667 170.875 2.9625 78.2916666666667 19.8333333333333 20.75 "城区环境评价点" 116.146 39.824
"云岗" 20160606 90.5 111.958333333333 0.95 39.7916666666667 142.666666666667 6.375 "城区环境评价点" 116.146 39.824
"云岗" 20160917 46.5833333333333 117 0.854166666666667 41 39.7083333333333 2.95833333333333 "城区环境评价点" 116.146 39.824
"云岗" 20160727 56.4444444444444 93.7777777777778 0.5 18 177.333333333333 2 "城区环境评价点" 116.146 39.824
"云岗" 20160627 61.2916666666667 72.2916666666667 0.729166666666667 39.7083333333333 118.625 6.20833333333333 "城区环境评价点" 116.146 39.824
"云岗" 20161023 29.2083333333333 37.7083333333333 0.6375 47.875 16.8333333333333 2.95833333333333 "城区环境评价点" 116.146 39.824
"云岗" 20160620 86.2916666666667 108.625 1.02916666666667 31.0416666666667 147.166666666667 2.5 "城区环境评价点" 116.146 39.824
"云岗" 20160704 115.791666666667 149.291666666667 1.0625 34.875 129.958333333333 2 "城区环境评价点" 116.146 39.824
"云岗" 20161015 204.083333333333 284.375 1.94166666666667 90.9583333333333 2.29166666666667 3.20833333333333 "城区环境评价点" 116.146 39.824
"云岗" 20160109 82.2083333333333 95.25 1.89583333333333 78.375 12 32.0833333333333 "城区环境评价点" 116.146 39.824
"云岗" 20161106 73.7916666666667 160.5 1 54 26.5416666666667 8.33333333333333 "城区环境评价点" 116.146 39.824
"云岗" 20160718 118 132.625 1.20416666666667 65.75 78.8333333333333 2.875 "城区环境评价点" 116.146 39.824
"云岗" 20160315 155.55 143.6 1.775 73.8 30.9 53.85 "城区环境评价点" 116.146 39.824
"云岗" 20160229 42.0454545454545 47.7083333333333 1.09166666666667 37.875 41.0833333333333 16.5416666666667 "城区环境评价点" 116.146 39.824
"云岗" 20160520 95.8333333333333 123.708333333333 1.07083333333333 59.7083333333333 149.208333333333 18.4583333333333 "城区环境评价点" 116.146 39.824
"云岗" 20160527 58 66.4166666666667 0.616666666666667 39.3333333333333 122.291666666667 13.9166666666667 "城区环境评价点" 116.146 39.824
"云岗" 20160922 106.833333333333 119.375 1.15833333333333 68.75 51.2916666666667 6.45833333333333 "城区环境评价点" 116.146 39.824
"云岗" 20160405 113.208333333333 129.041666666667 0.920833333333333 66.5833333333333 65.2083333333333 14.6666666666667 "城区环境评价点" 116.146 39.824
"云岗" 20161028 10.375 40.75 0.445833333333333 32.7916666666667 29.6666666666667 2.08333333333333 "城区环境评价点" 116.146 39.824
"云岗" 20160412 75.4166666666667 84.3333333333333 0.8125 64.4583333333333 41.375 4.75 "城区环境评价点" 116.146 39.824
"云岗" 20160213 7.66666666666667 101.041666666667 0.416666666666667 7.625 63.8333333333333 5.33333333333333 "城区环境评价点" 116.146 39.824
"云岗" 20160220 13.6666666666667 30.6521739130435 0.608333333333333 18.75 67 6.29166666666667 "城区环境评价点" 116.146 39.824
"云岗" 20160419 73.7222222222222 67.1764705882353 1.37894736842105 69.4210526315789 37.5789473684211 20.4210526315789 "城区环境评价点" 116.146 39.824
"云岗" 20161218 227.541666666667 269.333333333333 3.52916666666667 108.791666666667 8.91666666666667 27.9166666666667 "城区环境评价点" 116.146 39.824
"云岗" 20160227 27.625 57.875 0.9375 36.375 38.625 13.7083333333333 "城区环境评价点" 116.146 39.824
"云岗" 20160503 16.5 58.4166666666667 0.295833333333333 21.0416666666667 84.3333333333333 2.04166666666667 "城区环境评价点" 116.146 39.824
"云岗" 20160305 71.2083333333333 310.666666666667 0.520833333333333 19.2083333333333 62.7916666666667 5.45833333333333 "城区环境评价点" 116.146 39.824
"云岗" 20160715 36.3333333333333 54.2916666666667 0.670833333333333 36.3333333333333 64.5416666666667 2 "城区环境评价点" 116.146 39.824
"云岗" 20160113 95.6666666666667 98.4583333333333 1.79166666666667 58.625 27.8333333333333 38.0416666666667 "城区环境评价点" 116.146 39.824
"云岗" 20160120 112.708333333333 134.791666666667 3.17916666666667 84.9565217391304 7 55.4583333333333 "城区环境评价点" 116.146 39.824
"云岗" 20160517 60 75.1666666666667 0.7125 56 127.083333333333 11.8333333333333 "城区环境评价点" 116.146 39.824
"云岗" 20160326 17.7142857142857 53.5714285714286 0.271428571428571 32.1428571428571 35.8571428571429 4.28571428571429 "城区环境评价点" 116.146 39.824
"云岗" 20160127 106.541666666667 99.9583333333333 2.2 69.4166666666667 22.9583333333333 58.0833333333333 "城区环境评价点" 116.146 39.824
"云岗" 20160729 111.166666666667 110.041666666667 0.891666666666667 26.9166666666667 129.541666666667 2.16666666666667 "城区环境评价点" 116.146 39.824
"云岗" 20160203 47.3333333333333 66.5 1.27916666666667 36.8333333333333 52.625 33.3333333333333 "城区环境评价点" 116.146 39.824
"云岗" 20161201 45.9166666666667 79.875 1.43333333333333 52.625 36.7083333333333 12.7083333333333 "城区环境评价点" 116.146 39.824
"云岗" 20160607 53.2916666666667 98.1666666666667 0.866666666666667 19.2083333333333 116.416666666667 2 "城区环境评价点" 116.146 39.824
"云岗" 20161017 64.625 113.708333333333 0.9625 62.5416666666667 21.25 3.375 "城区环境评价点" 116.146 39.824
"云岗" 20160614 37.1666666666667 64.7083333333333 0.679166666666667 22.625 75.625 2 "城区环境评价点" 116.146 39.824
"云岗" 20160423 22.0833333333333 62.1666666666667 0.383333333333333 34.0416666666667 69.2916666666667 3.16666666666667 "城区环境评价点" 116.146 39.824
"云岗" 20161215 40.1666666666667 65.5 1.10833333333333 48.75 30.75 14.75 "城区环境评价点" 116.146 39.824
"云岗" 20160621 79.3333333333333 105.916666666667 0.870833333333333 34.6666666666667 144.875 2 "城区环境评价点" 116.146 39.824
"云岗" 20161222 68.5416666666667 308.333333333333 1.5 41.25 45.1666666666667 7.83333333333333 "城区环境评价点" 116.146 39.824
"云岗" 20161016 111.458333333333 206.458333333333 0.945833333333333 59 24.9583333333333 4.08333333333333 "城区环境评价点" 116.146 39.824
"云岗" 20160110 57.2916666666667 102.130434782609 1.75 59.75 16.75 34.2916666666667 "城区环境评价点" 116.146 39.824
"云岗" 20161107 40.8333333333333 89.125 0.733333333333333 41.6666666666667 26.9166666666667 3.79166666666667 "城区环境评价点" 116.146 39.824
"云岗" 20160719 100.875 149.791666666667 1.29583333333333 51.375 40.0416666666667 2 "城区环境评价点" 116.146 39.824
"云岗" 20160316 248.541666666667 249.875 2.11666666666667 79.7083333333333 59.7083333333333 39.2916666666667 "城区环境评价点" 116.146 39.824
"云岗" 20160301 129.291666666667 114.75 2.15 75.5833333333333 28.75 31.875 "城区环境评价点" 116.146 39.824
"云岗" 20160521 98.0416666666667 135.375 0.983333333333333 52.2083333333333 141.833333333333 19.25 "城区环境评价点" 116.146 39.824
"云岗" 20160528 49.9583333333333 78.375 0.666666666666667 41 128.291666666667 11.5416666666667 "城区环境评价点" 116.146 39.824
"云岗" 20160923 107.541666666667 134.958333333333 1.09166666666667 46.7083333333333 95.625 3 "城区环境评价点" 116.146 39.824
"云岗" 20160406 135 136.260869565217 1.875 79.6666666666667 44.5833333333333 23.4583333333333 "城区环境评价点" 116.146 39.824
"云岗" 20160123 8.125 32.75 0.75 23.875 68.1666666666667 3.41666666666667 "城区环境评价点" 116.146 39.824
"云岗" 20160413 118.833333333333 141.166666666667 0.908333333333333 62.7083333333333 78.1666666666667 7.29166666666667 "城区环境评价点" 116.146 39.824
"云岗" 20160214 4.91666666666667 24.9166666666667 0.516666666666667 11.0416666666667 78.25 3.75 "城区环境评价点" 116.146 39.824
"云岗" 20160221 67 46.9583333333333 1.275 39.5416666666667 37 23.6666666666667 "城区环境评价点" 116.146 39.824
"云岗" 20160420 78 111.6875 0.904761904761905 51.5714285714286 85.6666666666667 9.61904761904762 "城区环境评价点" 116.146 39.824
"云岗" 20161219 251.875 288.75 4.14583333333333 119.125 9.66666666666667 23.1666666666667 "城区环境评价点" 116.146 39.824
"云岗" 20160228 33.5 56.125 1.21666666666667 37.125 38.9166666666667 7.66666666666667 "城区环境评价点" 116.146 39.824
"云岗" 20160504 15.5833333333333 56.5416666666667 0.466666666666667 42.375 86.125 4.91666666666667 "城区环境评价点" 116.146 39.824
"云岗" 20160306 74.7083333333333 148.75 1.37916666666667 60.7916666666667 16.9583333333333 22.9166666666667 "城区环境评价点" 116.146 39.824
"云岗" 20160716 42.375 54.4583333333333 0.75 43.9166666666667 61.9583333333333 2.54166666666667 "城区环境评价点" 116.146 39.824
"云岗" 20160114 94 116.416666666667 1.49583333333333 55.7083333333333 31.875 40.75 "城区环境评价点" 116.146 39.824
"云岗" 20160121 162.625 192.708333333333 4.09166666666667 85.8333333333333 7.70833333333333 32.125 "城区环境评价点" 116.146 39.824
"云岗" 20160518 75.3684210526316 92.4210526315789 0.657894736842105 40.4736842105263 127 14.5789473684211 "城区环境评价点" 116.146 39.824
"云岗" 20160327 NA NA NA NA NA NA "城区环境评价点" 116.146 39.824
"云岗" 20160128 107.833333333333 162.5 2.27916666666667 71.4166666666667 13.375 53.7083333333333 "城区环境评价点" 116.146 39.824
"云岗" 20160730 129.714285714286 175.85 1.13333333333333 28.7619047619048 72.3333333333333 2 "城区环境评价点" 116.146 39.824
"云岗" 20160204 11.75 46.125 0.679166666666667 18.6666666666667 68.75 12.2916666666667 "城区环境评价点" 116.146 39.824
"云岗" 20161202 115.666666666667 111.666666666667 2.5625 94.5 9.54166666666667 23.5 "城区环境评价点" 116.146 39.824
"云岗" 20160608 136.666666666667 116.083333333333 1.3 35.5416666666667 115.916666666667 2.16666666666667 "城区环境评价点" 116.146 39.824
"云岗" 20161018 128.416666666667 111.625 1.64166666666667 80.75 6.16666666666667 4.20833333333333 "城区环境评价点" 116.146 39.824
"云岗" 20160615 19.9166666666667 51.7916666666667 0.533333333333333 26.8333333333333 116.625 2 "城区环境评价点" 116.146 39.824
"云岗" 20160424 82.5833333333333 80.2916666666667 0.966666666666667 56.1666666666667 80.5416666666667 22.4583333333333 "城区环境评价点" 116.146 39.824
"云岗" 20161216 160.625 115.916666666667 2.77083333333333 103.625 8.91666666666667 30.875 "城区环境评价点" 116.146 39.824
"云岗" 20160622 55.25 98.5416666666667 0.745833333333333 32 128.416666666667 2 "城区环境评价点" 116.146 39.824
"云岗" 20161223 42.3888888888889 44.5625 0.933333333333333 61.8333333333333 17.6111111111111 12.2222222222222 "城区环境评价点" 116.146 39.824
"云岗" 20160126 47.3333333333333 77.6666666666667 0.895833333333333 28.375 55.7083333333333 26.875 "城区环境评价点" 116.146 39.824
"云岗" 20160111 10.6818181818182 50 0.6875 16.5416666666667 61.4583333333333 10.2083333333333 "城区环境评价点" 116.146 39.824
"云岗" 20161108 41.25 41.25 0.7625 54.4166666666667 17.75 7.16666666666667 "城区环境评价点" 116.146 39.824
"云岗" 20160720 38.2916666666667 99.875 0.729166666666667 18.9166666666667 52.75 2 "城区环境评价点" 116.146 39.824
"云岗" 20160317 341.318181818182 346.208333333333 2.62916666666667 104.458333333333 51.5 30.625 "城区环境评价点" 116.146 39.824
"云岗" 20160125 68.2916666666667 60.5 0.911111111111111 36.5416666666667 41.7083333333333 38.0909090909091 "城区环境评价点" 116.146 39.824
"云岗" 20160522 79.15 112.125 0.645833333333333 47.2083333333333 132.583333333333 9.70833333333333 "城区环境评价点" 116.146 39.824
"云岗" 20160529 34.4166666666667 69.75 0.45 32.125 118.375 3.79166666666667 "城区环境评价点" 116.146 39.824
"云岗" 20160924 133.791666666667 154.416666666667 1.22083333333333 60.6666666666667 81.875 3 "城区环境评价点" 116.146 39.824
"云岗" 20160407 90.875 202.5 0.7625 50 42.125 5.45833333333333 "城区环境评价点" 116.146 39.824
"云岗" 20160124 20.5 47.75 0.591666666666667 18.9166666666667 51.875 16.3333333333333 "城区环境评价点" 116.146 39.824
"云岗" 20160414 38.3913043478261 112.136363636364 0.421739130434783 27.4782608695652 86.4347826086957 3.34782608695652 "城区环境评价点" 116.146 39.824
"云岗" 20160215 8.79166666666667 26.125 0.408333333333333 10.6666666666667 69.9166666666667 5.79166666666667 "城区环境评价点" 116.146 39.824
"云岗" 20160222 74.625 128.434782608696 1.375 39 41.0416666666667 10.5833333333333 "城区环境评价点" 116.146 39.824
"云岗" 20160421 74.4347826086957 103.173913043478 0.721739130434783 61.0869565217391 79.8695652173913 7.17391304347826 "城区环境评价点" 116.146 39.824
"云岗" 20161220 441.208333333333 398.739130434783 8.50833333333333 152.125 6.25 9.25 "城区环境评价点" 116.146 39.824
"云岗" 20161113 92.125 103.833333333333 2.15416666666667 78.5 2.58333333333333 9.20833333333333 "城区环境评价点" 116.146 39.824
"云岗" 20160505 57.7391304347826 58 1.00833333333333 53.7083333333333 86.2916666666667 14.1666666666667 "城区环境评价点" 116.146 39.824
"云岗" 20160307 31.8333333333333 120.208333333333 0.75 29.3333333333333 57.5416666666667 8.54166666666667 "城区环境评价点" 116.146 39.824
"云岗" 20160717 77.5833333333333 88.2916666666667 0.991666666666667 48.5 114.125 2.79166666666667 "城区环境评价点" 116.146 39.824
"云岗" 20160115 89.3333333333333 126 2.19166666666667 82.6666666666667 16.125 46.4583333333333 "城区环境评价点" 116.146 39.824
"云岗" 20160122 21.3333333333333 128.083333333333 0.8375 22.7916666666667 60.0833333333333 5.95833333333333 "城区环境评价点" 116.146 39.824
"云岗" 20160519 78.2857142857143 120.857142857143 0.785714285714286 37.5714285714286 217.071428571429 15.0714285714286 "城区环境评价点" 116.146 39.824
"云岗" 20160328 88.7 84.3076923076923 0.669230769230769 70.6153846153846 66 14.1538461538462 "城区环境评价点" 116.146 39.824
"云岗" 20160129 57.6666666666667 108.458333333333 1.89166666666667 45.5 27.0833333333333 33.625 "城区环境评价点" 116.146 39.824
"云岗" 20160731 61.625 116.125 0.679166666666667 31.6666666666667 72.7916666666667 2.25 "城区环境评价点" 116.146 39.824
"云岗" 20160205 6.16666666666667 27.375 0.420833333333333 10.6666666666667 74.875 5 "城区环境评价点" 116.146 39.824
"云岗" 20161203 190.166666666667 183.375 3.25833333333333 117.791666666667 6.83333333333333 25.5833333333333 "城区环境评价点" 116.146 39.824
"云岗" 20160609 119.380952380952 207.7 1.18571428571429 37.0476190476191 141.904761904762 6.33333333333333 "城区环境评价点" 116.146 39.824
"云岗" 20161019 231.041666666667 234.5 2.00833333333333 84.8333333333333 14.9166666666667 4.20833333333333 "城区环境评价点" 116.146 39.824
"云岗" 20160616 33.1666666666667 53.375 0.625 51.5 91.9166666666667 2.125 "城区环境评价点" 116.146 39.824
"云岗" 20160425 73.7916666666667 116.625 0.670833333333333 36.125 119.458333333333 13.6666666666667 "城区环境评价点" 116.146 39.824
"云岗" 20161217 194.416666666667 223.416666666667 3.4 111.375 7.54166666666667 35.5 "城区环境评价点" 116.146 39.824
"云岗" 20160623 86.9583333333333 95.375 1.04583333333333 41 114.208333333333 2.25 "城区环境评价点" 116.146 39.824
"云岗" 20161224 127.875 118.25 2.76666666666667 92.9166666666667 7.45833333333333 33.9166666666667 "城区环境评价点" 116.146 39.824
"云岗" 20161117 95.9166666666667 134.833333333333 2.0875 65.375 3.66666666666667 17.4166666666667 "城区环境评价点" 116.146 39.824
"云岗" 20160112 32.5833333333333 26.9565217391304 0.954166666666667 34.8333333333333 39.8333333333333 19.0833333333333 "城区环境评价点" 116.146 39.824
"云岗" 20161109 159.791666666667 129.5 2.41666666666667 90.875 4.04166666666667 16.9583333333333 "城区环境评价点" 116.146 39.824
"云岗" 20160721 26.5833333333333 26 0.854166666666667 31.0833333333333 39.2083333333333 2 "城区环境评价点" 116.146 39.824
"云岗" 20160318 169.722222222222 306.583333333333 1.525 63.125 51.7083333333333 14.5416666666667 "城区环境评价点" 116.146 39.824
"云岗" 20161208 105 205 1.94583333333333 63 35.5416666666667 17.25 "城区环境评价点" 116.146 39.824
"云岗" 20160523 67.9166666666667 111.583333333333 0.8625 41.875 92.375 14.5 "城区环境评价点" 116.146 39.824
"云岗" 20160530 87.375 95.375 1.0625 60.4583333333333 155.25 12.875 "城区环境评价点" 116.146 39.824
"云岗" 20160925 177.708333333333 226 1.5375 61.2916666666667 62.9583333333333 2.54166666666667 "城区环境评价点" 116.146 39.824
"云岗" 20160408 18.9166666666667 64.4583333333333 0.383333333333333 37.4166666666667 67.0416666666667 5.375 "城区环境评价点" 116.146 39.824
"云岗" 20160430 163.208333333333 209.541666666667 1.27083333333333 73.9583333333333 143.458333333333 11.125 "城区环境评价点" 116.146 39.824
"云岗" 20160415 54.375 70.0416666666667 1.0875 63.2083333333333 60.8333333333333 17.5833333333333 "城区环境评价点" 116.146 39.824
"云岗" 20160216 6.22727272727273 40.5833333333333 0.308333333333333 12.0416666666667 77.5833333333333 6.04166666666667 "城区环境评价点" 116.146 39.824
"云岗" 20160223 9.79166666666667 42 0.420833333333333 17.375 64.2083333333333 6.45833333333333 "城区环境评价点" 116.146 39.824
"云岗" 20160422 24.2083333333333 98.6666666666667 0.379166666666667 16.7916666666667 107.541666666667 2.41666666666667 "城区环境评价点" 116.146 39.824
"云岗" 20161221 421.916666666667 452.125 8.475 168.75 4.66666666666667 12.125 "城区环境评价点" 116.146 39.824
"云岗" 20161114 42.1666666666667 119.083333333333 0.920833333333333 39.9166666666667 38.2083333333333 8.41666666666667 "城区环境评价点" 116.146 39.824
"云岗" 20160506 55.0434782608696 139.458333333333 0.233333333333333 17.9166666666667 94.0833333333333 2 "城区环境评价点" 116.146 39.824
"云岗" 20160308 9 45.3571428571429 0.511111111111111 22.9444444444444 65.0555555555556 4.16666666666667 "城区环境评价点" 116.146 39.824
"云岗" 20160513 26.75 41.125 0.4625 39.2916666666667 77.3333333333333 6.125 "城区环境评价点" 116.146 39.824
"云岗" 20160116 141.166666666667 156.833333333333 2.7125 67.5416666666667 9.75 36.3333333333333 "城区环境评价点" 116.146 39.824
"云岗" 20160207 47.1666666666667 67.4166666666667 0.908333333333333 19.7083333333333 71.875 26.4166666666667 "城区环境评价点" 116.146 39.824
"云岗" 20161205 56.1666666666667 192.04347826087 1.21666666666667 48.6666666666667 30.4583333333333 9.41666666666667 "城区环境评价点" 116.146 39.824
"云岗" 20160329 34.1 54.1176470588235 0.294444444444444 38.8888888888889 57.8333333333333 6.44444444444444 "城区环境评价点" 116.146 39.824
"云岗" 20161120 57.125 138.875 1.2 50.875 6.33333333333333 3.95833333333333 "城区环境评价点" 116.146 39.824
"云岗" 20160801 81.7916666666667 96.375 0.941666666666667 33.4166666666667 100.625 2.04166666666667 "城区环境评价点" 116.146 39.824
"云岗" 20160206 42.4285714285714 46.7916666666667 1.16666666666667 19.2916666666667 74.5 21.0416666666667 "城区环境评价点" 116.146 39.824
"云岗" 20161204 255.958333333333 319.708333333333 3.87916666666667 119.458333333333 8.79166666666667 21.375 "城区环境评价点" 116.146 39.824
"云岗" 20160610 43.625 101.208333333333 0.6625 16.1666666666667 129.958333333333 2.04166666666667 "城区环境评价点" 116.146 39.824
"云岗" 20161211 169.833333333333 138.260869565217 3.47083333333333 105.791666666667 6 37.25 "城区环境评价点" 116.146 39.824
"云岗" 20160815 15.7083333333333 53.3333333333333 0.558333333333333 27.9166666666667 61.9166666666667 2.04166666666667 "城区环境评价点" 116.146 39.824
"云岗" 20160426 77 102.833333333333 1.2 54.2083333333333 98.2916666666667 21.125 "城区环境评价点" 116.146 39.824
"云岗" 20161111 86.875 161.916666666667 1.70416666666667 70.5833333333333 5.875 9.95833333333333 "城区环境评价点" 116.146 39.824
"云岗" 20160822 49.3333333333333 75.7916666666667 0.9 43.75 93.2083333333333 3.66666666666667 "城区环境评价点" 116.146 39.824
"云岗" 20161225 154.615384615385 195.307692307692 2.9 107.923076923077 4.07692307692308 38 "城区环境评价点" 116.146 39.824
"云岗" 20161118 181.583333333333 169.541666666667 3.77083333333333 92.875 2.54166666666667 23.7083333333333 "城区环境评价点" 116.146 39.824
"云岗" 20160510 42.6666666666667 59.7083333333333 0.6 50.7916666666667 103 4.29166666666667 "城区环境评价点" 116.146 39.824
"云岗" 20161110 174.375 241.958333333333 1.975 77.7916666666667 6.875 15 "城区环境评价点" 116.146 39.824
"云岗" 20161125 178.166666666667 170.833333333333 2.975 102.666666666667 4.75 29.0833333333333 "城区环境评价点" 116.146 39.824
"云岗" 20160319 59.304347826087 128.333333333333 0.895833333333333 33.875 63.3333333333333 15.25 "城区环境评价点" 116.146 39.824
"云岗" 20161209 27.5652173913043 57.3333333333333 0.847826086956522 51.2173913043478 25.6086956521739 19.1739130434783 "城区环境评价点" 116.146 39.824
"云岗" 20160417 9.08333333333333 45.8571428571429 0.229166666666667 8.58333333333333 100.916666666667 2 "城区环境评价点" 116.146 39.824
"云岗" 20160531 44.55 102.761904761905 0.466666666666667 30.8571428571429 96.9047619047619 8.52380952380952 "城区环境评价点" 116.146 39.824
"云岗" 20161124 89.875 79.1666666666667 1.87083333333333 71.6666666666667 13.7083333333333 21.75 "城区环境评价点" 116.146 39.824
"云岗" 20160409 64.875 114.875 0.679166666666667 62.75 42.6666666666667 10.8333333333333 "城区环境评价点" 116.146 39.824
"云岗" 20160501 227.416666666667 249.833333333333 1.725 56.8333333333333 137.583333333333 20 "城区环境评价点" 116.146 39.824
"云岗" 20160416 21.9583333333333 72.125 0.295833333333333 12.3333333333333 81.125 2.25 "城区环境评价点" 116.146 39.824
"云岗" 20160217 45.875 42.2083333333333 1.13333333333333 25.125 55.375 16.625 "城区环境评价点" 116.146 39.824
"云岗" 20160310 11.375 39.625 0.366666666666667 16.8333333333333 67.9166666666667 4.54166666666667 "城区环境评价点" 116.146 39.824
"云岗" 20160819 18.125 58.9166666666667 0.966666666666667 27.0833333333333 73.9166666666667 2 "城区环境评价点" 116.146 39.824
"云岗" 20160118 10.5 31.4583333333333 0.541666666666667 15.3333333333333 58.5833333333333 8.54166666666667 "城区环境评价点" 116.146 39.824
"云岗" 20161115 39.9583333333333 52.75 1.575 69.9166666666667 11.0416666666667 15.6666666666667 "城区环境评价点" 116.146 39.824
"云岗" 20160507 23.45 49.9583333333333 0.308333333333333 36.5416666666667 92.8333333333333 3.29166666666667 "城区环境评价点" 116.146 39.824
"云岗" 20160309 8.17391304347826 23.952380952381 0.491304347826087 16.8695652173913 68.1739130434783 3.91304347826087 "城区环境评价点" 116.146 39.824
"云岗" 20160514 38.5416666666667 45.7916666666667 0.566666666666667 25.2083333333333 68.8333333333333 3.375 "城区环境评价点" 116.146 39.824
"云岗" 20160117 41.9166666666667 131.958333333333 0.966666666666667 25.5833333333333 52.9583333333333 6.625 "城区环境评价点" 116.146 39.824
"云岗" 20160208 113.458333333333 160.458333333333 1.04166666666667 26.5416666666667 57.3333333333333 38.4166666666667 "城区环境评价点" 116.146 39.824
"云岗" 20161206 78.25 65.8333333333333 2.07083333333333 90.7083333333333 8.83333333333333 23.9166666666667 "城区环境评价点" 116.146 39.824
"云岗" 20160330 34.9583333333333 83.25 0.595833333333333 48.125 51.625 9.5 "城区环境评价点" 116.146 39.824
"云岗" 20161121 9.16666666666667 39.7916666666667 0.4125 18.9583333333333 49.9583333333333 2.91666666666667 "城区环境评价点" 116.146 39.824
"云岗" 20160802 56.4090909090909 104.45 0.863636363636364 34.8181818181818 102.227272727273 2.18181818181818 "城区环境评价点" 116.146 39.824
"云岗" 20160428 74.7083333333333 123.416666666667 1.0375 60.5 97 8.20833333333333 "城区环境评价点" 116.146 39.824
"云岗" 20161210 57.5416666666667 64.8333333333333 1.72916666666667 72.2916666666667 8.91666666666667 19.2083333333333 "城区环境评价点" 116.146 39.824
"云岗" 20160611 9.41666666666667 41.9166666666667 0.379166666666667 17.9166666666667 96.25 2 "城区环境评价点" 116.146 39.824
"云岗" 20161212 227.105263157895 258.947368421053 3.03684210526316 112.894736842105 5.31578947368421 44.7894736842105 "城区环境评价点" 116.146 39.824
"云岗" 20160816 21.9583333333333 37 0.575 34.4166666666667 69.9583333333333 2 "城区环境评价点" 116.146 39.824
"云岗" 20160427 92.7083333333333 106.608695652174 1.03333333333333 54.7083333333333 72.625 8.625 "城区环境评价点" 116.146 39.824
"云岗" 20161112 76.9583333333333 99.5833333333333 1.62916666666667 68.375 13.9166666666667 12.0416666666667 "城区环境评价点" 116.146 39.824
"云岗" 20160823 76.7083333333333 75.8333333333333 0.879166666666667 51.0416666666667 73.5416666666667 3.875 "城区环境评价点" 116.146 39.824
"云岗" 20161226 54.4166666666667 147.5 1.04583333333333 54.6666666666667 24.5 18.125 "城区环境评价点" 116.146 39.824
"云岗" 20161119 149.125 225.708333333333 2.25 83.2083333333333 19.4166666666667 14.875 "城区环境评价点" 116.146 39.824
"云岗" 20160511 171.833333333333 135.833333333333 1.37916666666667 41.75 132.416666666667 19.0416666666667 "城区环境评价点" 116.146 39.824
"云岗" 20160602 52.7083333333333 86.25 0.654166666666667 47.3333333333333 140.083333333333 9.625 "城区环境评价点" 116.146 39.824
"云岗" 20161126 316.083333333333 311.208333333333 4.05833333333333 128.75 7.04166666666667 29.25 "城区环境评价点" 116.146 39.824
"云岗" 20160320 73.25 86.0416666666667 0.970833333333333 56.9166666666667 39.25 10.0833333333333 "城区环境评价点" 116.146 39.824
"云岗" 20160401 40.9583333333333 180.458333333333 0.329166666666667 35.375 48.6666666666667 5.83333333333333 "城区环境评价点" 116.146 39.824
"云岗" 20160418 12.35 46.7222222222222 0.3 19.25 96.05 2.5 "城区环境评价点" 116.146 39.824
"云岗" 20160601 49 69.3478260869565 0.252173913043478 42.6521739130435 109.565217391304 7.43478260869565 "城区环境评价点" 116.146 39.824
"云岗" 20160814 17.1666666666667 48.1666666666667 0.645833333333333 42.2083333333333 77.9166666666667 3 "城区环境评价点" 116.146 39.824
"云岗" 20160410 59 149.666666666667 0.745833333333333 44.3333333333333 67.5416666666667 12.0833333333333 "城区环境评价点" 116.146 39.824
"云岗" 20160502 43.4583333333333 163.916666666667 0.291666666666667 16.5 76 3.08333333333333 "城区环境评价点" 116.146 39.824
"云岗" 20160828 9 36.75 0.391666666666667 43.8333333333333 47.75 2.58333333333333 "城区环境评价点" 116.146 39.824
"云岗" 20160218 13.75 53.2083333333333 0.4625 15.0416666666667 75.625 7.04166666666667 "城区环境评价点" 116.146 39.824
"云岗" 20160311 26.9583333333333 55.0833333333333 0.629166666666667 33.2083333333333 57.125 13.625 "城区环境评价点" 116.146 39.824
"云岗" 20160820 58.0833333333333 69.4583333333333 1.12083333333333 44.75 100.25 2 "城区环境评价点" 116.146 39.824
"云岗" 20160119 102.875 85.125 2.10869565217391 49.8181818181818 19.9090909090909 35.1739130434783 "城区环境评价点" 116.146 39.824
"云岗" 20161116 98.8260869565217 101.045454545455 2.30869565217391 87.7826086956522 7.60869565217391 22.4782608695652 "城区环境评价点" 116.146 39.824
"云岗" 20160508 64.4583333333333 75.7916666666667 0.691666666666667 51.0416666666667 86.9583333333333 13.2083333333333 "城区环境评价点" 116.146 39.824
"云岗" 20160908 20.4166666666667 51.5 0.5 44.9166666666667 54.125 2.04166666666667 "城区环境评价点" 116.146 39.824
"云岗" 20160515 52.2 56.9166666666667 0.483333333333333 28.75 52.9166666666667 2.33333333333333 "城区环境评价点" 116.146 39.824
"云岗" 20160804 94.2916666666667 100.458333333333 1.25833333333333 36.2083333333333 130.75 2.04166666666667 "城区环境评价点" 116.146 39.824
"云岗" 20160209 44.125 60.7083333333333 1.23333333333333 27.625 56.5833333333333 24.4166666666667 "城区环境评价点" 116.146 39.824
"云岗" 20161207 135.166666666667 140.083333333333 2.91666666666667 111.625 8.625 25.875 "城区环境评价点" 116.146 39.824
"云岗" 20160331 148.291666666667 132.958333333333 1.475 92.75 53.875 32.1666666666667 "城区环境评价点" 116.146 39.824
"云岗" 20161122 7.91666666666667 19.5833333333333 0.404166666666667 21.875 45.2083333333333 4.83333333333333 "城区环境评价点" 116.146 39.824
"云岗" 20160803 58.5238095238095 91.6111111111111 0.761904761904762 34.6666666666667 149.238095238095 2 "城区环境评价点" 116.146 39.824
"云岗" 20160429 115.041666666667 97.25 1.2375 79.625 97.0416666666667 15.2083333333333 "城区环境评价点" 116.146 39.824
"云岗" 20160830 31.9583333333333 64.9583333333333 0.654166666666667 66 88.0416666666667 3.33333333333333 "城区环境评价点" 116.146 39.824
"云岗" 20160612 60.25 70.5 0.933333333333333 43 119.833333333333 4 "城区环境评价点" 116.146 39.824
"云岗" 20161213 81.75 213.291666666667 1.75 66.2083333333333 16.0833333333333 13.5416666666667 "城区环境评价点" 116.146 39.824
"云岗" 20160817 59.8333333333333 58.0833333333333 0.970833333333333 69.875 22.6666666666667 2.125 "城区环境评价点" 116.146 39.824
"云岗" 20160411 42.1 100.388888888889 0.627272727272727 39.2272727272727 59.9090909090909 9.22727272727273 "城区环境评价点" 116.146 39.824
"云岗" 20160829 18.2083333333333 50.2916666666667 0.6 56.2916666666667 57.6666666666667 3.25 "城区环境评价点" 116.146 39.824
"云岗" 20160824 88.0416666666667 114.958333333333 1.05833333333333 59.4166666666667 67.7083333333333 2.5 "城区环境评价点" 116.146 39.824
"云岗" 20161227 47.3333333333333 43.5833333333333 0.85 49.3333333333333 28.7916666666667 10.7916666666667 "城区环境评价点" 116.146 39.824
"云岗" 20160831 17.5833333333333 57.875 0.3 47.4583333333333 49.9583333333333 3 "城区环境评价点" 116.146 39.824
"云岗" 20160512 37.4583333333333 160.5 0.454166666666667 15.5 90.875 2.625 "城区环境评价点" 116.146 39.824
"云岗" 20160907 41.2857142857143 71.5 0.607142857142857 39.5 94.6428571428571 5.14285714285714 "城区环境评价点" 116.146 39.824
"云岗" 20161214 32.2083333333333 52 0.879166666666667 54.5416666666667 23.4166666666667 14.6666666666667 "城区环境评价点" 116.146 39.824
"云岗" 20160321 112.083333333333 119.625 1.10416666666667 62.9166666666667 66.0833333333333 18.0416666666667 "城区环境评价点" 116.146 39.824
"云岗" 20160813 19.0833333333333 51.7916666666667 0.6625 39.3333333333333 30 2 "城区环境评价点" 116.146 39.824
"云岗" 20160516 32.4782608695652 67.625 0.4 40.375 79.4166666666667 4.5 "城区环境评价点" 116.146 39.824
"云岗" 20160906 24.0555555555556 56.4117647058824 0.522222222222222 49.6111111111111 41.1111111111111 3 "城区环境评价点" 116.146 39.824
"云岗" 20160827 10.9583333333333 40.8333333333333 0.466666666666667 40.0833333333333 42.0833333333333 2.83333333333333 "城区环境评价点" 116.146 39.824
"云岗" 20160901 8.625 38.125 0.2375 39.25 44.3333333333333 2.41666666666667 "城区环境评价点" 116.146 39.824
"云岗" 20160812 90.4666666666667 125.384615384615 1.02 37.6 46.1333333333333 7.73333333333333 "城区环境评价点" 116.146 39.824
"云岗" 20161123 41.4166666666667 42.375 1.02083333333333 47.75 23.4166666666667 13.375 "城区环境评价点" 116.146 39.824
"云岗" 20160219 21.0434782608696 43.6086956521739 0.756521739130435 26.9130434782609 50.1304347826087 8.78260869565217 "城区环境评价点" 116.146 39.824
"云岗" 20160826 10.0833333333333 30.375 0.2375 37.0416666666667 51.5416666666667 2.08333333333333 "城区环境评价点" 116.146 39.824
"云岗" 20160821 52.4583333333333 87.7083333333333 0.983333333333333 48.9166666666667 112.5 2.04166666666667 "城区环境评价点" 116.146 39.824
"云岗" 20160912 39.8333333333333 50.4583333333333 0.841666666666667 41.9166666666667 64.375 2.04166666666667 "城区环境评价点" 116.146 39.824
"云岗" 20160806 95.7391304347826 109 0.978260869565217 36.5217391304348 102.260869565217 2.08695652173913 "城区环境评价点" 116.146 39.824
"云岗" 20160509 40.5 69.75 0.570833333333333 42.3333333333333 67.375 4.33333333333333 "城区环境评价点" 116.146 39.824
"云岗" 20160909 19.5416666666667 49.7916666666667 0.433333333333333 51.875 33.4583333333333 2.75 "城区环境评价点" 116.146 39.824
"云岗" 20160914 93.1666666666667 120.916666666667 1.05 52.5416666666667 76.4166666666667 3.58333333333333 "城区环境评价点" 116.146 39.824
"云岗" 20160805 65.5416666666667 110.291666666667 0.879166666666667 35.0416666666667 94.9166666666667 2.5 "城区环境评价点" 116.146 39.824
"云岗" 20161228 84.7916666666667 127.375 1.2625 46.4583333333333 30 15.2916666666667 "城区环境评价点" 116.146 39.824
"云岗" 20160911 31.6666666666667 56.8333333333333 0.729166666666667 42.75 70.5833333333333 2 "城区环境评价点" 116.146 39.824
"云岗" 20160910 17.25 48 0.445833333333333 51.9166666666667 42.9166666666667 2.79166666666667 "城区环境评价点" 116.146 39.824
"云岗" 20160913 80.9166666666667 81.9583333333333 1.04166666666667 59 61.5416666666667 2.875 "城区环境评价点" 116.146 39.824
"云岗" 20160903 22.9583333333333 48.25 0.479166666666667 43 67.4583333333333 3.08333333333333 "城区环境评价点" 116.146 39.824
"云岗" 20160809 43.2 69.4666666666667 1.04666666666667 30.7333333333333 133.066666666667 6.33333333333333 "城区环境评价点" 116.146 39.824
"云岗" 20160808 31.8333333333333 48.4117647058824 0.738888888888889 29.7222222222222 80.2222222222222 2.61111111111111 "城区环境评价点" 116.146 39.824
"云岗" 20160613 47.5833333333333 70.7083333333333 0.625 27.75 91.0833333333333 2.16666666666667 "城区环境评价点" 116.146 39.824
"云岗" 20160825 18.75 77.1666666666667 0.383333333333333 26.75 53.5416666666667 2.33333333333333 "城区环境评价点" 116.146 39.824
"云岗" 20160818 76.375 109.375 1.6375 45.6666666666667 26.7916666666667 2 "城区环境评价点" 116.146 39.824
"云岗" 20160810 78.5454545454545 82.95 0.922727272727273 28.9545454545455 100.863636363636 2.59090909090909 "城区环境评价点" 116.146 39.824
"云岗" 20160811 90.875 114.666666666667 0.970833333333333 29.3333333333333 91.2083333333333 2.83333333333333 "城区环境评价点" 116.146 39.824
"云岗" 20160807 20.3913043478261 73.85 0.595652173913043 21.9130434782609 90.5217391304348 2 "城区环境评价点" 116.146 39.824
"云岗" 20160905 32.2916666666667 71.75 0.5 38.2083333333333 82.1666666666667 2.41666666666667 "城区环境评价点" 116.146 39.824
"云岗" 20160904 73.7916666666667 80.75 0.841666666666667 58.9166666666667 78.7083333333333 5.04166666666667 "城区环境评价点" 116.146 39.824
"云岗" 20160902 16.4166666666667 50.875 0.404166666666667 44.6666666666667 29.5 2.625 "城区环境评价点" 116.146 39.824
