"万寿西宫" 20160718 105.75 129.958333333333 1.26666666666667 54.2916666666667 90.2083333333333 4.33333333333333 "城区环境评价点" 116.352 39.878
"万寿西宫" 20160505 61.4545454545455 65.8333333333333 1.06666666666667 41.25 84.9583333333333 17.25 "城区环境评价点" 116.352 39.878
"万寿西宫" 20160717 80.2083333333333 89.9166666666667 1.11666666666667 51.5416666666667 116.916666666667 3 "城区环境评价点" 116.352 39.878
"万寿西宫" 20160907 42.5 69.0833333333333 0.742857142857143 44 94.1428571428571 6.21428571428571 "城区环境评价点" 116.352 39.878
"万寿西宫" 20160724 81.1052631578947 155.611111111111 1.0875 37.1666666666667 96.8333333333333 2 "城区环境评价点" 116.352 39.878
"万寿西宫" 20160726 47.4375 60.0833333333333 0.4 26.875 97.375 2.04166666666667 "城区环境评价点" 116.352 39.878
"万寿西宫" 20160716 42.0833333333333 51.9583333333333 0.866666666666667 45.2083333333333 69.2083333333333 2.54166666666667 "城区环境评价点" 116.352 39.878
"万寿西宫" 20160723 146.625 150.416666666667 1.4125 39.5833333333333 89.8333333333333 2.95833333333333 "城区环境评价点" 116.352 39.878
"万寿西宫" 20160725 51.7692307692308 107.9 0.782608695652174 37.9565217391304 61.6521739130435 2.34782608695652 "城区环境评价点" 116.352 39.878
"万寿西宫" 20160720 39.625 116.333333333333 0.870833333333333 21.4166666666667 52.1666666666667 2 "城区环境评价点" 116.352 39.878
"万寿西宫" 20160715 36 54.0416666666667 0.8 35.0833333333333 68.75 2 "城区环境评价点" 116.352 39.878
"万寿西宫" 20160719 120.958333333333 150.625 1.575 48.1666666666667 39.4166666666667 2.20833333333333 "城区环境评价点" 116.352 39.878
"万寿西宫" 20160722 83 86.25 1.24166666666667 39.7083333333333 71.2916666666667 2 "城区环境评价点" 116.352 39.878
"万寿西宫" 20160727 62.7083333333333 87 0.966666666666667 35.3333333333333 114.375 2 "城区环境评价点" 116.352 39.878
"万寿西宫" 20160627 62.1666666666667 91.8181818181818 0.809090909090909 35.0909090909091 163.818181818182 5.18181818181818 "城区环境评价点" 116.352 39.878
"万寿西宫" 20160224 31.9090909090909 38.2272727272727 0.804545454545455 34.8636363636364 46.2727272727273 11.5 "城区环境评价点" 116.352 39.878
"万寿西宫" 20160721 30 27.75 1.00833333333333 32.25 33.625 2 "城区环境评价点" 116.352 39.878
"万寿西宫" 20160511 148.541666666667 125.333333333333 1.15833333333333 33.375 130.5 14.9166666666667 "城区环境评价点" 116.352 39.878
"万寿西宫" 20160506 69.0454545454545 177.458333333333 0.241666666666667 10.5 89.125 2 "城区环境评价点" 116.352 39.878
"万寿西宫" 20160626 NA NA NA NA NA NA "城区环境评价点" 116.352 39.878
"万寿西宫" 20160123 10.375 31.25 0.845833333333333 13.2083333333333 55.7083333333333 5.16666666666667 "城区环境评价点" 116.352 39.878
"万寿西宫" 20160728 52.0833333333333 71.875 0.863636363636364 17.1666666666667 89.4583333333333 2 "城区环境评价点" 116.352 39.878
"万寿西宫" 20160908 24.5 56.6666666666667 0.7 52.0869565217391 47.0416666666667 2.04166666666667 "城区环境评价点" 116.352 39.878
"万寿西宫" 20160604 81.7083333333333 117.708333333333 0.854166666666667 32.7916666666667 164.5 17.0833333333333 "城区环境评价点" 116.352 39.878
"万寿西宫" 20160122 18.4583333333333 107.083333333333 0.720833333333333 14.6666666666667 58.375 6.41666666666667 "城区环境评价点" 116.352 39.878
"万寿西宫" 20160413 127.208333333333 150.875 1.02916666666667 63.75 55.7916666666667 8.45833333333333 "城区环境评价点" 116.352 39.878
"万寿西宫" 20160512 43.3636363636364 146.041666666667 0.641666666666667 23.5416666666667 69.0833333333333 2 "城区环境评价点" 116.352 39.878
"万寿西宫" 20160801 80.7619047619048 102.086956521739 1.48695652173913 24.1904761904762 95.7391304347826 2 "城区环境评价点" 116.352 39.878
"万寿西宫" 20160129 56.375 119 1.64583333333333 48.75 20.5416666666667 37.3333333333333 "城区环境评价点" 116.352 39.878
"万寿西宫" 20160220 14.25 28.0434782608696 0.445833333333333 17.4583333333333 65.4583333333333 5.16666666666667 "城区环境评价点" 116.352 39.878
"万寿西宫" 20160402 7.5 43.5416666666667 0.295833333333333 13.5 74.1666666666667 2.125 "城区环境评价点" 116.352 39.878
"万寿西宫" 20160709 78 112.583333333333 0.858333333333333 36.7916666666667 110.333333333333 2.83333333333333 "城区环境评价点" 116.352 39.878
"万寿西宫" 20160227 21.75 49.2083333333333 0.379166666666667 33.4583333333333 54.5 8.08333333333333 "城区环境评价点" 116.352 39.878
"万寿西宫" 20160121 130.583333333333 168.791666666667 2.475 61.125 3.41666666666667 31.625 "城区环境评价点" 116.352 39.878
"万寿西宫" 20160106 31.1666666666667 71.875 1.0375 38.0416666666667 29.0833333333333 13.3333333333333 "城区环境评价点" 116.352 39.878
"万寿西宫" 20160128 140.25 185.5 2.6 86.4166666666667 17.75 54.4583333333333 "城区环境评价点" 116.352 39.878
"万寿西宫" 20160510 40.4583333333333 62.0416666666667 0.608333333333333 39.75 92.7083333333333 3.95833333333333 "城区环境评价点" 116.352 39.878
"万寿西宫" 20160130 51.8333333333333 68.9583333333333 1.44583333333333 48.2916666666667 21.375 23.875 "城区环境评价点" 116.352 39.878
"万寿西宫" 20160120 128.875 143.208333333333 3.24583333333333 78.125 4.875 67.75 "城区环境评价点" 116.352 39.878
"万寿西宫" 20160403 15.8181818181818 28.1666666666667 0.316666666666667 18.4583333333333 77.5 2.91666666666667 "城区环境评价点" 116.352 39.878
"万寿西宫" 20160127 104.791666666667 97.2916666666667 2.09583333333333 77.8333333333333 15.0416666666667 42 "城区环境评价点" 116.352 39.878
"万寿西宫" 20160603 78.25 94.9166666666667 1.2875 57.9166666666667 135 22.7916666666667 "城区环境评价点" 116.352 39.878
"万寿西宫" 20160225 24.5416666666667 49.7083333333333 0.465217391304348 28.6521739130435 56.5652173913044 10.7826086956522 "城区环境评价点" 116.352 39.878
"万寿西宫" 20160412 75.7083333333333 86.7916666666667 0.858333333333333 56 34.0833333333333 6.875 "城区环境评价点" 116.352 39.878
"万寿西宫" 20160629 121.625 138.375 1.05 40.6190476190476 88.7083333333333 2 "城区环境评价点" 116.352 39.878
"万寿西宫" 20160126 39.0416666666667 55.5416666666667 0.6875 42.4583333333333 40.0833333333333 22.5416666666667 "城区环境评价点" 116.352 39.878
"万寿西宫" 20160303 276.083333333333 251.5 3.28333333333333 104.875 17.75 45.2083333333333 "城区环境评价点" 116.352 39.878
"万寿西宫" 20160508 63.3913043478261 84.125 0.825 45.625 81.3333333333333 18.5 "城区环境评价点" 116.352 39.878
"万寿西宫" 20160812 88.6 116.538461538462 0.7 44.3333333333333 48.0666666666667 9.76923076923077 "城区环境评价点" 116.352 39.878
"万寿西宫" 20160628 76.125 84.0416666666667 0.85 37.5 76.7916666666667 2 "城区环境评价点" 116.352 39.878
"万寿西宫" 20160226 36.6666666666667 43.7916666666667 0.595652173913043 34.0869565217391 55.7391304347826 14.2173913043478 "城区环境评价点" 116.352 39.878
"万寿西宫" 20160302 183.458333333333 221.75 2.7 109.125 23.9583333333333 37.125 "城区环境评价点" 116.352 39.878
"万寿西宫" 20160507 22.3809523809524 53.9166666666667 0.3125 25.6666666666667 86.8333333333333 2.75 "城区环境评价点" 116.352 39.878
"万寿西宫" 20160110 53.5 111.565217391304 1.475 58.7083333333333 18.875 27.0416666666667 "城区环境评价点" 116.352 39.878
"万寿西宫" 20161031 8.16666666666667 38.7083333333333 0.254166666666667 15.4583333333333 43.0833333333333 2.95833333333333 "城区环境评价点" 116.352 39.878
"万寿西宫" 20160124 14.5 46.1666666666667 1.025 26.2916666666667 45.4583333333333 9.79166666666667 "城区环境评价点" 116.352 39.878
"万寿西宫" 20160729 127.083333333333 130.875 1.3875 11.9583333333333 117.583333333333 2.54166666666667 "城区环境评价点" 116.352 39.878
"万寿西宫" 20160909 20.2083333333333 47.7916666666667 0.516666666666667 49.0833333333333 38.7916666666667 2.75 "城区环境评价点" 116.352 39.878
"万寿西宫" 20160605 69.75 111.458333333333 0.9 35.6666666666667 139.291666666667 15.125 "城区环境评价点" 116.352 39.878
"万寿西宫" 20160131 31.6666666666667 50.5416666666667 0.679166666666667 32.125 49.0833333333333 12.875 "城区环境评价点" 116.352 39.878
"万寿西宫" 20160414 27.2666666666667 121.071428571429 0.273333333333333 18.6 82.4 2 "城区环境评价点" 116.352 39.878
"万寿西宫" 20160513 41.4583333333333 61.2916666666667 0.833333333333333 44.875 60.7916666666667 5.08333333333333 "城区环境评价点" 116.352 39.878
"万寿西宫" 20160802 69.2727272727273 118.6 1.41363636363636 42.5909090909091 89.7272727272727 2.59090909090909 "城区环境评价点" 116.352 39.878
"万寿西宫" 20160703 87.875 92.8333333333333 1.09166666666667 48.625 112 8.375 "城区环境评价点" 116.352 39.878
"万寿西宫" 20160221 89.7083333333333 69.8333333333333 1.7375 59.5833333333333 22 29 "城区环境评价点" 116.352 39.878
"万寿西宫" 20161029 23.75 33.4583333333333 0.558333333333333 47.2083333333333 16.2083333333333 4.5 "城区环境评价点" 116.352 39.878
"万寿西宫" 20160710 86.75 123.434782608696 0.825 30.625 121 4.125 "城区环境评价点" 116.352 39.878
"万寿西宫" 20160228 32 50.8333333333333 0.854166666666667 33.75 44.8333333333333 7.58333333333333 "城区环境评价点" 116.352 39.878
"万寿西宫" 20161105 195.708333333333 281.347826086957 3.075 103.333333333333 15.25 3.45833333333333 "城区环境评价点" 116.352 39.878
"万寿西宫" 20160107 10.1666666666667 23.6521739130435 0.45 27.375 38.75 6.66666666666667 "城区环境评价点" 116.352 39.878
"万寿西宫" 20160519 83.875 108.291666666667 0.845833333333333 38.0416666666667 176.583333333333 17.5833333333333 "城区环境评价点" 116.352 39.878
"万寿西宫" 20160914 104.208333333333 132.5 1.19583333333333 54.2083333333333 73.25 3.58333333333333 "城区环境评价点" 116.352 39.878
"万寿西宫" 20160313 29.0833333333333 102.625 0.604166666666667 30.25 64.3333333333333 10.8333333333333 "城区环境评价点" 116.352 39.878
"万寿西宫" 20160731 69.0833333333333 126.833333333333 1.34583333333333 13.75 68.9583333333333 2.41666666666667 "城区环境评价点" 116.352 39.878
"万寿西宫" 20160404 71.4166666666667 66.4166666666667 0.65 43.5416666666667 68.8333333333333 13.875 "城区环境评价点" 116.352 39.878
"万寿西宫" 20160807 22.304347826087 79.3 0.743478260869565 25.8260869565217 83.695652173913 2 "城区环境评价点" 116.352 39.878
"万寿西宫" 20160708 90.25 126.041666666667 1.22916666666667 38.625 116.125 4.33333333333333 "城区环境评价点" 116.352 39.878
"万寿西宫" 20160312 106.833333333333 87.5 1.6375 74.9583333333333 20.8333333333333 46.125 "城区环境评价点" 116.352 39.878
"万寿西宫" 20160730 148.285714285714 191.35 1.55238095238095 8.71428571428571 72.5238095238095 2 "城区环境评价点" 116.352 39.878
"万寿西宫" 20160630 83.3333333333333 141.166666666667 0.941666666666667 45.25 119.625 2 "城区环境评价点" 116.352 39.878
"万寿西宫" 20160806 105.739130434783 120.47619047619 1.05217391304348 35.304347826087 98.3478260869565 2.26086956521739 "城区环境评价点" 116.352 39.878
"万寿西宫" 20160304 306.25 370.708333333333 4.27083333333333 104 7.95833333333333 61.4166666666667 "城区环境评价点" 116.352 39.878
"万寿西宫" 20160509 35.7272727272727 80.375 0.570833333333333 34.4166666666667 61.5416666666667 5.04166666666667 "城区环境评价点" 116.352 39.878
"万寿西宫" 20160813 28.4583333333333 56.5 0.65 53.875 21.875 2.16666666666667 "城区环境评价点" 116.352 39.878
"万寿西宫" 20161102 120.75 113.791666666667 1.55 87.75 7.45833333333333 9.08333333333333 "城区环境评价点" 116.352 39.878
"万寿西宫" 20160805 67.4583333333333 111.416666666667 1.04583333333333 32.4583333333333 90.4583333333333 2.08333333333333 "城区环境评价点" 116.352 39.878
"万寿西宫" 20160516 41.6363636363636 62.8333333333333 0.495833333333333 45.375 68.25 3.29166666666667 "城区环境评价点" 116.352 39.878
"万寿西宫" 20160911 37.5833333333333 57.2916666666667 0.929166666666667 32.4583333333333 83.7916666666667 2.125 "城区环境评价点" 116.352 39.878
"万寿西宫" 20160111 10.4583333333333 43.125 0.525 22.8333333333333 48.375 7.375 "城区环境评价点" 116.352 39.878
"万寿西宫" 20161101 47.875 42.6666666666667 0.8 56.8333333333333 15.2916666666667 8.16666666666667 "城区环境评价点" 116.352 39.878
"万寿西宫" 20160125 41.0833333333333 46.0833333333333 1.05833333333333 58.0416666666667 23.3333333333333 22.0416666666667 "城区环境评价点" 116.352 39.878
"万寿西宫" 20160515 40.75 64.2916666666667 0.608333333333333 30.5 45.3333333333333 2.08333333333333 "城区环境评价点" 116.352 39.878
"万寿西宫" 20160910 17.5 39.625 0.5 51.6666666666667 46.1666666666667 2.04166666666667 "城区环境评价点" 116.352 39.878
"万寿西宫" 20160606 98.5416666666667 110.375 0.954166666666667 33.2916666666667 149.083333333333 8.875 "城区环境评价点" 116.352 39.878
"万寿西宫" 20160201 12.2083333333333 43.5 0.466666666666667 30.0833333333333 47.4583333333333 8.875 "城区环境评价点" 116.352 39.878
"万寿西宫" 20160415 73.4615384615385 90.6153846153846 1.28461538461538 54.3846153846154 85.8461538461538 23.4615384615385 "城区环境评价点" 116.352 39.878
"万寿西宫" 20160514 41.0416666666667 62.1666666666667 0.670833333333333 35.2083333333333 60.4583333333333 2.5 "城区环境评价点" 116.352 39.878
"万寿西宫" 20160803 67.4761904761905 104.5 1.12380952380952 42.1578947368421 153.619047619048 2 "城区环境评价点" 116.352 39.878
"万寿西宫" 20160704 131.625 167.041666666667 1.23333333333333 33.875 129.166666666667 4 "城区环境评价点" 116.352 39.878
"万寿西宫" 20160222 70.6666666666667 129.04347826087 1.21666666666667 38.3333333333333 44.3333333333333 18.5 "城区环境评价点" 116.352 39.878
"万寿西宫" 20161030 48.4583333333333 66.25 0.808333333333333 46.4166666666667 18.6666666666667 4.79166666666667 "城区环境评价点" 116.352 39.878
"万寿西宫" 20160711 87.6666666666667 106.833333333333 0.770833333333333 31.4166666666667 121.791666666667 7.45833333333333 "城区环境评价点" 116.352 39.878
"万寿西宫" 20160229 32.5833333333333 32.625 0.695833333333333 39.2916666666667 45.7916666666667 11.9166666666667 "城区环境评价点" 116.352 39.878
"万寿西宫" 20161106 72.8333333333333 162.541666666667 1.11666666666667 56.125 21.5416666666667 9.79166666666667 "城区环境评价点" 116.352 39.878
"万寿西宫" 20160108 39.8333333333333 26 0.883333333333333 44.6666666666667 30.7916666666667 14.875 "城区环境评价点" 116.352 39.878
"万寿西宫" 20160520 88.0416666666667 119.166666666667 1.15 49.9583333333333 152.791666666667 22.0833333333333 "城区环境评价点" 116.352 39.878
"万寿西宫" 20160915 85.8333333333333 112.041666666667 1.025 51.4583333333333 88.0833333333333 3.04166666666667 "城区环境评价点" 116.352 39.878
"万寿西宫" 20160314 81.695652173913 76.304347826087 1.30869565217391 64.2608695652174 29.3478260869565 24.3478260869565 "城区环境评价点" 116.352 39.878
"万寿西宫" 20161127 57.0833333333333 250.416666666667 0.95 43.125 37.5416666666667 5.04166666666667 "城区环境评价点" 116.352 39.878
"万寿西宫" 20160405 116.625 135.166666666667 1.0625 47.9166666666667 77.3333333333333 20.4583333333333 "城区环境评价点" 116.352 39.878
"万寿西宫" 20160808 37.3888888888889 46.9411764705882 0.877777777777778 35 70.3333333333333 2.33333333333333 "城区环境评价点" 116.352 39.878
"万寿西宫" 20161204 323.458333333333 391.833333333333 4.12916666666667 124.583333333333 7.08333333333333 15.7916666666667 "城区环境评价点" 116.352 39.878
"万寿西宫" 20160624 15.0833333333333 68.4583333333333 0.470833333333333 27.8333333333333 72.4166666666667 2 "城区环境评价点" 116.352 39.878
"万寿西宫" 20160815 26.7727272727273 63.0869565217391 0.726086956521739 28.0434782608696 61.1304347826087 2 "城区环境评价点" 116.352 39.878
"万寿西宫" 20160701 15.0416666666667 68.0833333333333 0.475 27.875 106.583333333333 2 "城区环境评价点" 116.352 39.878
"万寿西宫" 20161218 268.708333333333 324.041666666667 3.58333333333333 117.125 5.70833333333333 21.0416666666667 "城区环境评价点" 116.352 39.878
"万寿西宫" 20160305 75.9166666666667 283.791666666667 0.375 13.3333333333333 69.9166666666667 2.91666666666667 "城区环境评价点" 116.352 39.878
"万寿西宫" 20160503 30.0434782608696 73.7916666666667 0.425 25.7083333333333 58.9166666666667 2 "城区环境评价点" 116.352 39.878
"万寿西宫" 20160814 24.5833333333333 44.5416666666667 0.745833333333333 51.5416666666667 69.625 3.04166666666667 "城区环境评价点" 116.352 39.878
"万寿西宫" 20161103 203.041666666667 205.083333333333 2.55 106.833333333333 3.66666666666667 6.58333333333333 "城区环境评价点" 116.352 39.878
"万寿西宫" 20160905 31.1666666666667 72.125 0.591666666666667 34.0833333333333 84.4166666666667 2.04166666666667 "城区环境评价点" 116.352 39.878
"万寿西宫" 20160517 59.125 91.3333333333333 0.720833333333333 55.4583333333333 121.666666666667 12.4166666666667 "城区环境评价点" 116.352 39.878
"万寿西宫" 20160912 36.0833333333333 44.75 0.816666666666667 40.0416666666667 69.2083333333333 2 "城区环境评价点" 116.352 39.878
"万寿西宫" 20160112 12.6363636363636 20.4782608695652 0.720833333333333 27.7916666666667 42.9583333333333 7.83333333333333 "城区环境评价点" 116.352 39.878
"万寿西宫" 20160203 37.0416666666667 55.625 1.0875 55.125 26.0416666666667 18.625 "城区环境评价点" 116.352 39.878
"万寿西宫" 20160926 60.8333333333333 131.173913043478 1.51363636363636 49.5454545454545 42.2727272727273 2.18181818181818 "城区环境评价点" 116.352 39.878
"万寿西宫" 20160210 93.6666666666667 89.7083333333333 2.50416666666667 64.0833333333333 21.2083333333333 53.8333333333333 "城区环境评价点" 116.352 39.878
"万寿西宫" 20161201 37.0833333333333 79.75 0.816666666666667 50.2916666666667 36.3333333333333 7.70833333333333 "城区环境评价点" 116.352 39.878
"万寿西宫" 20160607 63.6666666666667 110.916666666667 0.966666666666667 21.875 115.958333333333 2.375 "城区环境评价点" 116.352 39.878
"万寿西宫" 20160202 32.75 26.4166666666667 0.941666666666667 49.9583333333333 33.3333333333333 18.375 "城区环境评价点" 116.352 39.878
"万寿西宫" 20160416 24.5416666666667 82.375 0.333333333333333 17 64.5833333333333 2.16666666666667 "城区环境评价点" 116.352 39.878
"万寿西宫" 20160103 246.625 355.291666666667 2.95 72.7916666666667 15.4166666666667 24.5416666666667 "城区环境评价点" 116.352 39.878
"万寿西宫" 20160804 99.875 109.5 1.55416666666667 36.5416666666667 135.25 2.29166666666667 "城区环境评价点" 116.352 39.878
"万寿西宫" 20160705 94.5 138.291666666667 0.975 31.125 146.5 4.25 "城区环境评价点" 116.352 39.878
"万寿西宫" 20160223 11.5 42.375 0.3875 11.3333333333333 75.8333333333333 4.875 "城区环境评价点" 116.352 39.878
"万寿西宫" 20160309 11.0416666666667 21.8636363636364 0.4 10.7083333333333 66.6666666666667 4.41666666666667 "城区环境评价点" 116.352 39.878
"万寿西宫" 20160712 34.5 89.1666666666667 0.6625 32.0416666666667 78.0833333333333 3.95833333333333 "城区环境评价点" 116.352 39.878
"万寿西宫" 20160301 123.375 103.583333333333 1.8875 79 22.1666666666667 33.5 "城区环境评价点" 116.352 39.878
"万寿西宫" 20161107 42.625 89.9166666666667 0.745833333333333 43.5416666666667 22.9166666666667 3 "城区环境评价点" 116.352 39.878
"万寿西宫" 20160109 93 94.0833333333333 1.84583333333333 72.2916666666667 15.4583333333333 26.75 "城区环境评价点" 116.352 39.878
"万寿西宫" 20160521 73.125 115.25 0.941666666666667 46.125 138.458333333333 19.875 "城区环境评价点" 116.352 39.878
"万寿西宫" 20160916 150.125 183.791666666667 1.27083333333333 45.2916666666667 92.25 3.66666666666667 "城区环境评价点" 116.352 39.878
"万寿西宫" 20160315 139.95 133.45 1.495 74.95 21.5 54.3 "城区环境评价点" 116.352 39.878
"万寿西宫" 20161128 76.7916666666667 63.5416666666667 1.8375 82.6666666666667 7.70833333333333 20.1666666666667 "城区环境评价点" 116.352 39.878
"万寿西宫" 20160406 139.375 138.217391304348 1.93333333333333 61.4583333333333 57.2916666666667 32.5416666666667 "城区环境评价点" 116.352 39.878
"万寿西宫" 20160809 45.1333333333333 67.1333333333333 1.23333333333333 31.7333333333333 130.533333333333 7.73333333333333 "城区环境评价点" 116.352 39.878
"万寿西宫" 20161205 46.5 199.782608695652 1.02916666666667 47.8333333333333 28.1666666666667 7 "城区环境评价点" 116.352 39.878
"万寿西宫" 20160625 11.8823529411765 29.7647058823529 0.276470588235294 22.8235294117647 80.3529411764706 2.47058823529412 "城区环境评价点" 116.352 39.878
"万寿西宫" 20160816 24.5416666666667 44.7916666666667 0.61304347826087 37.4166666666667 76.6086956521739 2 "城区环境评价点" 116.352 39.878
"万寿西宫" 20160702 49.0833333333333 62.5416666666667 0.720833333333333 46.6666666666667 104.5 2.41666666666667 "城区环境评价点" 116.352 39.878
"万寿西宫" 20161219 292.791666666667 319.75 4.87083333333333 141.708333333333 4.83333333333333 17.4583333333333 "城区环境评价点" 116.352 39.878
"万寿西宫" 20160306 78.3333333333333 115.5 1.55 67.75 14.7083333333333 28.1666666666667 "城区环境评价点" 116.352 39.878
"万寿西宫" 20160504 29.5454545454545 64.0833333333333 0.545833333333333 47.4166666666667 62.2083333333333 4 "城区环境评价点" 116.352 39.878
"万寿西宫" 20160114 100.416666666667 102.833333333333 2.48333333333333 82.9583333333333 15.625 37.5416666666667 "城区环境评价点" 116.352 39.878
"万寿西宫" 20161104 242.541666666667 282.416666666667 3.30833333333333 118.916666666667 4 4.20833333333333 "城区环境评价点" 116.352 39.878
"万寿西宫" 20160906 23.3888888888889 55.5294117647059 0.605555555555556 54.1111111111111 35.7222222222222 2.61111111111111 "城区环境评价点" 116.352 39.878
"万寿西宫" 20160518 57.875 90.5416666666667 0.629166666666667 32.3333333333333 140.958333333333 11.2083333333333 "城区环境评价点" 116.352 39.878
"万寿西宫" 20160913 87.7083333333333 86.8333333333333 1.13333333333333 64.3333333333333 63.4583333333333 2.75 "城区环境评价点" 116.352 39.878
"万寿西宫" 20160113 42.7916666666667 36.3333333333333 1.2875 59.2083333333333 20.625 18.0416666666667 "城区环境评价点" 116.352 39.878
"万寿西宫" 20160204 10.6818181818182 42.5652173913044 0.430434782608696 20.1304347826087 61.6086956521739 6.69565217391304 "城区环境评价点" 116.352 39.878
"万寿西宫" 20160927 28.3333333333333 76.9166666666667 0.770833333333333 28.2916666666667 38.6666666666667 2.08333333333333 "城区环境评价点" 116.352 39.878
"万寿西宫" 20160211 147.166666666667 179.166666666667 2.62916666666667 65.375 5.91666666666667 43.4166666666667 "城区环境评价点" 116.352 39.878
"万寿西宫" 20161202 130.375 113.541666666667 2.09166666666667 96.3333333333333 6.54166666666667 23.375 "城区环境评价点" 116.352 39.878
"万寿西宫" 20160608 152.125 135.416666666667 1.41666666666667 35.9166666666667 126.875 2.75 "城区环境评价点" 116.352 39.878
"万寿西宫" 20161209 26.3478260869565 56.5238095238095 0.769565217391304 44.6086956521739 30.3478260869565 9.43478260869565 "城区环境评价点" 116.352 39.878
"万寿西宫" 20160417 10.0416666666667 41.3333333333333 0.229166666666667 12.625 90 2 "城区环境评价点" 116.352 39.878
"万寿西宫" 20160104 60.2631578947368 180.315789473684 1.21052631578947 37.8947368421053 40 8.1578947368421 "城区环境评价点" 116.352 39.878
"万寿西宫" 20160820 65.8333333333333 68.9583333333333 1.33333333333333 44.5833333333333 100.5 2 "城区环境评价点" 116.352 39.878
"万寿西宫" 20160706 67.875 109.916666666667 0.954166666666667 38.7083333333333 146.666666666667 4.25 "城区环境评价点" 116.352 39.878
"万寿西宫" 20161208 106.75 211.130434782609 1.89166666666667 61.6666666666667 33.1666666666667 14.1666666666667 "城区环境评价点" 116.352 39.878
"万寿西宫" 20160310 12.0833333333333 27.9583333333333 0.429166666666667 11.5833333333333 69.125 4.375 "城区环境评价点" 116.352 39.878
"万寿西宫" 20160713 23.3333333333333 59.3333333333333 0.516666666666667 39.0833333333333 105.541666666667 2.66666666666667 "城区环境评价点" 116.352 39.878
"万寿西宫" 20160819 21.875 62.875 1.05 25.1666666666667 74.5416666666667 2 "城区环境评价点" 116.352 39.878
"万寿西宫" 20161108 38.1304347826087 41.5416666666667 0.783333333333333 53.4166666666667 16.0416666666667 5.45833333333333 "城区环境评价点" 116.352 39.878
"万寿西宫" 20161222 84.125 324.75 2.04347826086956 47.7916666666667 43.8333333333333 3.58333333333333 "城区环境评价点" 116.352 39.878
"万寿西宫" 20160522 47.0833333333333 89.75 0.716666666666667 58.125 122.375 8.375 "城区环境评价点" 116.352 39.878
"万寿西宫" 20160917 47.5 119.708333333333 0.916666666666667 37.5 41.125 2.25 "城区环境评价点" 116.352 39.878
"万寿西宫" 20160316 246.916666666667 247.458333333333 2.18333333333333 88.25 49.5833333333333 42.1666666666667 "城区环境评价点" 116.352 39.878
"万寿西宫" 20161129 103.541666666667 118.458333333333 2.56666666666667 87 2.41666666666667 27.3333333333333 "城区环境评价点" 116.352 39.878
"万寿西宫" 20160407 89.5416666666667 204.5 1.20416666666667 46.7916666666667 53.8333333333333 3.58333333333333 "城区环境评价点" 116.352 39.878
"万寿西宫" 20160810 82.1363636363636 89.7 0.986363636363636 27.9545454545455 98.0909090909091 2 "城区环境评价点" 116.352 39.878
"万寿西宫" 20161206 86.7272727272727 66.0416666666667 2.11666666666667 97.4583333333333 4.95833333333333 21.5416666666667 "城区环境评价点" 116.352 39.878
"万寿西宫" 20160101 187.708333333333 170.375 3.13333333333333 102.625 12.4583333333333 38.75 "城区环境评价点" 116.352 39.878
"万寿西宫" 20160817 66.375 58.4583333333333 1.11739130434783 66.875 26.2608695652174 2.1304347826087 "城区环境评价点" 116.352 39.878
"万寿西宫" 20160421 93.5217391304348 117.478260869565 0.843478260869565 62.2173913043478 65.6521739130435 6.47826086956522 "城区环境评价点" 116.352 39.878
"万寿西宫" 20161220 438.318181818182 405.909090909091 8.60434782608696 152.652173913043 5.31818181818182 6.56521739130435 "城区环境评价点" 116.352 39.878
"万寿西宫" 20160307 43.1666666666667 110.833333333333 1.09583333333333 34.4166666666667 53.375 14.8333333333333 "城区环境评价点" 116.352 39.878
"万寿西宫" 20161113 93.5 101.416666666667 2.3875 76.375 2 6.66666666666667 "城区环境评价点" 116.352 39.878
"万寿西宫" 20160115 106.916666666667 144.541666666667 2.575 80.2083333333333 13.0833333333333 35.4583333333333 "城区环境评价点" 116.352 39.878
"万寿西宫" 20160831 20.1666666666667 55.4583333333333 0.466666666666667 43.4166666666667 55.0416666666667 2.54166666666667 "城区环境评价点" 116.352 39.878
"万寿西宫" 20160929 55.2083333333333 55.25 0.8 75.625 35.7916666666667 2 "城区环境评价点" 116.352 39.878
"万寿西宫" 20160321 131.875 133.375 1.32916666666667 81.2916666666667 51.125 24.125 "城区环境评价点" 116.352 39.878
"万寿西宫" 20161112 72.625 102.125 1.5875 71.6666666666667 10.125 7.58333333333333 "城区环境评价点" 116.352 39.878
"万寿西宫" 20160526 17.5416666666667 53.9583333333333 0.325 30.375 94.375 2.04166666666667 "城区环境评价点" 116.352 39.878
"万寿西宫" 20160205 9.625 35.3333333333333 0.416666666666667 13.875 67.125 7.83333333333333 "城区环境评价点" 116.352 39.878
"万寿西宫" 20160928 16.5833333333333 26.0833333333333 0.445833333333333 42.25 28.75 2 "城区环境评价点" 116.352 39.878
"万寿西宫" 20160212 151.625 184.5 2.42083333333333 59.0416666666667 16.75 20.25 "城区环境评价点" 116.352 39.878
"万寿西宫" 20161203 236.083333333333 215.666666666667 3.50416666666667 124.666666666667 4.75 22.8333333333333 "城区环境评价点" 116.352 39.878
"万寿西宫" 20160609 96.4285714285714 192.15 1.1047619047619 30.6666666666667 144.380952380952 6.90476190476191 "城区环境评价点" 116.352 39.878
"万寿西宫" 20161210 53.625 60.1666666666667 1.40833333333333 71.375 7.54166666666667 14.875 "城区环境评价点" 116.352 39.878
"万寿西宫" 20160418 15.35 32.3888888888889 0.29 22.4 80.65 2.25 "城区环境评价点" 116.352 39.878
"万寿西宫" 20160105 40.75 35.1666666666667 0.966666666666667 41.1666666666667 27.375 16.7083333333333 "城区环境评价点" 116.352 39.878
"万寿西宫" 20160821 58.7083333333333 99.4583333333333 1.11666666666667 49.125 119.458333333333 2.08333333333333 "城区环境评价点" 116.352 39.878
"万寿西宫" 20160707 109.5 118.833333333333 1.23333333333333 35.4166666666667 160.625 7.16666666666667 "城区环境评价点" 116.352 39.878
"万寿西宫" 20161224 122.391304347826 112.695652173913 2.33913043478261 90.0869565217391 7.52173913043478 28.7391304347826 "城区环境评价点" 116.352 39.878
"万寿西宫" 20160311 22.125 44.6666666666667 0.533333333333333 27.5833333333333 57.75 6.58333333333333 "城区环境评价点" 116.352 39.878
"万寿西宫" 20160714 32.0833333333333 50.1666666666667 0.883333333333333 43.375 96.2916666666667 4.79166666666667 "城区环境评价点" 116.352 39.878
"万寿西宫" 20160318 196.041666666667 325.583333333333 1.5875 74.5416666666667 58.8333333333333 15.2916666666667 "城区环境评价点" 116.352 39.878
"万寿西宫" 20161109 162.958333333333 131.333333333333 2.45833333333333 92.0416666666667 5.91666666666667 9.04166666666667 "城区环境评价点" 116.352 39.878
"万寿西宫" 20161223 37.7222222222222 43.75 0.755555555555556 56.7777777777778 22.6111111111111 6.16666666666667 "城区环境评价点" 116.352 39.878
"万寿西宫" 20160523 64.2083333333333 84 1.05833333333333 47.7916666666667 100.458333333333 18.3333333333333 "城区环境评价点" 116.352 39.878
"万寿西宫" 20160918 24.9583333333333 54 0.683333333333333 38.7916666666667 18.5416666666667 2 "城区环境评价点" 116.352 39.878
"万寿西宫" 20160317 272.136363636364 286.958333333333 2.25416666666667 92.5416666666667 52.2083333333333 32.0416666666667 "城区环境评价点" 116.352 39.878
"万寿西宫" 20161130 106 151.75 2.27083333333333 75.0833333333333 17.0869565217391 14.5416666666667 "城区环境评价点" 116.352 39.878
"万寿西宫" 20160408 18.875 56.625 0.333333333333333 25.6666666666667 77.0416666666667 4.58333333333333 "城区环境评价点" 116.352 39.878
"万寿西宫" 20160811 84.4583333333333 111.791666666667 1.00869565217391 28.695652173913 82.3478260869565 2.52173913043478 "城区环境评价点" 116.352 39.878
"万寿西宫" 20161207 150.416666666667 162.666666666667 2.9625 115.333333333333 4.29166666666667 25.9166666666667 "城区环境评价点" 116.352 39.878
"万寿西宫" 20160102 292.291666666667 291.173913043478 5.24166666666667 129.875 11.5833333333333 41.375 "城区环境评价点" 116.352 39.878
"万寿西宫" 20160818 88.9583333333333 127.416666666667 1.78333333333333 45.125 25.25 2.04166666666667 "城区环境评价点" 116.352 39.878
"万寿西宫" 20160422 29.2083333333333 96.125 0.25 17.125 91.6666666666667 2 "城区环境评价点" 116.352 39.878
"万寿西宫" 20161221 422.083333333333 434.791666666667 8.78333333333333 175.875 2.08333333333333 8.25 "城区环境评价点" 116.352 39.878
"万寿西宫" 20160308 12.3333333333333 30.1428571428571 0.394444444444444 13.3888888888889 74.8888888888889 2.94444444444444 "城区环境评价点" 116.352 39.878
"万寿西宫" 20161114 44.7916666666667 123.416666666667 1.02916666666667 39.9166666666667 36.625 3.45833333333333 "城区环境评价点" 116.352 39.878
"万寿西宫" 20160116 127.041666666667 150.833333333333 2.4125 62.75 6.91666666666667 51.125 "城区环境评价点" 116.352 39.878
"万寿西宫" 20160901 8.91666666666667 35.2083333333333 0.329166666666667 28.7083333333333 47.1666666666667 2.04166666666667 "城区环境评价点" 116.352 39.878
"万寿西宫" 20160930 100.041666666667 103.625 1.10416666666667 88.5 56.625 2 "城区环境评价点" 116.352 39.878
"万寿西宫" 20160322 113.5 180.958333333333 1.5375 79.125 28.0833333333333 30.3333333333333 "城区环境评价点" 116.352 39.878
"万寿西宫" 20161007 37.9583333333333 65.875 1.74166666666667 48.2083333333333 8.375 2 "城区环境评价点" 116.352 39.878
"万寿西宫" 20160527 48.7916666666667 75.0833333333333 0.691666666666667 57.7083333333333 98.4166666666667 11.875 "城区环境评价点" 116.352 39.878
"万寿西宫" 20160206 42.3333333333333 38.5 1.025 41.875 40.8333333333333 20.4583333333333 "城区环境评价点" 116.352 39.878
"万寿西宫" 20160420 69.9523809523809 100.125 0.785714285714286 38.7619047619048 78.8571428571429 9.85714285714286 "城区环境评价点" 116.352 39.878
"万寿西宫" 20160213 11.5 114.416666666667 0.433333333333333 8.83333333333333 63.625 5.5 "城区环境评价点" 116.352 39.878
"万寿西宫" 20161006 66 97.375 1.7 57.0416666666667 6.75 2 "城区环境评价点" 116.352 39.878
"万寿西宫" 20160610 74.7 109.041666666667 0.683333333333333 18.0833333333333 136.75 2.25 "城区环境评价点" 116.352 39.878
"万寿西宫" 20161211 193.333333333333 157 3.2625 109.666666666667 4.95833333333333 36.7083333333333 "城区环境评价点" 116.352 39.878
"万寿西宫" 20160419 78.1578947368421 73.1764705882353 1.47894736842105 62.0526315789474 30.8947368421053 24.3684210526316 "城区环境评价点" 116.352 39.878
"万寿西宫" 20160426 69.875 113.166666666667 1.275 39.7916666666667 97.4166666666667 25.6666666666667 "城区环境评价点" 116.352 39.878
"万寿西宫" 20160822 47 77.1666666666667 1.00416666666667 34.2916666666667 97.1666666666667 3.54166666666667 "城区环境评价点" 116.352 39.878
"万寿西宫" 20161027 32.9583333333333 58.6666666666667 1.13333333333333 56.1666666666667 2.91666666666667 4.91666666666667 "城区环境评价点" 116.352 39.878
"万寿西宫" 20161225 158.076923076923 190.153846153846 3.00769230769231 110.076923076923 2.30769230769231 35.1538461538462 "城区环境评价点" 116.352 39.878
"万寿西宫" 20160829 19.1666666666667 44.7916666666667 0.508333333333333 49.2916666666667 58.5 2.33333333333333 "城区环境评价点" 116.352 39.878
"万寿西宫" 20160920 25.9583333333333 45.3333333333333 0.616666666666667 54.375 38.9583333333333 2.29166666666667 "城区环境评价点" 116.352 39.878
"万寿西宫" 20160319 65.9583333333333 126.166666666667 0.966666666666667 35.125 62.875 17 "城区环境评价点" 116.352 39.878
"万寿西宫" 20161110 153.916666666667 228.416666666667 1.47916666666667 68.375 5.41666666666667 5.04166666666667 "城区环境评价点" 116.352 39.878
"万寿西宫" 20160410 53.6363636363636 122.958333333333 0.945833333333333 41.7083333333333 64.875 16.625 "城区环境评价点" 116.352 39.878
"万寿西宫" 20160524 21.9166666666667 59.9583333333333 0.4375 28.9583333333333 87.8333333333333 3.125 "城区环境评价点" 116.352 39.878
"万寿西宫" 20160919 14.9166666666667 30 0.454166666666667 41.625 29.75 2 "城区环境评价点" 116.352 39.878
"万寿西宫" 20160531 36.4782608695652 102.916666666667 0.758333333333333 31.9166666666667 84.375 7.83333333333333 "城区环境评价点" 116.352 39.878
"万寿西宫" 20161124 87.9166666666667 69.75 1.48333333333333 71.875 11.9166666666667 20.1666666666667 "城区环境评价点" 116.352 39.878
"万寿西宫" 20160409 68.7083333333333 98.5 0.7875 57.8333333333333 51.1666666666667 11.7916666666667 "城区环境评价点" 116.352 39.878
"万寿西宫" 20160217 51.2916666666667 43.6666666666667 1.15 47.0833333333333 35.625 17.875 "城区环境评价点" 116.352 39.878
"万寿西宫" 20161010 91.5833333333333 77.3333333333333 1.39583333333333 82.4166666666667 9.29166666666667 8.20833333333333 "城区环境评价点" 116.352 39.878
"万寿西宫" 20160423 25.9583333333333 56.0416666666667 0.345833333333333 30.75 64.25 3.125 "城区环境评价点" 116.352 39.878
"万寿西宫" 20161215 32.7083333333333 62.7916666666667 1.00416666666667 45.5 27.5 11.625 "城区环境评价点" 116.352 39.878
"万寿西宫" 20160903 22.375 39.0416666666667 0.533333333333333 39.6666666666667 68.5833333333333 2.20833333333333 "城区环境评价点" 116.352 39.878
"万寿西宫" 20160430 167.916666666667 225.333333333333 1.53333333333333 62.75 129.75 11.5833333333333 "城区环境评价点" 116.352 39.878
"万寿西宫" 20160826 11.875 29.8333333333333 0.329166666666667 33.2083333333333 56.5 2 "城区环境评价点" 116.352 39.878
"万寿西宫" 20161115 35.0416666666667 43.375 1.35833333333333 67.5 11.25 11.5833333333333 "城区环境评价点" 116.352 39.878
"万寿西宫" 20160117 36 117.625 0.754166666666667 23.2083333333333 50.875 9.54166666666667 "城区环境评价点" 116.352 39.878
"万寿西宫" 20160902 14.75 41.1666666666667 0.4625 40.5833333333333 29.0833333333333 2 "城区环境评价点" 116.352 39.878
"万寿西宫" 20161001 157.291666666667 176.291666666667 1.64166666666667 102.916666666667 45.125 2 "城区环境评价点" 116.352 39.878
"万寿西宫" 20160323 19 89.0416666666667 0.425 25.0416666666667 63.5416666666667 4.41666666666667 "城区环境评价点" 116.352 39.878
"万寿西宫" 20161008 11.0416666666667 34.5 0.441666666666667 24.8333333333333 41.5416666666667 2 "城区环境评价点" 116.352 39.878
"万寿西宫" 20160528 38.875 88.625 0.641666666666667 38.875 121.416666666667 10.4166666666667 "城区环境评价点" 116.352 39.878
"万寿西宫" 20160207 51.9166666666667 73.25 1.11666666666667 37.6666666666667 48.25 23.2916666666667 "城区环境评价点" 116.352 39.878
"万寿西宫" 20161015 175.833333333333 245.458333333333 2.07083333333333 102.416666666667 2 3.08333333333333 "城区环境评价点" 116.352 39.878
"万寿西宫" 20160214 8.125 22.2083333333333 0.383333333333333 8.95833333333333 69.4583333333333 5.25 "城区环境评价点" 116.352 39.878
"万寿西宫" 20160824 83.6666666666667 108.375 1.11666666666667 49.2173913043478 74.9166666666667 2.83333333333333 "城区环境评价点" 116.352 39.878
"万寿西宫" 20160611 17.75 59.75 0.408333333333333 21.875 88.2916666666667 2 "城区环境评价点" 116.352 39.878
"万寿西宫" 20161212 225.684210526316 267.368421052632 2.8 110.631578947368 3.84210526315789 48.9473684210526 "城区环境评价点" 116.352 39.878
"万寿西宫" 20161120 58.4583333333333 128.5 1.20416666666667 46.1666666666667 5.25 3.45833333333333 "城区环境评价点" 116.352 39.878
"万寿西宫" 20160427 87.7916666666667 101.260869565217 1.12083333333333 53.375 81.7083333333333 12.625 "城区环境评价点" 116.352 39.878
"万寿西宫" 20160823 69.9166666666667 70.0833333333333 0.970833333333333 41.6666666666667 78.9166666666667 4.70833333333333 "城区环境评价点" 116.352 39.878
"万寿西宫" 20161028 12.6818181818182 42.8333333333333 0.454166666666667 30.375 26.0833333333333 2.25 "城区环境评价点" 116.352 39.878
"万寿西宫" 20161226 45.1666666666667 145.875 1.03636363636364 51.7916666666667 26.0416666666667 15.625 "城区环境评价点" 116.352 39.878
"万寿西宫" 20160830 33.0416666666667 64.7916666666667 0.733333333333333 54.2083333333333 94.4166666666667 2.66666666666667 "城区环境评价点" 116.352 39.878
"万寿西宫" 20160921 78.2083333333333 74.625 1.0625 94.375 19.2916666666667 3.625 "城区环境评价点" 116.352 39.878
"万寿西宫" 20160320 65.375 80.3333333333333 0.958333333333333 60.4583333333333 39.875 10.7916666666667 "城区环境评价点" 116.352 39.878
"万寿西宫" 20161111 101.708333333333 165.75 1.85416666666667 73.625 3.625 5 "城区环境评价点" 116.352 39.878
"万寿西宫" 20160411 40 86.7222222222222 0.659090909090909 42.8636363636364 55.5909090909091 11.6363636363636 "城区环境评价点" 116.352 39.878
"万寿西宫" 20160525 12.1666666666667 43.375 0.354166666666667 21.9583333333333 105.708333333333 2.08333333333333 "城区环境评价点" 116.352 39.878
"万寿西宫" 20161012 72.0416666666667 111.125 1.10833333333333 65.2083333333333 25.75 4.20833333333333 "城区环境评价点" 116.352 39.878
"万寿西宫" 20160601 30.7272727272727 73.5416666666667 0.670833333333333 41 95.75 4.16666666666667 "城区环境评价点" 116.352 39.878
"万寿西宫" 20161125 178.541666666667 181.875 2.74166666666667 102.083333333333 3.91666666666667 29.2916666666667 "城区环境评价点" 116.352 39.878
"万寿西宫" 20161019 222.652173913043 232.826086956522 2.35652173913043 88.1363636363636 6.77272727272727 4.17391304347826 "城区环境评价点" 116.352 39.878
"万寿西宫" 20160218 17.6666666666667 56.4166666666667 0.504166666666667 21.2916666666667 66.5833333333333 6 "城区环境评价点" 116.352 39.878
"万寿西宫" 20161011 118.708333333333 158.416666666667 1.575 75.2083333333333 22.2083333333333 7.66666666666667 "城区环境评价点" 116.352 39.878
"万寿西宫" 20160424 84.7083333333333 79.0833333333333 0.945833333333333 50.7916666666667 70.4166666666667 24.6666666666667 "城区环境评价点" 116.352 39.878
"万寿西宫" 20161216 195.291666666667 131.416666666667 2.65 112.916666666667 5.66666666666667 26.375 "城区环境评价点" 116.352 39.878
"万寿西宫" 20160904 73.1666666666667 77.6666666666667 0.966666666666667 50.5416666666667 89.4583333333333 4.70833333333333 "城区环境评价点" 116.352 39.878
"万寿西宫" 20160501 184.041666666667 220.25 2.0875 36.5833333333333 150.541666666667 27.375 "城区环境评价点" 116.352 39.878
"万寿西宫" 20160827 16.7083333333333 46.3333333333333 0.525 45.4166666666667 37.4583333333333 2.625 "城区环境评价点" 116.352 39.878
"万寿西宫" 20161116 98.9130434782609 99.9545454545455 2.19565217391304 88.9130434782609 7.52173913043478 11.4347826086957 "城区环境评价点" 116.352 39.878
"万寿西宫" 20160118 8.95833333333333 29.7916666666667 0.725 13.25 59.75 5.04166666666667 "城区环境评价点" 116.352 39.878
"万寿西宫" 20160209 49.375 103.916666666667 1.40416666666667 46.5 41.25 24.1666666666667 "城区环境评价点" 116.352 39.878
"万寿西宫" 20161002 186.625 224.333333333333 1.5875 90.5 52.1666666666667 2.04166666666667 "城区环境评价点" 116.352 39.878
"万寿西宫" 20160324 15.3478260869565 28.7916666666667 0.375 28.7916666666667 63.0833333333333 2.66666666666667 "城区环境评价点" 116.352 39.878
"万寿西宫" 20161009 33.125 38.9583333333333 0.779166666666667 56.5833333333333 11.5 2.16666666666667 "城区环境评价点" 116.352 39.878
"万寿西宫" 20160529 34.5416666666667 70.2083333333333 0.504166666666667 32.75 106.041666666667 4.66666666666667 "城区环境评价点" 116.352 39.878
"万寿西宫" 20160208 278.625 297.666666666667 1.41666666666667 43 44.375 85.4166666666667 "城区环境评价点" 116.352 39.878
"万寿西宫" 20161016 110.916666666667 195.083333333333 0.983333333333333 61.4166666666667 25.5416666666667 2.79166666666667 "城区环境评价点" 116.352 39.878
"万寿西宫" 20160215 8.41666666666667 23.625 0.316666666666667 11.125 68.9166666666667 3.79166666666667 "城区环境评价点" 116.352 39.878
"万寿西宫" 20160825 22.5416666666667 78.2083333333333 0.483333333333333 26.7916666666667 55.125 2.20833333333333 "城区环境评价点" 116.352 39.878
"万寿西宫" 20160612 70.8333333333333 81.0833333333333 1.02916666666667 33.4166666666667 133.708333333333 6.375 "城区环境评价点" 116.352 39.878
"万寿西宫" 20161213 56.0416666666667 183.583333333333 1.0875 58.5 19.7083333333333 10.3333333333333 "城区环境评价点" 116.352 39.878
"万寿西宫" 20161121 11.0416666666667 55.5416666666667 0.316666666666667 16.6666666666667 50.9166666666667 3.125 "城区环境评价点" 116.352 39.878
"万寿西宫" 20160428 85.8333333333333 128.458333333333 1.07916666666667 50.125 92.3333333333333 8.375 "城区环境评价点" 116.352 39.878
"万寿西宫" 20160619 70.3333333333333 94.5 0.85 40 152.125 4.29166666666667 "城区环境评价点" 116.352 39.878
"万寿西宫" 20161022 16.625 44.2916666666667 0.645833333333333 32.7083333333333 15.25 2 "城区环境评价点" 116.352 39.878
"万寿西宫" 20161227 40.9583333333333 32.3333333333333 0.570833333333333 48.5 26.5416666666667 7.375 "城区环境评价点" 116.352 39.878
"万寿西宫" 20161217 229.291666666667 252.166666666667 3.15833333333333 114.5 5 32.0833333333333 "城区环境评价点" 116.352 39.878
"万寿西宫" 20160922 116.458333333333 126.25 1.22083333333333 72.9583333333333 53.125 5.75 "城区环境评价点" 116.352 39.878
"万寿西宫" 20160618 52.5416666666667 77.875 0.804166666666667 50.4583333333333 110.25 4.625 "城区环境评价点" 116.352 39.878
"万寿西宫" 20161021 46 70.4583333333333 0.945833333333333 39.9166666666667 16.0833333333333 2 "城区环境评价点" 116.352 39.878
"万寿西宫" 20161117 102.125 137.708333333333 2.05 67.9583333333333 3.16666666666667 14.0833333333333 "城区环境评价点" 116.352 39.878
"万寿西宫" 20161119 138.666666666667 217 2.00833333333333 69.4583333333333 17.9166666666667 8.33333333333333 "城区环境评价点" 116.352 39.878
"万寿西宫" 20161013 156.208333333333 145.791666666667 1.67083333333333 88 27.125 3.5 "城区环境评价点" 116.352 39.878
"万寿西宫" 20160602 42.3333333333333 83.9166666666667 0.754166666666667 53 119.833333333333 7.5 "城区环境评价点" 116.352 39.878
"万寿西宫" 20161126 318 312.875 3.91666666666667 128.583333333333 5.125 23.8333333333333 "城区环境评价点" 116.352 39.878
"万寿西宫" 20161025 110.833333333333 122.375 1.57916666666667 73.5416666666667 3.41666666666667 2.45833333333333 "城区环境评价点" 116.352 39.878
"万寿西宫" 20160219 15.375 31.6666666666667 0.475 24.1666666666667 56.375 4.08333333333333 "城区环境评价点" 116.352 39.878
"万寿西宫" 20160327 16.75 29.4583333333333 0.370833333333333 34 52.7916666666667 3.41666666666667 "城区环境评价点" 116.352 39.878
"万寿西宫" 20160425 90.625 118.416666666667 0.770833333333333 32.5 104.875 15 "城区环境评价点" 116.352 39.878
"万寿西宫" 20160216 8.83333333333333 38.7083333333333 0.395833333333333 18.875 64.9583333333333 3 "城区环境评价点" 116.352 39.878
"万寿西宫" 20161024 70.5 69.9166666666667 1.32083333333333 59.9166666666667 2.29166666666667 2.45833333333333 "城区环境评价点" 116.352 39.878
"万寿西宫" 20160502 54.0833333333333 147.916666666667 0.454166666666667 18.5 72.2916666666667 2.625 "城区环境评价点" 116.352 39.878
"万寿西宫" 20160828 12 36.4166666666667 0.345833333333333 33.2916666666667 58.3333333333333 2.29166666666667 "城区环境评价点" 116.352 39.878
"万寿西宫" 20161122 7.78260869565217 20.2916666666667 0.265217391304348 18.375 43.1739130434783 3.75 "城区环境评价点" 116.352 39.878
"万寿西宫" 20160119 74.5416666666667 62.5 1.7375 60.1666666666667 16.0416666666667 29.9583333333333 "城区环境评价点" 116.352 39.878
"万寿西宫" 20161018 123.875 108.416666666667 1.7625 81.375 5.5 4.29166666666667 "城区环境评价点" 116.352 39.878
"万寿西宫" 20161003 113.958333333333 193.25 1.2625 63.375 52.5416666666667 2 "城区环境评价点" 116.352 39.878
"万寿西宫" 20160325 16.7272727272727 32.2857142857143 0.440909090909091 31.6363636363636 60.7727272727273 3.5 "城区环境评价点" 116.352 39.878
"万寿西宫" 20161020 81.8333333333333 214.333333333333 1.57083333333333 53.75 10.5416666666667 5.875 "城区环境评价点" 116.352 39.878
"万寿西宫" 20160530 87.1666666666667 103.916666666667 1.13333333333333 52.5416666666667 147.791666666667 16.4166666666667 "城区环境评价点" 116.352 39.878
"万寿西宫" 20161017 66.1666666666667 113.041666666667 0.991666666666667 57.5 27.4583333333333 2.20833333333333 "城区环境评价点" 116.352 39.878
"万寿西宫" 20161123 36 34.1666666666667 0.470833333333333 43 22.6666666666667 10.2083333333333 "城区环境评价点" 116.352 39.878
"万寿西宫" 20161118 183.208333333333 180.041666666667 4.0625 88 2 20.6666666666667 "城区环境评价点" 116.352 39.878
"万寿西宫" 20160616 32 58.2916666666667 0.65 51.9583333333333 78.25 2.5 "城区环境评价点" 116.352 39.878
"万寿西宫" 20160613 58.4166666666667 81.8333333333333 0.779166666666667 28.5 100.25 2.58333333333333 "城区环境评价点" 116.352 39.878
"万寿西宫" 20161214 30.75 38.6666666666667 0.766666666666667 46.875 27.375 11.4583333333333 "城区环境评价点" 116.352 39.878
"万寿西宫" 20160326 10.75 33.75 0.345833333333333 21.8333333333333 67.875 2.75 "城区环境评价点" 116.352 39.878
"万寿西宫" 20160429 120.791666666667 105.625 1.39583333333333 57.1666666666667 95.9583333333333 19.375 "城区环境评价点" 116.352 39.878
"万寿西宫" 20160620 118.3125 131.9375 1.23333333333333 26.6666666666667 179.3125 5.9375 "城区环境评价点" 116.352 39.878
"万寿西宫" 20161023 32.5833333333333 36.375 0.7125 47.75 15.0833333333333 2.66666666666667 "城区环境评价点" 116.352 39.878
"万寿西宫" 20161228 85.5714285714286 120.428571428571 0.952941176470588 51.8333333333333 19.5789473684211 8.73684210526316 "城区环境评价点" 116.352 39.878
"万寿西宫" 20160622 53.4583333333333 85.9583333333333 0.929166666666667 29.9583333333333 146.291666666667 2.125 "城区环境评价点" 116.352 39.878
"万寿西宫" 20160923 107.769230769231 150.913043478261 1.25714285714286 46 93.8095238095238 2.85 "城区环境评价点" 116.352 39.878
"万寿西宫" 20161005 57.7916666666667 55.3333333333333 1.325 46.0416666666667 22.2083333333333 2 "城区环境评价点" 116.352 39.878
"万寿西宫" 20161004 32.625 101.333333333333 0.975 39.4583333333333 22.2083333333333 2 "城区环境评价点" 116.352 39.878
"万寿西宫" 20160617 33.2173913043478 63.2916666666667 0.616666666666667 50.9583333333333 56.5416666666667 2.29166666666667 "城区环境评价点" 116.352 39.878
"万寿西宫" 20160621 57.3 116.416666666667 1.08333333333333 25.25 216.083333333333 2.33333333333333 "城区环境评价点" 116.352 39.878
"万寿西宫" 20161014 222.904761904762 233.739130434783 2.3695652173913 103.478260869565 22.9565217391304 4.43478260869565 "城区环境评价点" 116.352 39.878
"万寿西宫" 20160328 81.75 81.125 0.820833333333333 63.1666666666667 40.4166666666667 22.0833333333333 "城区环境评价点" 116.352 39.878
"万寿西宫" 20160329 20.1304347826087 86 0.369565217391304 26.6521739130435 69.7826086956522 5.47826086956522 "城区环境评价点" 116.352 39.878
"万寿西宫" 20161026 45.05 116.315789473684 0.885 47.95 19.9 2.75 "城区环境评价点" 116.352 39.878
"万寿西宫" 20160615 25.5416666666667 53.25 0.575 28.375 102.25 2.29166666666667 "城区环境评价点" 116.352 39.878
"万寿西宫" 20160614 40.8333333333333 73.7916666666667 0.7 20.75 83 2 "城区环境评价点" 116.352 39.878
"万寿西宫" 20160331 147.916666666667 124.375 1.48333333333333 73.6666666666667 56.3333333333333 36.125 "城区环境评价点" 116.352 39.878
"万寿西宫" 20160401 32.7916666666667 143.125 0.429166666666667 26.4166666666667 65.25 4.54166666666667 "城区环境评价点" 116.352 39.878
"万寿西宫" 20160623 74.6666666666667 91.4166666666667 1.14583333333333 35.4166666666667 120.333333333333 5.625 "城区环境评价点" 116.352 39.878
"万寿西宫" 20160925 168.791666666667 217.791666666667 1.67916666666667 59.2727272727273 80.1363636363636 3 "城区环境评价点" 116.352 39.878
"万寿西宫" 20160330 26.7916666666667 57.1666666666667 0.570833333333333 39.875 60.625 9.20833333333333 "城区环境评价点" 116.352 39.878
"万寿西宫" 20160924 128.739130434783 140.782608695652 1.34761904761905 63.1428571428571 86.2272727272727 3 "城区环境评价点" 116.352 39.878
