"奥体中心" 20160101 164.958333333333 154.583333333333 3.92916666666667 122.625 10.6666666666667 45.6666666666667 "城区环境评价点" 116.397 39.982
"奥体中心" 20160626 39.9047619047619 68.0833333333333 0.454166666666667 35.125 119.173913043478 4.875 "城区环境评价点" 116.397 39.982
"奥体中心" 20160505 48.7083333333333 55.125 0.945833333333333 41.0416666666667 82.1304347826087 14.8333333333333 "城区环境评价点" 116.397 39.982
"奥体中心" 20160307 50 120.75 0.991666666666667 30.4166666666667 53.3333333333333 14.8333333333333 "城区环境评价点" 116.397 39.982
"奥体中心" 20160907 40.25 67.9166666666667 0.607142857142857 43.7142857142857 106.857142857143 4 "城区环境评价点" 116.397 39.982
"奥体中心" 20160314 78.6190476190476 90.3913043478261 1.26363636363636 49.6363636363636 43.8571428571429 22 "城区环境评价点" 116.397 39.982
"奥体中心" 20160717 81.1739130434783 89.4782608695652 0.956521739130435 45.6086956521739 118.434782608696 2.60869565217391 "城区环境评价点" 116.397 39.982
"奥体中心" 20160122 17.75 110.708333333333 0.8 19.625 58.2608695652174 5.25 "城区环境评价点" 116.397 39.982
"奥体中心" 20161119 127.583333333333 215.916666666667 1.94583333333333 67.7916666666667 21.5416666666667 5.58333333333333 "城区环境评价点" 116.397 39.982
"奥体中心" 20160526 22.7083333333333 48.2916666666667 0.308333333333333 23.4583333333333 91.8333333333333 4 "城区环境评价点" 116.397 39.982
"奥体中心" 20160404 68.875 73.3333333333333 0.5875 36.7083333333333 72.5416666666667 9.75 "城区环境评价点" 116.397 39.982
"奥体中心" 20160928 15.9090909090909 29 0.51875 59.5384615384615 22 2 "城区环境评价点" 116.397 39.982
"奥体中心" 20160807 19.1304347826087 70.65 0.639130434782609 23 100.086956521739 2.1304347826087 "城区环境评价点" 116.397 39.982
"奥体中心" 20160212 155.125 190.291666666667 2.55833333333333 48.2916666666667 30.125 23.2083333333333 "城区环境评价点" 116.397 39.982
"奥体中心" 20161210 44.4583333333333 56.7916666666667 1.43333333333333 67.3478260869565 10.8260869565217 14.8333333333333 "城区环境评价点" 116.397 39.982
"奥体中心" 20160616 23.2857142857143 46.5833333333333 0.491666666666667 38.125 82.695652173913 2.08333333333333 "城区环境评价点" 116.397 39.982
"奥体中心" 20161019 226.695652173913 222.695652173913 2.32173913043478 97.1818181818182 13.1818181818182 3.43478260869565 "城区环境评价点" 116.397 39.982
"奥体中心" 20160425 84.5833333333333 116.708333333333 0.725 25.4166666666667 111.217391304348 14.2083333333333 "城区环境评价点" 116.397 39.982
"奥体中心" 20160226 33.625 45.4166666666667 0.729166666666667 33.1666666666667 54.875 12.6666666666667 "城区环境评价点" 116.397 39.982
"奥体中心" 20160304 348.916666666667 398.708333333333 5.42916666666667 100.083333333333 8.43478260869565 65.9166666666667 "城区环境评价点" 116.397 39.982
"奥体中心" 20160707 108.541666666667 119.041666666667 1.23333333333333 29.8333333333333 162.375 7.79166666666667 "城区环境评价点" 116.397 39.982
"奥体中心" 20160112 12.8333333333333 26.5652173913043 0.6625 30.0833333333333 48.2173913043478 8.79166666666667 "城区环境评价点" 116.397 39.982
"奥体中心" 20161109 159.090909090909 126.583333333333 2.6304347826087 96.0869565217391 3.73913043478261 14.2173913043478 "城区环境评价点" 116.397 39.982
"奥体中心" 20160516 26.5 54.1666666666667 0.491666666666667 39.5 64.6666666666667 3.95833333333333 "城区环境评价点" 116.397 39.982
"奥体中心" 20160318 213.083333333333 352.333333333333 1.77916666666667 57.25 61.6086956521739 13.4583333333333 "城区环境评价点" 116.397 39.982
"奥体中心" 20160918 20.9166666666667 49.2272727272727 0.391666666666667 35.625 21.875 2 "城区环境评价点" 116.397 39.982
"奥体中心" 20160325 16.4545454545455 33.0952380952381 0.445454545454545 31.7272727272727 66.3636363636364 2.04545454545455 "城区环境评价点" 116.397 39.982
"奥体中心" 20160202 24.75 30.75 0.933333333333333 47.3333333333333 44.75 16.8333333333333 "城区环境评价点" 116.397 39.982
"奥体中心" 20160530 77.1666666666667 97.9583333333333 1.11363636363636 36.8181818181818 164.818181818182 20.5 "城区环境评价点" 116.397 39.982
"奥体中心" 20160606 88.0833333333333 107.083333333333 0.8875 26.3333333333333 146.565217391304 8.25 "城区环境评价点" 116.397 39.982
"奥体中心" 20161009 30.4166666666667 47.5416666666667 0.675 56.304347826087 16.695652173913 3.875 "城区环境评价点" 116.397 39.982
"奥体中心" 20160415 61.875 74.0416666666667 1.13333333333333 50.2916666666667 51.6086956521739 20.7916666666667 "城区环境评价点" 116.397 39.982
"奥体中心" 20160216 6.41666666666667 55.1666666666667 0.291666666666667 13.5 71.2083333333333 19.625 "城区环境评价点" 116.397 39.982
"奥体中心" 20160818 82.4166666666667 115.25 1.58333333333333 49.695652173913 29.2173913043478 2 "城区环境评价点" 116.397 39.982
"奥体中心" 20160223 13.4583333333333 50.625 0.404166666666667 15.5416666666667 67.4782608695652 7.45833333333333 "城区环境评价点" 116.397 39.982
"奥体中心" 20160102 272.791666666667 274 5.6125 143.875 14.3478260869565 49.5416666666667 "城区环境评价点" 116.397 39.982
"奥体中心" 20160627 57.9583333333333 70.4583333333333 0.6625 30.2916666666667 126.916666666667 6.91666666666667 "城区环境评价点" 116.397 39.982
"奥体中心" 20160506 64.75 136.291666666667 0.183333333333333 13.125 88.125 2 "城区环境评价点" 116.397 39.982
"奥体中心" 20160308 16.8125 34.4166666666667 0.325 12.125 70.5625 3.9375 "城区环境评价点" 116.397 39.982
"奥体中心" 20160908 20.6666666666667 55.625 0.479166666666667 48.9583333333333 52.5833333333333 2 "城区环境评价点" 116.397 39.982
"奥体中心" 20160315 147.65 147.8 1.48 57.8 31.4 54.35 "城区环境评价点" 116.397 39.982
"奥体中心" 20160718 102.541666666667 129.333333333333 1.125 57.0416666666667 95.695652173913 3.25 "城区环境评价点" 116.397 39.982
"奥体中心" 20160123 9.73913043478261 30.0434782608696 0.634782608695652 13.2173913043478 56.9130434782609 2 "城区环境评价点" 116.397 39.982
"奥体中心" 20161120 53.6521739130435 120.25 1.15416666666667 44.3181818181818 9.52173913043478 2.21739130434783 "城区环境评价点" 116.397 39.982
"奥体中心" 20160527 44.75 65.5 0.595454545454545 34.7727272727273 115.818181818182 14.6363636363636 "城区环境评价点" 116.397 39.982
"奥体中心" 20160405 114.304347826087 131.086956521739 0.960869565217391 42.6521739130435 82.1818181818182 19.1818181818182 "城区环境评价点" 116.397 39.982
"奥体中心" 20160929 54.125 60.875 0.723809523809524 61.6818181818182 32.9545454545455 4.2 "城区环境评价点" 116.397 39.982
"奥体中心" 20160808 33.9444444444444 44.3529411764706 0.666666666666667 31.2352941176471 86.4705882352941 2 "城区环境评价点" 116.397 39.982
"奥体中心" 20160213 9.75 114.208333333333 0.404166666666667 8.79166666666667 62.1739130434783 6.08333333333333 "城区环境评价点" 116.397 39.982
"奥体中心" 20161211 176.791666666667 134.913043478261 3.9375 114.916666666667 4.45833333333333 34.75 "城区环境评价点" 116.397 39.982
"奥体中心" 20160617 13.4090909090909 48.0833333333333 0.570833333333333 41 53.125 2 "城区环境评价点" 116.397 39.982
"奥体中心" 20161020 93.7916666666667 235.041666666667 1.4 68.1666666666667 12.875 4.5 "城区环境评价点" 116.397 39.982
"奥体中心" 20160426 69.5833333333333 109.458333333333 1.45416666666667 36.75 97.2083333333333 29 "城区环境评价点" 116.397 39.982
"奥体中心" 20160227 20.5416666666667 48.4583333333333 0.579166666666667 27.1666666666667 56.9565217391304 8.75 "城区环境评价点" 116.397 39.982
"奥体中心" 20160305 70.375 314.416666666667 0.420833333333333 18.5 66.1666666666667 4.45833333333333 "城区环境评价点" 116.397 39.982
"奥体中心" 20160708 91.0416666666667 125.291666666667 1.1625 35.7083333333333 122.869565217391 6.08333333333333 "城区环境评价点" 116.397 39.982
"奥体中心" 20160113 19.5833333333333 35.1666666666667 0.8625 53.4583333333333 35.9583333333333 14.5 "城区环境评价点" 116.397 39.982
"奥体中心" 20161110 147.583333333333 232 1.7304347826087 75.7272727272727 10.7826086956522 5.625 "城区环境评价点" 116.397 39.982
"奥体中心" 20160517 62.5416666666667 77.3333333333333 0.658333333333333 41.0416666666667 123 11.2916666666667 "城区环境评价点" 116.397 39.982
"奥体中心" 20160319 70.7916666666667 134.083333333333 1.15833333333333 32.7916666666667 64.75 16.0416666666667 "城区环境评价点" 116.397 39.982
"奥体中心" 20160919 10.7083333333333 28.9583333333333 0.295833333333333 38.304347826087 35.6521739130435 2 "城区环境评价点" 116.397 39.982
"奥体中心" 20160326 10.75 35.0416666666667 0.4 26.0833333333333 71.1739130434783 9.54166666666667 "城区环境评价点" 116.397 39.982
"奥体中心" 20160203 33.9583333333333 46.2916666666667 1.12916666666667 56.0416666666667 35.1304347826087 23.25 "城区环境评价点" 116.397 39.982
"奥体中心" 20160531 43.4166666666667 97 0.783333333333333 29.2083333333333 84.6086956521739 11.0416666666667 "城区环境评价点" 116.397 39.982
"奥体中心" 20160607 57.5416666666667 102.708333333333 0.833333333333333 18.625 120.125 2.33333333333333 "城区环境评价点" 116.397 39.982
"奥体中心" 20161010 92.2727272727273 74.75 1.19166666666667 85 15.2916666666667 8.625 "城区环境评价点" 116.397 39.982
"奥体中心" 20160416 26.1666666666667 83.2916666666667 0.279166666666667 15.7083333333333 64.9583333333333 3.66666666666667 "城区环境评价点" 116.397 39.982
"奥体中心" 20160217 47.2727272727273 42.8333333333333 1.12083333333333 49 39.4347826086956 13.5 "城区环境评价点" 116.397 39.982
"奥体中心" 20160819 19.75 61.1666666666667 0.845833333333333 31.9166666666667 73.5833333333333 2 "城区环境评价点" 116.397 39.982
"奥体中心" 20160224 25.7916666666667 33.9166666666667 0.841666666666667 36.1666666666667 47.0833333333333 11.5416666666667 "城区环境评价点" 116.397 39.982
"奥体中心" 20160103 263.375 354.458333333333 4.29583333333333 106.166666666667 13.8333333333333 21.875 "城区环境评价点" 116.397 39.982
"奥体中心" 20160628 73.7083333333333 82.4583333333333 0.729166666666667 24.4583333333333 85.0434782608696 2 "城区环境评价点" 116.397 39.982
"奥体中心" 20160507 19.695652173913 42.7083333333333 0.25 27.3333333333333 86.695652173913 3.04166666666667 "城区环境评价点" 116.397 39.982
"奥体中心" 20160309 35.1333333333333 25.4285714285714 0.343478260869565 12.6521739130435 65.4347826086957 4.69565217391304 "城区环境评价点" 116.397 39.982
"奥体中心" 20160909 19.9166666666667 52.7083333333333 0.408333333333333 52.304347826087 37.3478260869565 3.54166666666667 "城区环境评价点" 116.397 39.982
"奥体中心" 20160316 259.125 259.333333333333 2.54166666666667 62.6666666666667 60.6086956521739 40.9583333333333 "城区环境评价点" 116.397 39.982
"奥体中心" 20160719 97.75 132.333333333333 1.1125 47 41.625 2.20833333333333 "城区环境评价点" 116.397 39.982
"奥体中心" 20160124 12.4583333333333 55.5833333333333 0.8125 25.2083333333333 51.9565217391304 7.45833333333333 "城区环境评价点" 116.397 39.982
"奥体中心" 20161121 9.79166666666667 39.4583333333333 0.420833333333333 15 59.9166666666667 3.95833333333333 "城区环境评价点" 116.397 39.982
"奥体中心" 20160528 40.9166666666667 78.4166666666667 0.622727272727273 25.9545454545455 134.409090909091 12.4090909090909 "城区环境评价点" 116.397 39.982
"奥体中心" 20160406 146.083333333333 141.217391304348 2.0625 52.5833333333333 63.125 35.5833333333333 "城区环境评价点" 116.397 39.982
"奥体中心" 20160930 100.625 104.458333333333 0.991304347826087 84.75 64.75 5.63636363636364 "城区环境评价点" 116.397 39.982
"奥体中心" 20160809 48.2666666666667 77.1333333333333 1.14666666666667 32.6 162.466666666667 5.53333333333333 "城区环境评价点" 116.397 39.982
"奥体中心" 20160214 6.5 21.5833333333333 0.358333333333333 6.83333333333333 67.6666666666667 2 "城区环境评价点" 116.397 39.982
"奥体中心" 20161212 214.444444444444 256.055555555556 2.97222222222222 111.647058823529 3.52941176470588 39.1666666666667 "城区环境评价点" 116.397 39.982
"奥体中心" 20160618 28.3913043478261 68.8333333333333 0.6 35.1666666666667 113.086956521739 4.20833333333333 "城区环境评价点" 116.397 39.982
"奥体中心" 20161021 46.375 69.4583333333333 0.758333333333333 50.9565217391304 13.4347826086957 2 "城区环境评价点" 116.397 39.982
"奥体中心" 20160427 88.0833333333333 99.1304347826087 1.14583333333333 48.2916666666667 72.7826086956522 11.6666666666667 "城区环境评价点" 116.397 39.982
"奥体中心" 20160228 35.5416666666667 52.9583333333333 0.904166666666667 31.0416666666667 45.25 8.625 "城区环境评价点" 116.397 39.982
"奥体中心" 20160306 75.25 130.583333333333 1.5625 61.25 21.4347826086957 31.4583333333333 "城区环境评价点" 116.397 39.982
"奥体中心" 20160709 78.7083333333333 114.125 0.729166666666667 34.4583333333333 114.208333333333 4.41666666666667 "城区环境评价点" 116.397 39.982
"奥体中心" 20160114 60.5416666666667 58.9583333333333 1.72916666666667 84.3333333333333 26.3913043478261 25.125 "城区环境评价点" 116.397 39.982
"奥体中心" 20161111 74.7916666666667 122.625 1.46086956521739 77.8695652173913 6.08333333333333 7.29166666666667 "城区环境评价点" 116.397 39.982
"奥体中心" 20160518 57.2083333333333 87.7083333333333 0.579166666666667 22.0833333333333 142.416666666667 9.33333333333333 "城区环境评价点" 116.397 39.982
"奥体中心" 20160320 64.0833333333333 93.625 1.07083333333333 47.9166666666667 50.2608695652174 7.41666666666667 "城区环境评价点" 116.397 39.982
"奥体中心" 20160920 18.25 37.0416666666667 0.425 49.9583333333333 44.875 2 "城区环境评价点" 116.397 39.982
"奥体中心" 20160327 13.0833333333333 32.5 0.4375 33.875 67.0416666666667 10.875 "城区环境评价点" 116.397 39.982
"奥体中心" 20160204 12 35.7083333333333 0.504166666666667 18.2916666666667 68.8333333333333 15 "城区环境评价点" 116.397 39.982
"奥体中心" 20160601 29.2083333333333 67.625 0.616666666666667 35.25 96.4583333333333 6.08333333333333 "城区环境评价点" 116.397 39.982
"奥体中心" 20160608 123.041666666667 114.166666666667 1.1875 25.125 147.521739130435 3.16666666666667 "城区环境评价点" 116.397 39.982
"奥体中心" 20161011 115.583333333333 154.625 1.37083333333333 71.4347826086957 28.9130434782609 5.25 "城区环境评价点" 116.397 39.982
"奥体中心" 20160417 12 43.9047619047619 0.2375 10.0833333333333 89.7826086956522 2.16666666666667 "城区环境评价点" 116.397 39.982
"奥体中心" 20160218 16.9166666666667 55.625 0.508333333333333 23.125 67.3333333333333 3.375 "城区环境评价点" 116.397 39.982
"奥体中心" 20160820 56.375 68.8333333333333 1.02083333333333 38.2173913043478 130.217391304348 2 "城区环境评价点" 116.397 39.982
"奥体中心" 20160225 22.5833333333333 50.2916666666667 0.741666666666667 36.5 47.6086956521739 9.375 "城区环境评价点" 116.397 39.982
"奥体中心" 20160104 45.4583333333333 179.869565217391 1.15833333333333 40.875 47.9565217391304 8.08333333333333 "城区环境评价点" 116.397 39.982
"奥体中心" 20160629 113.083333333333 131.791666666667 0.8875 25.9583333333333 97.0416666666667 2 "城区环境评价点" 116.397 39.982
"奥体中心" 20160508 62.375 67.625 0.7625 33.7916666666667 84.375 15.625 "城区环境评价点" 116.397 39.982
"奥体中心" 20160310 14.4615384615385 41.25 0.3875 16.2083333333333 70.2608695652174 5.625 "城区环境评价点" 116.397 39.982
"奥体中心" 20160910 14.7916666666667 39.7083333333333 0.320833333333333 45.875 52.7083333333333 2.45833333333333 "城区环境评价点" 116.397 39.982
"奥体中心" 20160317 293.875 329.708333333333 2.53333333333333 74.0416666666667 48.5833333333333 29.0833333333333 "城区环境评价点" 116.397 39.982
"奥体中心" 20160720 40.8333333333333 100.625 0.658333333333333 21.7916666666667 55.1739130434783 2 "城区环境评价点" 116.397 39.982
"奥体中心" 20160125 20.1666666666667 44.2083333333333 0.966666666666667 16.875 47.7916666666667 21.1666666666667 "城区环境评价点" 116.397 39.982
"奥体中心" 20161122 8.16666666666667 23.1666666666667 0.358333333333333 19.0434782608696 53.4347826086956 5.20833333333333 "城区环境评价点" 116.397 39.982
"奥体中心" 20160529 33.6521739130435 64.3478260869565 0.438095238095238 27.4761904761905 117.142857142857 6.61904761904762 "城区环境评价点" 116.397 39.982
"奥体中心" 20160407 87.9583333333333 208.875 1.05416666666667 39.25 60.9130434782609 3.29166666666667 "城区环境评价点" 116.397 39.982
"奥体中心" 20161001 164.125 181.083333333333 1.35 101.304347826087 62.0434782608696 8.25 "城区环境评价点" 116.397 39.982
"奥体中心" 20160810 73.9523809523809 85 0.771428571428571 21.45 135.05 2.14285714285714 "城区环境评价点" 116.397 39.982
"奥体中心" 20160215 6.83333333333333 29.5833333333333 0.325 10.3333333333333 68.2173913043478 8.125 "城区环境评价点" 116.397 39.982
"奥体中心" 20161213 52.6363636363636 179.083333333333 1.10833333333333 53.8695652173913 28.5 7.65217391304348 "城区环境评价点" 116.397 39.982
"奥体中心" 20160619 62.5833333333333 85.875 0.779166666666667 28.4166666666667 155.208333333333 4.5 "城区环境评价点" 116.397 39.982
"奥体中心" 20161022 15.5833333333333 46.2083333333333 0.5 32.7083333333333 16.4166666666667 2 "城区环境评价点" 116.397 39.982
"奥体中心" 20160428 91.375 134.791666666667 0.983333333333333 44.4166666666667 91.1666666666667 7.45833333333333 "城区环境评价点" 116.397 39.982
"奥体中心" 20160229 32.6666666666667 36.3333333333333 0.716666666666667 36.5833333333333 48.9130434782609 12.2916666666667 "城区环境评价点" 116.397 39.982
"奥体中心" 20160108 30.9583333333333 30.875 0.925 45.2916666666667 39.6521739130435 14.5 "城区环境评价点" 116.397 39.982
"奥体中心" 20160710 88.5833333333333 121.478260869565 0.691666666666667 31.875 129.130434782609 5.5 "城区环境评价点" 116.397 39.982
"奥体中心" 20160115 88.7083333333333 108 2.42083333333333 98.9583333333333 14.7916666666667 34.8333333333333 "城区环境评价点" 116.397 39.982
"奥体中心" 20161112 72.6666666666667 98.375 1.4 72.9565217391304 11.1304347826087 7.5 "城区环境评价点" 116.397 39.982
"奥体中心" 20160519 81.4761904761905 105.086956521739 0.826086956521739 26.9130434782609 179.5 15.4782608695652 "城区环境评价点" 116.397 39.982
"奥体中心" 20160321 129.916666666667 132.375 1.36521739130435 63.9545454545455 54.695652173913 18.6666666666667 "城区环境评价点" 116.397 39.982
"奥体中心" 20160921 67.3333333333333 67.2916666666667 0.895833333333333 85.7826086956522 22.8260869565217 7.375 "城区环境评价点" 116.397 39.982
"奥体中心" 20160328 76.75 89.1666666666667 0.854166666666667 62.5 40.7826086956522 22.375 "城区环境评价点" 116.397 39.982
"奥体中心" 20160205 12.4583333333333 27.4583333333333 0.441666666666667 13.5 71.1304347826087 8.375 "城区环境评价点" 116.397 39.982
"奥体中心" 20160602 44.7083333333333 78.5833333333333 0.733333333333333 39.0833333333333 129.826086956522 10.125 "城区环境评价点" 116.397 39.982
"奥体中心" 20160609 101.190476190476 179.45 0.980952380952381 24.952380952381 145.142857142857 7 "城区环境评价点" 116.397 39.982
"奥体中心" 20161012 76.0833333333333 112 1.10833333333333 66.2916666666667 29.4583333333333 2.58333333333333 "城区环境评价点" 116.397 39.982
"奥体中心" 20160418 14.35 35.6666666666667 0.275 15.95 87.65 2.75 "城区环境评价点" 116.397 39.982
"奥体中心" 20160219 15.625 32.6666666666667 0.516666666666667 24.1666666666667 60.2173913043478 3.34782608695652 "城区环境评价点" 116.397 39.982
"奥体中心" 20160821 51.0833333333333 99.875 0.779166666666667 43.125 145.166666666667 2.04166666666667 "城区环境评价点" 116.397 39.982
"奥体中心" 20160623 79.9130434782609 97.2173913043478 1.0304347826087 30.6521739130435 109.95652173913 5.73913043478261 "城区环境评价点" 116.397 39.982
"奥体中心" 20160105 31.1666666666667 30.8333333333333 1.01666666666667 46.6666666666667 35.1666666666667 7.79166666666667 "城区环境评价点" 116.397 39.982
"奥体中心" 20160630 54.9583333333333 113.958333333333 0.616666666666667 25.5833333333333 123.695652173913 2.08333333333333 "城区环境评价点" 116.397 39.982
"奥体中心" 20160509 40.2083333333333 69.4583333333333 0.533333333333333 27.2916666666667 57.3913043478261 4.875 "城区环境评价点" 116.397 39.982
"奥体中心" 20160311 26.0434782608696 58.875 0.625 33.375 58.4166666666667 10.2083333333333 "城区环境评价点" 116.397 39.982
"奥体中心" 20160911 36.5833333333333 59 0.704166666666667 33.8695652173913 90.6086956521739 2.16666666666667 "城区环境评价点" 116.397 39.982
"奥体中心" 20160119 54.1666666666667 54.6666666666667 1.59583333333333 72.25 17.1666666666667 20.4166666666667 "城区环境评价点" 116.397 39.982
"奥体中心" 20160721 25.875 27.625 0.720833333333333 20.6666666666667 43 2 "城区环境评价点" 116.397 39.982
"奥体中心" 20160126 33.1428571428571 46.6666666666667 1.02380952380952 9.95 45.6 17.1904761904762 "城区环境评价点" 116.397 39.982
"奥体中心" 20161123 15.9583333333333 24.2083333333333 0.533333333333333 32.1666666666667 38.7083333333333 7.91666666666667 "城区环境评价点" 116.397 39.982
"奥体中心" 20160925 166.041666666667 218.5 1.32916666666667 55 79.5652173913043 2.33333333333333 "城区环境评价点" 116.397 39.982
"奥体中心" 20160408 25.0869565217391 60.9583333333333 0.295833333333333 28.75 76.0416666666667 5.45833333333333 "城区环境评价点" 116.397 39.982
"奥体中心" 20161002 189.583333333333 227.625 1.30416666666667 80.375 76.1666666666667 3.25 "城区环境评价点" 116.397 39.982
"奥体中心" 20160811 83.0833333333333 107.708333333333 0.841666666666667 25.2916666666667 119.041666666667 3.29166666666667 "城区环境评价点" 116.397 39.982
"奥体中心" 20160613 43.5714285714286 74 0.590909090909091 22.2272727272727 99.5 2.27272727272727 "城区环境评价点" 116.397 39.982
"奥体中心" 20161214 25.6521739130435 37.7391304347826 0.704347826086957 48.6818181818182 32.695652173913 10.9130434782609 "城区环境评价点" 116.397 39.982
"奥体中心" 20160620 86.9583333333333 118.166666666667 1.11666666666667 23.0833333333333 188.608695652174 5.79166666666667 "城区环境评价点" 116.397 39.982
"奥体中心" 20161023 26.7083333333333 31.7083333333333 0.5625 41.1304347826087 18.3913043478261 2.375 "城区环境评价点" 116.397 39.982
"奥体中心" 20160429 121.208333333333 106.166666666667 1.35416666666667 48.4583333333333 99.1739130434783 18.3333333333333 "城区环境评价点" 116.397 39.982
"奥体中心" 20160301 125.166666666667 106.375 2.2375 75.625 25.7916666666667 35.1666666666667 "城区环境评价点" 116.397 39.982
"奥体中心" 20160109 68 75.375 1.84583333333333 85.7083333333333 15.75 25.7083333333333 "城区环境评价点" 116.397 39.982
"奥体中心" 20160711 87.8333333333333 106.375 0.5875 27.375 132 8.16666666666667 "城区环境评价点" 116.397 39.982
"奥体中心" 20160116 121.916666666667 142.291666666667 2.86666666666667 83.9166666666667 10.4347826086957 49.7916666666667 "城区环境评价点" 116.397 39.982
"奥体中心" 20161113 96.625 99.3333333333333 2.28333333333333 76.0416666666667 2.08333333333333 6 "城区环境评价点" 116.397 39.982
"奥体中心" 20160520 88.9583333333333 116.333333333333 1.2 36.4347826086956 153.913043478261 23.6086956521739 "城区环境评价点" 116.397 39.982
"奥体中心" 20160322 118.333333333333 184.083333333333 1.725 68 33.9130434782609 26.25 "城区环境评价点" 116.397 39.982
"奥体中心" 20160922 106.708333333333 118.75 0.983333333333333 69.125 60.1666666666667 8.875 "城区环境评价点" 116.397 39.982
"奥体中心" 20160329 17.875 105.318181818182 0.35 24.6666666666667 75.125 11.0833333333333 "城区环境评价点" 116.397 39.982
"奥体中心" 20160206 18.2083333333333 33.5833333333333 0.675 27.125 58.3333333333333 9.125 "城区环境评价点" 116.397 39.982
"奥体中心" 20160603 81.0416666666667 89.3333333333333 1.32916666666667 46.7916666666667 130 25.25 "城区环境评价点" 116.397 39.982
"奥体中心" 20160610 52.375 102.458333333333 0.566666666666667 16.2916666666667 135.782608695652 2.66666666666667 "城区环境评价点" 116.397 39.982
"奥体中心" 20161013 161.333333333333 150.25 1.57083333333333 90.695652173913 34.8260869565217 2.625 "城区环境评价点" 116.397 39.982
"奥体中心" 20160419 71.8421052631579 68.1176470588235 1.28947368421053 47.5263157894737 39.5789473684211 21.5789473684211 "城区环境评价点" 116.397 39.982
"奥体中心" 20160220 13.25 27.6521739130435 0.416666666666667 19.0833333333333 65.9166666666667 6.41666666666667 "城区环境评价点" 116.397 39.982
"奥体中心" 20160822 44.1666666666667 72.375 0.820833333333333 27.5652173913043 125.782608695652 6.5 "城区环境评价点" 116.397 39.982
"奥体中心" 20160624 15.8333333333333 67.25 0.375 27.4166666666667 66.6086956521739 2 "城区环境评价点" 116.397 39.982
"奥体中心" 20160106 23.875 58.4166666666667 0.954166666666667 43.9166666666667 37.0434782608696 11.5 "城区环境评价点" 116.397 39.982
"奥体中心" 20160701 13.5 58.375 0.341666666666667 21.5416666666667 94.4166666666667 2 "城区环境评价点" 116.397 39.982
"奥体中心" 20160510 47.6521739130435 61.4347826086956 0.595652173913043 29.7391304347826 93.695652173913 4.73913043478261 "城区环境评价点" 116.397 39.982
"奥体中心" 20160312 112.583333333333 89.5416666666667 2.13333333333333 69.25 25.9130434782609 47.5833333333333 "城区环境评价点" 116.397 39.982
"奥体中心" 20160912 29.5416666666667 40.8333333333333 0.583333333333333 34.5416666666667 82 2 "城区环境评价点" 116.397 39.982
"奥体中心" 20160120 126.5 126.75 4.1 92.875 11.9130434782609 68.2083333333333 "城区环境评价点" 116.397 39.982
"奥体中心" 20160722 84.4583333333333 86.1666666666667 0.970833333333333 21.4166666666667 87.9130434782609 2 "城区环境评价点" 116.397 39.982
"奥体中心" 20160127 104.5 89.1904761904762 2.435 35.4545454545455 17.3 41.05 "城区环境评价点" 116.397 39.982
"奥体中心" 20161124 70.7272727272727 45.4166666666667 1.42083333333333 78.1818181818182 12.6521739130435 16.2083333333333 "城区环境评价点" 116.397 39.982
"奥体中心" 20160926 57 129.782608695652 1.00416666666667 50.4166666666667 53.1666666666667 2 "城区环境评价点" 116.397 39.982
"奥体中心" 20160409 91.5384615384615 122.521739130435 0.708695652173913 46.4347826086956 58.0909090909091 14.7391304347826 "城区环境评价点" 116.397 39.982
"奥体中心" 20161003 119.75 202.25 1.09166666666667 69.8695652173913 62.0434782608696 2.41666666666667 "城区环境评价点" 116.397 39.982
"奥体中心" 20160812 84.0666666666667 114.846153846154 0.88 36.5714285714286 60.7142857142857 2 "城区环境评价点" 116.397 39.982
"奥体中心" 20160614 36.9166666666667 61.7916666666667 0.583333333333333 21.3333333333333 78.4347826086957 2 "城区环境评价点" 116.397 39.982
"奥体中心" 20161215 27.5 54.7916666666667 0.9375 47.6666666666667 33.9583333333333 13.0416666666667 "城区环境评价点" 116.397 39.982
"奥体中心" 20160621 91.2916666666667 112.333333333333 0.920833333333333 23.9583333333333 156.75 2.875 "城区环境评价点" 116.397 39.982
"奥体中心" 20161024 69.25 69 1.17083333333333 72.0416666666667 2.20833333333333 2.33333333333333 "城区环境评价点" 116.397 39.982
"奥体中心" 20160430 163.5 225.25 1.37083333333333 49.3333333333333 124.125 10.125 "城区环境评价点" 116.397 39.982
"奥体中心" 20160302 169.958333333333 212.916666666667 2.9625 96.25 27.8695652173913 42.7083333333333 "城区环境评价点" 116.397 39.982
"奥体中心" 20160110 43.6666666666667 80.2173913043478 1.56666666666667 66.9166666666667 25 18.75 "城区环境评价点" 116.397 39.982
"奥体中心" 20160712 25.75 88.625 0.475 29.125 78.2608695652174 3.58333333333333 "城区环境评价点" 116.397 39.982
"奥体中心" 20160117 42.5833333333333 121.208333333333 1.1 34.625 49.6666666666667 8.16666666666667 "城区环境评价点" 116.397 39.982
"奥体中心" 20161114 44.125 124.583333333333 0.991666666666667 40.3913043478261 41.0434782608696 3.41666666666667 "城区环境评价点" 116.397 39.982
"奥体中心" 20160521 72.875 114.583333333333 0.854166666666667 39.5 135.782608695652 19.5 "城区环境评价点" 116.397 39.982
"奥体中心" 20160323 20.8333333333333 100.416666666667 0.491666666666667 25.5 66.0833333333333 3.83333333333333 "城区环境评价点" 116.397 39.982
"奥体中心" 20160923 136.863636363636 157.727272727273 1.15454545454545 57.5714285714286 114.363636363636 2.54545454545455 "城区环境评价点" 116.397 39.982
"奥体中心" 20160330 27.4583333333333 61.7916666666667 0.525 36.625 64.8260869565217 14.9583333333333 "城区环境评价点" 116.397 39.982
"奥体中心" 20160207 36.875 48.6666666666667 1.0625 36.6666666666667 54.2173913043478 20.7916666666667 "城区环境评价点" 116.397 39.982
"奥体中心" 20160604 80.7916666666667 117.791666666667 0.895833333333333 23.8333333333333 169.782608695652 17.4583333333333 "城区环境评价点" 116.397 39.982
"奥体中心" 20160611 9.95833333333333 45.2916666666667 0.295833333333333 22.4583333333333 80.5416666666667 2.5 "城区环境评价点" 116.397 39.982
"奥体中心" 20161014 240.333333333333 258.166666666667 1.9125 120.75 29.9583333333333 3.20833333333333 "城区环境评价点" 116.397 39.982
"奥体中心" 20160420 68.7619047619048 96.6875 0.738095238095238 32.5714285714286 82.7619047619048 8.80952380952381 "城区环境评价点" 116.397 39.982
"奥体中心" 20160221 78.0833333333333 59.75 1.54166666666667 56.4166666666667 31 28.9166666666667 "城区环境评价点" 116.397 39.982
"奥体中心" 20160823 65.5833333333333 68.2916666666667 0.716666666666667 36.0416666666667 101.458333333333 7.79166666666667 "城区环境评价点" 116.397 39.982
"奥体中心" 20160625 16.25 29 0.3 25.8333333333333 79.875 2.20833333333333 "城区环境评价点" 116.397 39.982
"奥体中心" 20160107 11.9166666666667 30.1304347826087 0.554166666666667 28.0416666666667 48.2083333333333 7.66666666666667 "城区环境评价点" 116.397 39.982
"奥体中心" 20160702 52.1666666666667 67.5833333333333 0.654166666666667 29.5416666666667 117.826086956522 2.95833333333333 "城区环境评价点" 116.397 39.982
"奥体中心" 20160511 147.666666666667 127.208333333333 1.0875 24.125 138.565217391304 14.375 "城区环境评价点" 116.397 39.982
"奥体中心" 20160313 27.75 107.458333333333 0.654166666666667 26.5833333333333 71.1666666666667 11 "城区环境评价点" 116.397 39.982
"奥体中心" 20160913 90.8333333333333 84.8333333333333 0.945833333333333 56.0909090909091 74.4347826086957 2.04347826086957 "城区环境评价点" 116.397 39.982
"奥体中心" 20160121 137.375 177.166666666667 3.35 78.8333333333333 11 35.9166666666667 "城区环境评价点" 116.397 39.982
"奥体中心" 20160723 136.25 146.708333333333 1.10416666666667 27.5833333333333 109.291666666667 2 "城区环境评价点" 116.397 39.982
"奥体中心" 20160128 142.708333333333 193.5 3.27727272727273 76.5833333333333 22.6818181818182 56.8636363636364 "城区环境评价点" 116.397 39.982
"奥体中心" 20161125 165.75 168 2.8625 107.708333333333 4.16666666666667 23.9583333333333 "城区环境评价点" 116.397 39.982
"奥体中心" 20160927 26.2608695652174 70.25 0.561904761904762 31.2 40.2380952380952 2 "城区环境评价点" 116.397 39.982
"奥体中心" 20160410 78.3333333333333 158.416666666667 0.816666666666667 39.625 66.8333333333333 18.0416666666667 "城区环境评价点" 116.397 39.982
"奥体中心" 20161004 34.75 102.125 0.916666666666667 39.5833333333333 22.7916666666667 2.08333333333333 "城区环境评价点" 116.397 39.982
"奥体中心" 20160813 22.6666666666667 46.375 0.675 47.4583333333333 27.25 2.66666666666667 "城区环境评价点" 116.397 39.982
"奥体中心" 20160615 17.5 44.2916666666667 0.4375 27.5833333333333 93.1666666666667 2.66666666666667 "城区环境评价点" 116.397 39.982
"奥体中心" 20161216 85 63 1.95833333333333 101.826086956522 6.08695652173913 19.875 "城区环境评价点" 116.397 39.982
"奥体中心" 20160622 51.7083333333333 101.708333333333 0.675 24.375 149.130434782609 2.58333333333333 "城区环境评价点" 116.397 39.982
"奥体中心" 20161025 101.875 115.833333333333 1.40416666666667 84.1739130434783 4.08695652173913 2.08333333333333 "城区环境评价点" 116.397 39.982
"奥体中心" 20160501 191.666666666667 217.083333333333 2.175 31.2916666666667 153.478260869565 26.1666666666667 "城区环境评价点" 116.397 39.982
"奥体中心" 20160303 303.166666666667 266.75 4.22083333333333 100.625 20.0833333333333 58.8333333333333 "城区环境评价点" 116.397 39.982
"奥体中心" 20160111 11.6521739130435 44.304347826087 0.695652173913043 26.5217391304348 52.9130434782609 2.26086956521739 "城区环境评价点" 116.397 39.982
"奥体中心" 20160713 22.7083333333333 58.625 0.383333333333333 36.625 103.458333333333 2.08333333333333 "城区环境评价点" 116.397 39.982
"奥体中心" 20160118 8.91304347826087 36.9166666666667 0.541666666666667 17.8333333333333 45.1739130434783 2.66666666666667 "城区环境评价点" 116.397 39.982
"奥体中心" 20161115 41.2916666666667 43.25 1.34166666666667 70.5416666666667 12.375 10.6666666666667 "城区环境评价点" 116.397 39.982
"奥体中心" 20160522 48.375 90 0.65 46.0416666666667 119.25 8.375 "城区环境评价点" 116.397 39.982
"奥体中心" 20160324 14.1818181818182 30.7272727272727 0.409090909090909 34.9545454545455 58.2857142857143 2.63636363636364 "城区环境评价点" 116.397 39.982
"奥体中心" 20160924 121.583333333333 152.583333333333 1 68.8333333333333 94.1666666666667 2.79166666666667 "城区环境评价点" 116.397 39.982
"奥体中心" 20160331 152.541666666667 129.416666666667 1.57916666666667 61.9166666666667 59.2083333333333 51.2916666666667 "城区环境评价点" 116.397 39.982
"奥体中心" 20160208 220.75 238.083333333333 1.27083333333333 41.125 47.7083333333333 72.9166666666667 "城区环境评价点" 116.397 39.982
"奥体中心" 20160605 70.2916666666667 110.5 0.895833333333333 28.375 135.416666666667 14.9583333333333 "城区环境评价点" 116.397 39.982
"奥体中心" 20160612 67.9130434782609 76.4347826086957 0.952173913043478 26.8695652173913 137.318181818182 6 "城区环境评价点" 116.397 39.982
"奥体中心" 20161015 199.454545454545 284.954545454545 2.05454545454545 109.333333333333 2.04761904761905 3.13636363636364 "城区环境评价点" 116.397 39.982
"奥体中心" 20160421 105.782608695652 122.478260869565 0.926086956521739 50.695652173913 70.1818181818182 7.30434782608696 "城区环境评价点" 116.397 39.982
"奥体中心" 20160222 82.9130434782609 130.913043478261 1.475 42.7916666666667 42.6666666666667 19.0416666666667 "城区环境评价点" 116.397 39.982
"奥体中心" 20160824 77.7916666666667 99.875 0.939130434782609 52.6363636363636 94.3181818181818 3.39130434782609 "城区环境评价点" 116.397 39.982
"奥体中心" 20160915 73.4166666666667 102.375 0.758333333333333 49.5217391304348 99.8260869565217 2.875 "城区环境评价点" 116.397 39.982
"奥体中心" 20161029 20.5833333333333 35.125 0.445833333333333 52 19.1304347826087 3.08333333333333 "城区环境评价点" 116.397 39.982
"奥体中心" 20160703 82.5 91.3333333333333 0.954166666666667 36.9166666666667 128.958333333333 8.41666666666667 "城区环境评价点" 116.397 39.982
"奥体中心" 20160512 36 139.375 0.4375 21.6666666666667 69.7083333333333 2.54166666666667 "城区环境评价点" 116.397 39.982
"奥体中心" 20161105 175.5 264.95652173913 3.53333333333333 99.5416666666667 20.25 3 "城区环境评价点" 116.397 39.982
"奥体中心" 20160914 101.75 137.333333333333 1 54.5 85.9583333333333 2.70833333333333 "城区环境评价点" 116.397 39.982
"奥体中心" 20160412 77.125 92.0416666666667 0.566666666666667 47.875 39.375 7.54166666666667 "城区环境评价点" 116.397 39.982
"奥体中心" 20160724 66.3157894736842 139.611111111111 0.8125 28.125 106 2.04166666666667 "城区环境评价点" 116.397 39.982
"奥体中心" 20160129 61.3333333333333 120.125 2.1625 57.125 20.5 42.6666666666667 "城区环境评价点" 116.397 39.982
"奥体中心" 20161126 277.916666666667 289.666666666667 4.02916666666667 130.782608695652 7.21739130434783 18.5 "城区环境评价点" 116.397 39.982
"奥体中心" 20160731 52.4166666666667 123.25 1 52.9130434782609 75.2608695652174 2 "城区环境评价点" 116.397 39.982
"奥体中心" 20160411 44.8571428571429 118.352941176471 0.5 38.6190476190476 61.2 10.952380952381 "城区环境评价点" 116.397 39.982
"奥体中心" 20161005 55.75 56.7916666666667 1.175 46.695652173913 26.9130434782609 2 "城区环境评价点" 116.397 39.982
"奥体中心" 20160814 20.2916666666667 49.9583333333333 0.516666666666667 43.1304347826087 97.3478260869565 2.45833333333333 "城区环境评价点" 116.397 39.982
"奥体中心" 20160525 10.9166666666667 33.9166666666667 0.279166666666667 18.7083333333333 99.9130434782609 3.75 "城区环境评价点" 116.397 39.982
"奥体中心" 20161217 211.708333333333 190.333333333333 3.675 120.458333333333 5.58333333333333 35.6666666666667 "城区环境评价点" 116.397 39.982
"奥体中心" 20160715 42.8333333333333 65.625 0.675 29.0416666666667 72.0833333333333 2 "城区环境评价点" 116.397 39.982
"奥体中心" 20161026 45 112 0.804761904761905 54.6190476190476 21.7619047619048 5.04761904761905 "城区环境评价点" 116.397 39.982
"奥体中心" 20160502 46.7916666666667 153.666666666667 0.325 15.4166666666667 70.5416666666667 2.83333333333333 "城区环境评价点" 116.397 39.982
"奥体中心" 20160524 19.75 54.7083333333333 0.345833333333333 23.2083333333333 86.9583333333333 4.375 "城区环境评价点" 116.397 39.982
"奥体中心" 20161102 102.636363636364 97.0416666666667 1.45652173913043 89.0952380952381 9.47826086956522 8.95454545454546 "城区环境评价点" 116.397 39.982
"奥体中心" 20160714 39.625 57.5 0.816666666666667 47.875 94.9130434782609 4.91666666666667 "城区环境评价点" 116.397 39.982
"奥体中心" 20160402 6.66666666666667 44.0833333333333 0.2 15.0416666666667 76.0833333333333 9.5 "城区环境评价点" 116.397 39.982
"奥体中心" 20161116 107.260869565217 107.545454545455 2.65217391304348 93.4090909090909 8.5 12 "城区环境评价点" 116.397 39.982
"奥体中心" 20160523 58.5833333333333 78.75 0.904166666666667 33.6666666666667 103.826086956522 16.625 "城区环境评价点" 116.397 39.982
"奥体中心" 20161223 32.625 36.5333333333333 0.725 52.1875 23.5625 7.625 "城区环境评价点" 116.397 39.982
"奥体中心" 20160728 49.375 69.9166666666667 0.729166666666667 46.7916666666667 113.708333333333 2 "城区环境评价点" 116.397 39.982
"奥体中心" 20160401 34.9166666666667 154.5 0.3875 21.75 69.0869565217391 13.4583333333333 "城区环境评价点" 116.397 39.982
"奥体中心" 20160209 38.75 82.3333333333333 1.05416666666667 39.8333333333333 54.4782608695652 21.2083333333333 "城区环境评价点" 116.397 39.982
"奥体中心" 20160804 108.291666666667 110.791666666667 1.38333333333333 37.9130434782609 157.260869565217 2 "城区环境评价点" 116.397 39.982
"奥体中心" 20160917 43.5833333333333 113.375 0.6 45.2173913043478 37 2 "城区环境评价点" 116.397 39.982
"奥体中心" 20161016 112.541666666667 193.458333333333 1.00416666666667 66.6666666666667 28.6666666666667 2.5 "城区环境评价点" 116.397 39.982
"奥体中心" 20160422 36.5416666666667 102.791666666667 0.233333333333333 18.6666666666667 93.0833333333333 2 "城区环境评价点" 116.397 39.982
"奥体中心" 20160514 39.6666666666667 52.375 0.533333333333333 26.25 71 2.625 "城区环境评价点" 116.397 39.982
"奥体中心" 20160825 19.2083333333333 70.9166666666667 0.333333333333333 32 57.7083333333333 2.08333333333333 "城区环境评价点" 116.397 39.982
"奥体中心" 20160916 136.916666666667 164.458333333333 1.04166666666667 47.4166666666667 106.916666666667 3.58333333333333 "城区环境评价点" 116.397 39.982
"奥体中心" 20161030 47.875 66.0833333333333 0.808333333333333 50.125 23.0833333333333 2.83333333333333 "城区环境评价点" 116.397 39.982
"奥体中心" 20160704 136.791666666667 167.333333333333 1.19583333333333 25.125 138.04347826087 4.66666666666667 "城区环境评价点" 116.397 39.982
"奥体中心" 20160513 33.9166666666667 53.0416666666667 0.520833333333333 35.5 67.8695652173913 5.75 "城区环境评价点" 116.397 39.982
"奥体中心" 20161106 67.0416666666667 156.416666666667 1.56666666666667 55.4347826086956 27.7391304347826 7.375 "城区环境评价点" 116.397 39.982
"奥体中心" 20160802 57.7368421052632 90.7894736842105 0.99 42.2105263157895 101.263157894737 2 "城区环境评价点" 116.397 39.982
"奥体中心" 20160413 102.083333333333 136.833333333333 0.841666666666667 47.375 64.9090909090909 5.95833333333333 "城区环境评价点" 116.397 39.982
"奥体中心" 20160725 50.8461538461538 100.5 0.86 26.8666666666667 61.0666666666667 2 "城区环境评价点" 116.397 39.982
"奥体中心" 20160130 52.8333333333333 72.8333333333333 1.6 54.625 26.7391304347826 25.9583333333333 "城区环境评价点" 116.397 39.982
"奥体中心" 20161127 59.5416666666667 222.541666666667 1.15416666666667 58.625 31.375 7.95833333333333 "城区环境评价点" 116.397 39.982
"奥体中心" 20160801 65.5909090909091 81.8636363636364 1.17142857142857 43.7619047619048 105.590909090909 2.28571428571429 "城区环境评价点" 116.397 39.982
"奥体中心" 20160806 104.782608695652 121.190476190476 0.895652173913044 37.8636363636364 119.227272727273 2.78260869565217 "城区环境评价点" 116.397 39.982
"奥体中心" 20161006 70.875 98.8333333333333 1.6625 55.3333333333333 6.04166666666667 2 "城区环境评价点" 116.397 39.982
"奥体中心" 20160815 21.7916666666667 42.375 0.570833333333333 35.5416666666667 69.5833333333333 2.04166666666667 "城区环境评价点" 116.397 39.982
"奥体中心" 20160830 31.1666666666667 63.625 0.6375 52.304347826087 115.173913043478 2.29166666666667 "城区环境评价点" 116.397 39.982
"奥体中心" 20161218 228.083333333333 292.083333333333 4.12916666666667 122.260869565217 5.21739130434783 30.6666666666667 "城区环境评价点" 116.397 39.982
"奥体中心" 20160716 42.2083333333333 56.9583333333333 0.7 42.7916666666667 58.4782608695652 2.25 "城区环境评价点" 116.397 39.982
"奥体中心" 20161027 33.0416666666667 59.1666666666667 1.11666666666667 56.304347826087 4.17391304347826 4.5 "城区环境评价点" 116.397 39.982
"奥体中心" 20160503 20.375 61.625 0.320833333333333 28.4166666666667 66.0869565217391 2.125 "城区环境评价点" 116.397 39.982
"奥体中心" 20160829 17.625 37.7083333333333 0.2875 47.4583333333333 64.9166666666667 2.41666666666667 "城区环境评价点" 116.397 39.982
"奥体中心" 20161103 196.791666666667 190.375 2.875 118.625 5 7 "城区环境评价点" 116.397 39.982
"奥体中心" 20160730 149.857142857143 309.9 1.58095238095238 52.9523809523809 76.8095238095238 2 "城区环境评价点" 116.397 39.982
"奥体中心" 20160403 15.2916666666667 34.125 0.2625 18.375 80.304347826087 2.75 "城区环境评价点" 116.397 39.982
"奥体中心" 20161117 113.625 152.166666666667 2.69166666666667 76.875 2.91666666666667 14.0416666666667 "城区环境评价点" 116.397 39.982
"奥体中心" 20160705 96.1666666666667 140.291666666667 0.941666666666667 23.5833333333333 146.458333333333 4.41666666666667 "城区环境评价点" 116.397 39.982
"奥体中心" 20161224 129.625 106.833333333333 2.99583333333333 104.608695652174 3.39130434782609 29.75 "城区环境评价点" 116.397 39.982
"奥体中心" 20160729 117 118.041666666667 1.25 58 133.391304347826 2.04166666666667 "城区环境评价点" 116.397 39.982
"奥体中心" 20160424 85.5416666666667 75.125 0.875 41.4583333333333 75.75 22.375 "城区环境评价点" 116.397 39.982
"奥体中心" 20160210 102.125 93.125 3.1 72.1666666666667 24.4166666666667 63.4583333333333 "城区环境评价点" 116.397 39.982
"奥体中心" 20160805 63 113.916666666667 0.7875 27.25 115.375 2.08333333333333 "城区环境评价点" 116.397 39.982
"奥体中心" 20160131 11.1666666666667 45.125 0.55 20.75 57.875 8.33333333333333 "城区环境评价点" 116.397 39.982
"奥体中心" 20161017 70.5652173913043 115.5 0.879166666666667 58.6521739130435 30.304347826087 2.125 "城区环境评价点" 116.397 39.982
"奥体中心" 20160423 23.4583333333333 57.0833333333333 0.2625 29.2083333333333 71.0434782608696 3.16666666666667 "城区环境评价点" 116.397 39.982
"奥体中心" 20160515 40.8695652173913 65.5833333333333 0.545833333333333 31.0416666666667 46.2608695652174 2.625 "城区环境评价点" 116.397 39.982
"奥体中心" 20160826 9.91666666666667 30 0.225 39.6086956521739 54.1304347826087 2 "城区环境评价点" 116.397 39.982
"奥体中心" 20161222 68.0833333333333 287.625 1.30833333333333 36 48.7391304347826 8.04166666666667 "城区环境评价点" 116.397 39.982
"奥体中心" 20161031 7.04166666666667 37.0833333333333 0.220833333333333 19.7391304347826 47.4347826086956 5.08333333333333 "城区环境评价点" 116.397 39.982
"奥体中心" 20161219 229.5 282.416666666667 4.6875 129.458333333333 5.125 29.875 "城区环境评价点" 116.397 39.982
"奥体中心" 20160201 13.6666666666667 27.4166666666667 0.683333333333333 29.2916666666667 53.9130434782609 10.9166666666667 "城区环境评价点" 116.397 39.982
"奥体中心" 20161107 43.9166666666667 84 1.22083333333333 48.5416666666667 23.375 2.16666666666667 "城区环境评价点" 116.397 39.982
"奥体中心" 20160803 55.4285714285714 90.8333333333333 0.804761904761905 30.5238095238095 157.666666666667 2 "城区环境评价点" 116.397 39.982
"奥体中心" 20160414 25.3478260869565 91.4545454545455 0.334782608695652 24.1304347826087 92.5217391304348 3.30434782608696 "城区环境评价点" 116.397 39.982
"奥体中心" 20160726 29.1666666666667 54.8333333333333 0.35 30.1666666666667 137.666666666667 2 "城区环境评价点" 116.397 39.982
"奥体中心" 20160827 13.875 33.5416666666667 0.341666666666667 47.75 40 3.04166666666667 "城区环境评价点" 116.397 39.982
"奥体中心" 20161128 58.6666666666667 54.6666666666667 1.90416666666667 90.2727272727273 5.04545454545455 17.9130434782609 "城区环境评价点" 116.397 39.982
"奥体中心" 20161220 335.304347826087 326.772727272727 7.40869565217391 139.5 4.77272727272727 6.34782608695652 "城区环境评价点" 116.397 39.982
"奥体中心" 20160706 68.8333333333333 113.208333333333 0.875 32.6086956521739 155.217391304348 5.16666666666667 "城区环境评价点" 116.397 39.982
"奥体中心" 20161007 41.2083333333333 71.5 1.62083333333333 48.4782608695652 11.3478260869565 2 "城区环境评价点" 116.397 39.982
"奥体中心" 20160816 23.6666666666667 41.5833333333333 0.495833333333333 34.1739130434783 89.9565217391304 2 "城区环境评价点" 116.397 39.982
"奥体中心" 20161227 34.3181818181818 33.9130434782609 0.781818181818182 40.3636363636364 35.0454545454545 9.86363636363636 "城区环境评价点" 116.397 39.982
"奥体中心" 20160211 161.666666666667 198.25 3.93333333333333 66.4166666666667 17.8260869565217 59.4583333333333 "城区环境评价点" 116.397 39.982
"奥体中心" 20160828 11.0416666666667 30.2083333333333 0.1875 38.9130434782609 61.7391304347826 2.625 "城区环境评价点" 116.397 39.982
"奥体中心" 20161028 10.1666666666667 43.0416666666667 0.345833333333333 30.75 34.375 2.5 "城区环境评价点" 116.397 39.982
"奥体中心" 20160504 24.3333333333333 55.25 0.595833333333333 56.4166666666667 58.5416666666667 4.5 "城区环境评价点" 116.397 39.982
"奥体中心" 20160904 79.8333333333333 77.7916666666667 0.9875 51.1666666666667 93.9583333333333 4.41666666666667 "城区环境评价点" 116.397 39.982
"奥体中心" 20161104 246.375 285.708333333333 3.94166666666667 130.521739130435 5.04347826086957 3.91666666666667 "城区环境评价点" 116.397 39.982
"奥体中心" 20161008 11 38.0833333333333 0.3375 27.6666666666667 48.7916666666667 2.16666666666667 "城区环境评价点" 116.397 39.982
"奥体中心" 20160906 20.6666666666667 48.8235294117647 0.438888888888889 44.3888888888889 34.1111111111111 2.44444444444444 "城区环境评价点" 116.397 39.982
"奥体中心" 20161118 193.208333333333 193.625 3.88333333333333 92.5652173913043 2 10.9583333333333 "城区环境评价点" 116.397 39.982
"奥体中心" 20161203 206.75 167.25 3.41666666666667 119.5 5.58333333333333 23.2083333333333 "城区环境评价点" 116.397 39.982
"奥体中心" 20161225 152.461538461538 208.153846153846 2.79230769230769 109.769230769231 2.92307692307692 39.8461538461538 "城区环境评价点" 116.397 39.982
"奥体中心" 20161108 35.6666666666667 38.8333333333333 0.952173913043478 62.8095238095238 17.3913043478261 6.56521739130435 "城区环境评价点" 116.397 39.982
"奥体中心" 20160905 27 72.9583333333333 0.408333333333333 28.4347826086957 90.4782608695652 2.16666666666667 "城区环境评价点" 116.397 39.982
"奥体中心" 20161205 38.5 185.869565217391 0.891666666666667 45.625 33 5.875 "城区环境评价点" 116.397 39.982
"奥体中心" 20160727 46.9583333333333 75.5833333333333 0.745833333333333 48.6086956521739 125.869565217391 2.04166666666667 "城区环境评价点" 116.397 39.982
"奥体中心" 20160902 11.8333333333333 26.9166666666667 0.404166666666667 25 27.75 2.04166666666667 "城区环境评价点" 116.397 39.982
"奥体中心" 20161018 115.333333333333 104.75 1.91666666666667 77.25 7.20833333333333 3.375 "城区环境评价点" 116.397 39.982
"奥体中心" 20161221 370.916666666667 401.333333333333 7.4875 154.291666666667 4.34782608695652 9.45833333333333 "城区环境评价点" 116.397 39.982
"奥体中心" 20161209 21.9130434782609 50.4285714285714 0.682608695652174 41.7826086956522 35.695652173913 6.82608695652174 "城区环境评价点" 116.397 39.982
"奥体中心" 20161226 50.8333333333333 150.916666666667 1.09166666666667 53.304347826087 29.4347826086957 20.5833333333333 "城区环境评价点" 116.397 39.982
"奥体中心" 20160817 64.1666666666667 54.625 0.9 65.7916666666667 34.9166666666667 2 "城区环境评价点" 116.397 39.982
"奥体中心" 20161101 39 39.375 0.6375 59.75 19.9583333333333 11.2083333333333 "城区环境评价点" 116.397 39.982
"奥体中心" 20161206 88.0416666666667 62.3333333333333 2.54166666666667 109.304347826087 5.26086956521739 21.375 "城区环境评价点" 116.397 39.982
"奥体中心" 20160903 18.4583333333333 36.75 0.358333333333333 29.7826086956522 74.3913043478261 2.54166666666667 "城区环境评价点" 116.397 39.982
"奥体中心" 20161202 86.6666666666667 79.0833333333333 1.80416666666667 87.8260869565217 10.1304347826087 17.2916666666667 "城区环境评价点" 116.397 39.982
"奥体中心" 20160831 17.695652173913 46.5652173913044 0.669565217391304 47.3478260869565 55.6086956521739 2.52173913043478 "城区环境评价点" 116.397 39.982
"奥体中心" 20161204 310 375.458333333333 4.36666666666667 125.826086956522 8.65217391304348 14.3333333333333 "城区环境评价点" 116.397 39.982
"奥体中心" 20160901 6.16666666666667 25.9166666666667 0.279166666666667 28.1739130434783 50.3913043478261 2.5 "城区环境评价点" 116.397 39.982
"奥体中心" 20161208 94.5833333333333 193.130434782609 1.9 55.1739130434783 39.8695652173913 9.29166666666667 "城区环境评价点" 116.397 39.982
"奥体中心" 20161129 109.958333333333 114 2.94583333333333 93.6521739130435 2.58333333333333 28.8695652173913 "城区环境评价点" 116.397 39.982
"奥体中心" 20161228 64.4583333333333 102.833333333333 0.9375 44.0416666666667 33.1304347826087 8.125 "城区环境评价点" 116.397 39.982
"奥体中心" 20161201 29.9166666666667 65.0416666666667 0.65 48.3333333333333 41.7083333333333 7.75 "城区环境评价点" 116.397 39.982
"奥体中心" 20161130 93.9166666666667 156.083333333333 2.33333333333333 73.8695652173913 25.6521739130435 12.875 "城区环境评价点" 116.397 39.982
"奥体中心" 20161207 139.666666666667 159.375 2.87083333333333 116 5.375 30.5 "城区环境评价点" 116.397 39.982
