"密云水库" 20160907 27.2857142857143 38 0.492857142857143 4.71428571428571 99.9285714285714 3.42857142857143 "对照点及区域点" 116.911 40.499
"密云水库" 20160909 9.5 19.6666666666667 0.239130434782609 3.83333333333333 48.5416666666667 2 "对照点及区域点" 116.911 40.499
"密云水库" 20161005 39.9583333333333 50.1666666666667 0.708333333333333 10.3333333333333 16.6666666666667 2.125 "对照点及区域点" 116.911 40.499
"密云水库" 20160508 41.0833333333333 64.7916666666667 0.7125 12.5 84.7083333333333 12.9583333333333 "对照点及区域点" 116.911 40.499
"密云水库" 20160510 19.625 43.5 0.345833333333333 5.91666666666667 77.75 2.125 "对照点及区域点" 116.911 40.499
"密云水库" 20160127 38.375 41.2083333333333 0.720833333333333 20.9583333333333 31.5 10.7083333333333 "对照点及区域点" 116.911 40.499
"密云水库" 20160908 14.875 33.0416666666667 0.266666666666667 3.08695652173913 65.8333333333333 2 "对照点及区域点" 116.911 40.499
"密云水库" 20160514 37.2916666666667 57.5833333333333 0.483333333333333 10.625 57.3333333333333 3.41666666666667 "对照点及区域点" 116.911 40.499
"密云水库" 20160511 108.75 88.1666666666667 0.945833333333333 10.3913043478261 114.75 7.04166666666667 "对照点及区域点" 116.911 40.499
"密云水库" 20160126 15.25 36.2083333333333 0.345833333333333 8.1304347826087 46.9166666666667 2.83333333333333 "对照点及区域点" 116.911 40.499
"密云水库" 20160509 21.9166666666667 67.625 0.375 5.95652173913043 61.25 2.41666666666667 "对照点及区域点" 116.911 40.499
"密云水库" 20160515 31.3636363636364 57.4166666666667 0.341666666666667 4.65217391304348 51.875 2 "对照点及区域点" 116.911 40.499
"密云水库" 20160505 39.2083333333333 53.2916666666667 0.5875 11.1739130434783 81.7916666666667 7.54166666666667 "对照点及区域点" 116.911 40.499
"密云水库" 20161007 31.2083333333333 60.5833333333333 1.08333333333333 12.4166666666667 27.4166666666667 2 "对照点及区域点" 116.911 40.499
"密云水库" 20160120 49.0833333333333 29.5 1.20833333333333 30.7826086956522 26.3333333333333 21.2916666666667 "对照点及区域点" 116.911 40.499
"密云水库" 20160929 32.5833333333333 27.3333333333333 0.320833333333333 10.9166666666667 63.5416666666667 3.375 "对照点及区域点" 116.911 40.499
"密云水库" 20160122 8.83333333333333 75.7916666666667 0.316666666666667 3.1304347826087 54.4166666666667 2.45833333333333 "对照点及区域点" 116.911 40.499
"密云水库" 20160519 78.5416666666667 98.5416666666667 0.858333333333333 8.91304347826087 167.333333333333 9.66666666666667 "对照点及区域点" 116.911 40.499
"密云水库" 20161006 55.5833333333333 73.8333333333333 0.954166666666667 11.4782608695652 5.25 2 "对照点及区域点" 116.911 40.499
"密云水库" 20160213 7.125 80.3333333333333 0.220833333333333 2.1304347826087 55.9166666666667 2.08333333333333 "对照点及区域点" 116.911 40.499
"密云水库" 20160928 6.45833333333333 18.25 0.1375 3.08695652173913 55.4166666666667 2 "对照点及区域点" 116.911 40.499
"密云水库" 20161003 85 147.875 0.883333333333333 7.66666666666667 87.9583333333333 2.91666666666667 "对照点及区域点" 116.911 40.499
"密云水库" 20160426 67.9583333333333 104.375 1.27391304347826 16.1666666666667 101.347826086957 18.625 "对照点及区域点" 116.911 40.499
"密云水库" 20160212 118.75 147.958333333333 1.49583333333333 15 42.8333333333333 10.5 "对照点及区域点" 116.911 40.499
"密云水库" 20160121 106.833333333333 120.416666666667 2.3125 52.875 10.75 23.5 "对照点及区域点" 116.911 40.499
"密云水库" 20160217 23.375 21.8333333333333 0.470833333333333 12.3478260869565 47.0833333333333 8.45833333333333 "对照点及区域点" 116.911 40.499
"密云水库" 20160128 68.0833333333333 86.7083333333333 0.9875 23.1739130434783 32.5 17 "对照点及区域点" 116.911 40.499
"密云水库" 20160507 14.8333333333333 51.375 0.270833333333333 5.60869565217391 79 2.66666666666667 "对照点及区域点" 116.911 40.499
"密云水库" 20160517 44.7916666666667 68.5 0.645833333333333 10.8260869565217 127.958333333333 9.375 "对照点及区域点" 116.911 40.499
"密云水库" 20161004 31.625 80.0416666666667 1.20833333333333 12.5652173913043 27.7916666666667 3.66666666666667 "对照点及区域点" 116.911 40.499
"密云水库" 20160910 8.25 18.5416666666667 0.2625 4.21739130434783 52.125 2 "对照点及区域点" 116.911 40.499
"密云水库" 20160211 99.3333333333333 107.291666666667 1.70416666666667 16.8695652173913 43.5 25.25 "对照点及区域点" 116.911 40.499
"密云水库" 20161011 107.833333333333 136.625 1.23333333333333 15.0416666666667 48.1666666666667 3.83333333333333 "对照点及区域点" 116.911 40.499
"密云水库" 20160516 13.3333333333333 37.8333333333333 0.316666666666667 9.95833333333333 68 2.54166666666667 "对照点及区域点" 116.911 40.499
"密云水库" 20160506 58.4166666666667 170.291666666667 0.245833333333333 2 73.9166666666667 2 "对照点及区域点" 116.911 40.499
"密云水库" 20161008 7.95833333333333 29.3333333333333 0.279166666666667 3.08695652173913 55.7916666666667 2 "对照点及区域点" 116.911 40.499
"密云水库" 20160518 50.6363636363636 78.0416666666667 0.665217391304348 8.79166666666667 136.208333333333 8.33333333333333 "对照点及区域点" 116.911 40.499
"密云水库" 20161010 69.375 55.9166666666667 0.758333333333333 18.695652173913 35.875 7.58333333333333 "对照点及区域点" 116.911 40.499
"密云水库" 20160123 6.5 16.75 0.4 2.41666666666667 50.375 2.25 "对照点及区域点" 116.911 40.499
"密云水库" 20160520 62.2916666666667 102.833333333333 0.683333333333333 8.25 143.041666666667 9.875 "对照点及区域点" 116.911 40.499
"密云水库" 20160425 71.9166666666667 107.083333333333 0.8125 10.4347826086957 114.375 13.4166666666667 "对照点及区域点" 116.911 40.499
"密云水库" 20160125 11.7083333333333 28.2916666666667 0.241666666666667 5.33333333333333 53.125 3 "对照点及区域点" 116.911 40.499
"密云水库" 20161220 142.333333333333 78.1304347826087 2.5 31.125 25.5416666666667 3.125 "对照点及区域点" 116.911 40.499
"密云水库" 20160512 26.4583333333333 107.875 0.395833333333333 3 71 2 "对照点及区域点" 116.911 40.499
"密云水库" 20160427 69.4166666666667 88.3913043478261 0.770833333333333 14.2608695652174 85.75 8.04166666666667 "对照点及区域点" 116.911 40.499
"密云水库" 20160115 44.0416666666667 42.4583333333333 0.845833333333333 25.4583333333333 27.6666666666667 12.4583333333333 "对照点及区域点" 116.911 40.499
"密云水库" 20160710 78.9583333333333 106.913043478261 0.708333333333333 5 161.541666666667 3.625 "对照点及区域点" 116.911 40.499
"密云水库" 20160504 13.4166666666667 59.8333333333333 0.175 9.875 74.625 3 "对照点及区域点" 116.911 40.499
"密云水库" 20160129 42.5 58.5416666666667 1.05833333333333 24.7916666666667 30.5416666666667 26.1666666666667 "对照点及区域点" 116.911 40.499
"密云水库" 20160210 57.5416666666667 64.9583333333333 1.125 15.3333333333333 47 18.2083333333333 "对照点及区域点" 116.911 40.499
"密云水库" 20160930 77.8333333333333 76.9166666666667 0.575 10.5217391304348 116.166666666667 5.91666666666667 "对照点及区域点" 116.911 40.499
"密云水库" 20160205 6.45833333333333 19.4166666666667 0.25 2.39130434782609 60.4583333333333 3 "对照点及区域点" 116.911 40.499
"密云水库" 20160503 12.6086956521739 55.9166666666667 0.195833333333333 3.43478260869565 72.125 2.16666666666667 "对照点及区域点" 116.911 40.499
"密云水库" 20161022 11.75 30.125 0.354545454545455 4.17391304347826 36.4090909090909 2 "对照点及区域点" 116.911 40.499
"密云水库" 20160214 5.20833333333333 19.375 0.2 2 60.4583333333333 2 "对照点及区域点" 116.911 40.499
"密云水库" 20160219 7.41666666666667 19.0833333333333 0.245833333333333 3.73913043478261 55.125 2.91666666666667 "对照点及区域点" 116.911 40.499
"密云水库" 20161019 252.6 157.5 1.94583333333333 10.3636363636364 48.3333333333333 5.125 "对照点及区域点" 116.911 40.499
"密云水库" 20160502 36.4583333333333 143.416666666667 0.233333333333333 2.08333333333333 71.25 2.29166666666667 "对照点及区域点" 116.911 40.499
"密云水库" 20160226 26.8333333333333 33.7916666666667 0.566666666666667 16.5833333333333 43 9.20833333333333 "对照点及区域点" 116.911 40.499
"密云水库" 20161026 99.5 59.1578947368421 0.442857142857143 12.9047619047619 42.7619047619048 3.38095238095238 "对照点及区域点" 116.911 40.499
"密云水库" 20160218 11.4583333333333 41.25 0.279166666666667 4.08333333333333 60.625 3.08333333333333 "对照点及区域点" 116.911 40.499
"密云水库" 20160112 6.45454545454545 16.8695652173913 0.254166666666667 2.47826086956522 52.5833333333333 2.04166666666667 "对照点及区域点" 116.911 40.499
"密云水库" 20160404 62.5833333333333 58.4166666666667 0.470833333333333 15 65.125 7.625 "对照点及区域点" 116.911 40.499
"密云水库" 20160602 38.375 70.9583333333333 0.708333333333333 11.4347826086957 144.291666666667 6.16666666666667 "对照点及区域点" 116.911 40.499
"密云水库" 20161025 71.875 76.4583333333333 0.883333333333333 29.2916666666667 12.5416666666667 5.29166666666667 "对照点及区域点" 116.911 40.499
"密云水库" 20160911 15.9090909090909 23.3181818181818 0.545454545454545 2.54545454545455 70.5454545454545 2.31818181818182 "对照点及区域点" 116.911 40.499
"密云水库" 20160609 89.0625 118 1.19411764705882 9.05882352941176 165.647058823529 8.23529411764706 "对照点及区域点" 116.911 40.499
"密云水库" 20161012 78.125 112.708333333333 1.1 17.9130434782609 27.7916666666667 2.875 "对照点及区域点" 116.911 40.499
"密云水库" 20160430 109.416666666667 170.916666666667 1.0375 7.91666666666667 135.666666666667 9 "对照点及区域点" 116.911 40.499
"密云水库" 20161024 34.9583333333333 27.3333333333333 0.45 16.2173913043478 20.8333333333333 4.04166666666667 "对照点及区域点" 116.911 40.499
"密云水库" 20161009 21.4583333333333 21.9166666666667 0.308333333333333 13.375 35.5416666666667 2.70833333333333 "对照点及区域点" 116.911 40.499
"密云水库" 20160110 14.1666666666667 22.7391304347826 0.35 7.43478260869565 43.1666666666667 4.91666666666667 "对照点及区域点" 116.911 40.499
"密云水库" 20161001 126.875 140.166666666667 1.06666666666667 11.2083333333333 143.458333333333 11 "对照点及区域点" 116.911 40.499
"密云水库" 20160124 7.83333333333333 18.875 0.245833333333333 2.69565217391304 53.875 2.20833333333333 "对照点及区域点" 116.911 40.499
"密云水库" 20160521 40.9166666666667 70.875 0.670833333333333 7.95652173913043 128.916666666667 12.6666666666667 "对照点及区域点" 116.911 40.499
"密云水库" 20161023 14.25 20.25 0.283333333333333 8.16666666666667 41.7083333333333 3.79166666666667 "对照点及区域点" 116.911 40.499
"密云水库" 20160501 171.75 170.166666666667 1.6125 9.78260869565217 143.958333333333 17.375 "对照点及区域点" 116.911 40.499
"密云水库" 20161221 316.458333333333 319.458333333333 5.45 53.3333333333333 8.91666666666667 4.95833333333333 "对照点及区域点" 116.911 40.499
"密云水库" 20160513 20.3333333333333 38.5833333333333 0.3 8.65217391304348 69.1666666666667 4.5 "对照点及区域点" 116.911 40.499
"密云水库" 20160428 62.7391304347826 94.3478260869565 0.756521739130435 9.69565217391304 110.608695652174 9.82608695652174 "对照点及区域点" 116.911 40.499
"密云水库" 20160116 149.291666666667 151.333333333333 2.92916666666667 57 6.79166666666667 38.4583333333333 "对照点及区域点" 116.911 40.499
"密云水库" 20160711 71.9166666666667 98.875 0.5 6.375 152.166666666667 5 "对照点及区域点" 116.911 40.499
"密云水库" 20160527 31.7083333333333 44.5 0.533333333333333 8.52173913043478 105.791666666667 6.70833333333333 "对照点及区域点" 116.911 40.499
"密云水库" 20160130 33.9166666666667 72.9166666666667 0.808333333333333 15.8260869565217 36.0833333333333 7.20833333333333 "对照点及区域点" 116.911 40.499
"密云水库" 20160405 134.5 129.833333333333 0.8125 14.304347826087 82.625 14.9166666666667 "对照点及区域点" 116.911 40.499
"密云水库" 20160603 47.5 71.3333333333333 0.8 10.5 150.375 11.625 "对照点及区域点" 116.911 40.499
"密云水库" 20160206 8.70833333333333 17.5 0.345833333333333 3.45833333333333 54.125 3.54166666666667 "对照点及区域点" 116.911 40.499
"密云水库" 20160526 12.2916666666667 24.1666666666667 0.233333333333333 4.66666666666667 66.5416666666667 2 "对照点及区域点" 116.911 40.499
"密云水库" 20160610 54.0416666666667 91.0833333333333 0.579166666666667 5.21739130434783 94.9166666666667 2.66666666666667 "对照点及区域点" 116.911 40.499
"密云水库" 20160215 6.08333333333333 19.2083333333333 0.2125 2.26086956521739 55.75 2.08333333333333 "对照点及区域点" 116.911 40.499
"密云水库" 20160220 7.875 18.0869565217391 0.225 2.875 54.25 2.41666666666667 "对照点及区域点" 116.911 40.499
"密云水库" 20161020 116.291666666667 248.958333333333 1.10416666666667 11.4761904761905 34.0416666666667 3.22727272727273 "对照点及区域点" 116.911 40.499
"密云水库" 20160411 32.7391304347826 101.368421052632 0.626086956521739 14.4782608695652 62.3913043478261 12.0434782608696 "对照点及区域点" 116.911 40.499
"密云水库" 20160227 11.7083333333333 48.125 0.316666666666667 5.65217391304348 56.7083333333333 3.70833333333333 "对照点及区域点" 116.911 40.499
"密云水库" 20161027 15.0833333333333 38.8333333333333 0.458333333333333 9.25 33.5416666666667 3.25 "对照点及区域点" 116.911 40.499
"密云水库" 20160701 7.875 25 0.258333333333333 3.75 75.5 2 "对照点及区域点" 116.911 40.499
"密云水库" 20160113 9.95833333333333 15.9583333333333 0.325 6.125 48.1666666666667 2 "对照点及区域点" 116.911 40.499
"密云水库" 20160708 76.8571428571429 111.541666666667 0.933333333333333 6.22727272727273 150.166666666667 4.08333333333333 "对照点及区域点" 116.911 40.499
"密云水库" 20160905 16.25 49.6666666666667 0.329166666666667 3.375 79.8333333333333 3.375 "对照点及区域点" 116.911 40.499
"密云水库" 20160524 11.1666666666667 52.3333333333333 0.329166666666667 4.25 64.25 2.54166666666667 "对照点及区域点" 116.911 40.499
"密云水库" 20160912 17.2916666666667 30.7083333333333 0.516666666666667 3.60869565217391 78.0416666666667 2 "对照点及区域点" 116.911 40.499
"密云水库" 20160531 41.1052631578947 84 0.631578947368421 10.1666666666667 103.263157894737 9.05263157894737 "对照点及区域点" 116.911 40.499
"密云水库" 20161013 133.916666666667 133.916666666667 1.13333333333333 11.375 85.1666666666667 4 "对照点及区域点" 116.911 40.499
"密云水库" 20160409 37.5 86.5833333333333 0.491666666666667 14.5217391304348 55.2916666666667 7 "对照点及区域点" 116.911 40.499
"密云水库" 20160523 57.2916666666667 71.9166666666667 1.17916666666667 11.4347826086957 100.25 9.04166666666667 "对照点及区域点" 116.911 40.499
"密云水库" 20160402 6.05 46.0833333333333 0.2 2.375 65.0416666666667 2 "对照点及区域点" 116.911 40.499
"密云水库" 20160111 6.70833333333333 18 0.3125 2.375 53.25 2.08333333333333 "对照点及区域点" 116.911 40.499
"密云水库" 20161002 135.708333333333 177.583333333333 0.966666666666667 8.73913043478261 126.208333333333 4.95833333333333 "对照点及区域点" 116.911 40.499
"密云水库" 20161017 43.75 108.125 0.433333333333333 4.66666666666667 47.75 2.04166666666667 "对照点及区域点" 116.911 40.499
"密云水库" 20160522 37.7083333333333 61.8333333333333 0.704166666666667 6.45833333333333 129.208333333333 6.79166666666667 "对照点及区域点" 116.911 40.499
"密云水库" 20160103 140.958333333333 169.416666666667 1.85416666666667 36.1666666666667 13.875 17.7083333333333 "对照点及区域点" 116.911 40.499
"密云水库" 20160216 7.16666666666667 37.4166666666667 0.216666666666667 2.54166666666667 55.0833333333333 2.20833333333333 "对照点及区域点" 116.911 40.499
"密云水库" 20161222 80.9583333333333 263.541666666667 1.45416666666667 14.2916666666667 45.375 2.16666666666667 "对照点及区域点" 116.911 40.499
"密云水库" 20160705 77.4583333333333 113.708333333333 0.8625 6.875 147.625 7.45833333333333 "对照点及区域点" 116.911 40.499
"密云水库" 20160429 99.75 85.7083333333333 1.05416666666667 14.4782608695652 105.666666666667 16.25 "对照点及区域点" 116.911 40.499
"密云水库" 20160117 47.1666666666667 131.333333333333 0.908333333333333 13.3333333333333 45.6666666666667 10.2916666666667 "对照点及区域点" 116.911 40.499
"密云水库" 20160712 31.4166666666667 79.2916666666667 0.241666666666667 4.60869565217391 85.5833333333333 2.5 "对照点及区域点" 116.911 40.499
"密云水库" 20160528 48.375 75.4166666666667 0.733333333333333 10.6666666666667 120.625 6.91666666666667 "对照点及区域点" 116.911 40.499
"密云水库" 20160131 6.66666666666667 23.2083333333333 0.3 3.125 56.0416666666667 2.25 "对照点及区域点" 116.911 40.499
"密云水库" 20160406 153.857142857143 146.217391304348 1.53333333333333 27.3333333333333 46.625 18.4166666666667 "对照点及区域点" 116.911 40.499
"密云水库" 20160604 62.625 82.125 0.845833333333333 9.17391304347826 155.541666666667 12.7916666666667 "对照点及区域点" 116.911 40.499
"密云水库" 20160207 19.125 27.9166666666667 0.425 5.39130434782609 51.2916666666667 4.375 "对照点及区域点" 116.911 40.499
"密云水库" 20160413 113 119.125 0.916666666666667 17.0869565217391 57.25 5.20833333333333 "对照点及区域点" 116.911 40.499
"密云水库" 20160611 6.91666666666667 41.4583333333333 0.1375 4.41666666666667 56.1666666666667 2 "对照点及区域点" 116.911 40.499
"密云水库" 20161014 215.583333333333 227.375 1.27083333333333 13.1739130434783 74.375 7 "对照点及区域点" 116.911 40.499
"密云水库" 20160221 45.3333333333333 32.2083333333333 0.704166666666667 18 40.2916666666667 16.7083333333333 "对照点及区域点" 116.911 40.499
"密云水库" 20161021 36.5416666666667 77.2916666666667 0.5375 6.70833333333333 30.4583333333333 2 "对照点及区域点" 116.911 40.499
"密云水库" 20160412 47.2916666666667 67.125 0.508333333333333 9.08333333333333 54.4583333333333 4.20833333333333 "对照点及区域点" 116.911 40.499
"密云水库" 20160228 26.625 43 0.545833333333333 11.7916666666667 45.75 4.375 "对照点及区域点" 116.911 40.499
"密云水库" 20161028 8 22.9166666666667 0.1875 2.30434782608696 56.125 2.04166666666667 "对照点及区域点" 116.911 40.499
"密云水库" 20160702 31.2083333333333 52.9583333333333 0.570833333333333 5.39130434782609 125.208333333333 2.04166666666667 "对照点及区域点" 116.911 40.499
"密云水库" 20160114 18.2916666666667 28.2083333333333 0.425 13.3478260869565 35.9166666666667 4.625 "对照点及区域点" 116.911 40.499
"密云水库" 20160709 63.2916666666667 100.666666666667 0.608333333333333 5.375 148.958333333333 3.16666666666667 "对照点及区域点" 116.911 40.499
"密云水库" 20160906 8.5625 23.4705882352941 0.227777777777778 4.41176470588235 44.9444444444444 2.11111111111111 "对照点及区域点" 116.911 40.499
"密云水库" 20160525 8.33333333333333 27.5416666666667 0.275 3.56521739130435 76.75 2 "对照点及区域点" 116.911 40.499
"密云水库" 20160913 50.5416666666667 45.5416666666667 0.804166666666667 4.91666666666667 104.875 2.375 "对照点及区域点" 116.911 40.499
"密云水库" 20160601 25.4166666666667 56.9166666666667 0.604166666666667 11.7083333333333 82.6666666666667 7.70833333333333 "对照点及区域点" 116.911 40.499
"密云水库" 20160204 8.25 20.75 0.254166666666667 2.95833333333333 60 2 "对照点及区域点" 116.911 40.499
"密云水库" 20160410 43.9583333333333 146.041666666667 0.795833333333333 17.875 57.875 13.7916666666667 "对照点及区域点" 116.911 40.499
"密云水库" 20160608 75 88.5416666666667 0.8625 8.91304347826087 114.125 2.625 "对照点及区域点" 116.911 40.499
"密云水库" 20160403 11.4166666666667 48.5833333333333 0.2375 7.69565217391304 56.5 2 "对照点及区域点" 116.911 40.499
"密云水库" 20160615 10.2083333333333 26.0416666666667 0.233333333333333 3.83333333333333 75.8333333333333 5.33333333333333 "对照点及区域点" 116.911 40.499
"密云水库" 20160203 14.875 18.5833333333333 0.3625 5.47826086956522 53.0416666666667 3.125 "对照点及区域点" 116.911 40.499
"密云水库" 20161018 56.1333333333333 61.5416666666667 1.03333333333333 5.21739130434783 26.625 2.70833333333333 "对照点及区域点" 116.911 40.499
"密云水库" 20160607 45 76.0833333333333 0.620833333333333 6.41666666666667 95.4166666666667 3.25 "对照点及区域点" 116.911 40.499
"密云水库" 20160104 17.2916666666667 122.739130434783 0.391666666666667 5.43478260869565 50.75 3.79166666666667 "对照点及区域点" 116.911 40.499
"密云水库" 20160614 22.6666666666667 45.8333333333333 0.395652173913043 3.77272727272727 74.7916666666667 3.30434782608696 "对照点及区域点" 116.911 40.499
"密云水库" 20161223 15.3888888888889 36.5 0.311111111111111 5.11111111111111 47.5555555555556 3.33333333333333 "对照点及区域点" 116.911 40.499
"密云水库" 20160706 68.5833333333333 109.291666666667 0.8125 5.78260869565217 179.75 4.20833333333333 "对照点及区域点" 116.911 40.499
"密云水库" 20160224 11.1363636363636 17.9583333333333 0.286363636363636 5.75 49.2083333333333 3.375 "对照点及区域点" 116.911 40.499
"密云水库" 20160118 6.125 25.1666666666667 0.279166666666667 2.43478260869565 52.8333333333333 2.91666666666667 "对照点及区域点" 116.911 40.499
"密云水库" 20160713 11.3333333333333 38.0416666666667 0.1875 4.66666666666667 88.5 2.08333333333333 "对照点及区域点" 116.911 40.499
"密云水库" 20160529 19.9583333333333 55.6666666666667 0.404166666666667 6.08695652173913 93.1666666666667 2.66666666666667 "对照点及区域点" 116.911 40.499
"密云水库" 20160201 6.1304347826087 18.375 0.283333333333333 3.21739130434783 54.0833333333333 2 "对照点及区域点" 116.911 40.499
"密云水库" 20160407 86.3333333333333 197 0.804166666666667 9.04347826086956 55.9583333333333 3 "对照点及区域点" 116.911 40.499
"密云水库" 20160605 63.1764705882353 88.1666666666667 0.911111111111111 9.72222222222222 146.277777777778 14.8333333333333 "对照点及区域点" 116.911 40.499
"密云水库" 20160208 32.5416666666667 60.7083333333333 0.358333333333333 5.25 51.375 4.625 "对照点及区域点" 116.911 40.499
"密云水库" 20160414 17.8695652173913 89.3181818181818 0.278260869565217 7.08695652173913 76.3478260869565 2.82608695652174 "对照点及区域点" 116.911 40.499
"密云水库" 20160612 39 53.25 0.729166666666667 9.39130434782609 113.583333333333 6.08333333333333 "对照点及区域点" 116.911 40.499
"密云水库" 20161015 124.416666666667 234.416666666667 1.15 11.9583333333333 39.9166666666667 5.875 "对照点及区域点" 116.911 40.499
"密云水库" 20160222 49.4166666666667 88.304347826087 0.7375 15.7916666666667 39.9166666666667 10.1666666666667 "对照点及区域点" 116.911 40.499
"密云水库" 20160101 119.166666666667 94.375 1.5375 39.4583333333333 13.7916666666667 15.0833333333333 "对照点及区域点" 116.911 40.499
"密云水库" 20160626 34.5833333333333 67.0416666666667 0.529166666666667 7.34782608695652 139.875 4.08333333333333 "对照点及区域点" 116.911 40.499
"密云水库" 20160229 17.125 25.2916666666667 0.354166666666667 9.56521739130435 53.75 4.33333333333333 "对照点及区域点" 116.911 40.499
"密云水库" 20161029 15.4166666666667 15.7916666666667 0.245833333333333 12.2916666666667 36.5416666666667 3.41666666666667 "对照点及区域点" 116.911 40.499
"密云水库" 20160703 38 63.875 0.6375 5.70833333333333 145.75 4.875 "对照点及区域点" 116.911 40.499
"密云水库" 20161227 12.5 18.5416666666667 0.316666666666667 6.125 48.875 2.41666666666667 "对照点及区域点" 116.911 40.499
"密云水库" 20161105 153 232.391304347826 2.35 26.2608695652174 24.7916666666667 3.75 "对照点及区域点" 116.911 40.499
"密云水库" 20160314 34.7826086956522 35.4347826086956 0.51304347826087 16.5 45.5217391304348 8.47826086956522 "对照点及区域点" 116.911 40.499
"密云水库" 20160717 47.125 68.6666666666667 0.683333333333333 4.875 135.541666666667 2.20833333333333 "对照点及区域点" 116.911 40.499
"密云水库" 20160914 98.125 113.083333333333 1.04166666666667 6.91304347826087 137.958333333333 3.58333333333333 "对照点及区域点" 116.911 40.499
"密云水库" 20161119 69.3333333333333 157.375 0.975 10.304347826087 35.25 2.5 "对照点及区域点" 116.911 40.499
"密云水库" 20160724 36.1052631578947 88.4444444444444 0.383333333333333 2.21739130434783 100.125 4.33333333333333 "对照点及区域点" 116.911 40.499
"密云水库" 20160921 28.75 26.5416666666667 0.404166666666667 6.375 63.3333333333333 3.33333333333333 "对照点及区域点" 116.911 40.499
"密云水库" 20161126 170.458333333333 191.333333333333 1.94583333333333 46.7083333333333 10.0833333333333 11.0416666666667 "对照点及区域点" 116.911 40.499
"密云水库" 20160731 21.7916666666667 62.2083333333333 0.347826086956522 2.125 93.7083333333333 2 "对照点及区域点" 116.911 40.499
"密云水库" 20160616 13 29.6666666666667 0.345833333333333 4.73913043478261 78.2173913043478 2.375 "对照点及区域点" 116.911 40.499
"密云水库" 20161210 14.125 17.1666666666667 0.345833333333333 7.54166666666667 43.7916666666667 2.04166666666667 "对照点及区域点" 116.911 40.499
"密云水库" 20161103 167.875 129.666666666667 1.58333333333333 43.6086956521739 10.625 7.58333333333333 "对照点及区域点" 116.911 40.499
"密云水库" 20160623 41.0869565217391 78.6666666666667 0.416666666666667 4.45454545454545 109.863636363636 3.56521739130435 "对照点及区域点" 116.911 40.499
"密云水库" 20160105 9.58333333333333 13.2916666666667 0.4125 5.41666666666667 39.5416666666667 2.54166666666667 "对照点及区域点" 116.911 40.499
"密云水库" 20160630 12.8333333333333 52.9166666666667 0.308333333333333 2.73913043478261 89.25 2 "对照点及区域点" 116.911 40.499
"密云水库" 20161224 47.3333333333333 33.9583333333333 0.7875 21.0416666666667 17.5 4.875 "对照点及区域点" 116.911 40.499
"密云水库" 20160707 81.4166666666667 103.458333333333 0.9375 5.83333333333333 186.666666666667 6 "对照点及区域点" 116.911 40.499
"密云水库" 20160225 12.2083333333333 34.3333333333333 0.3375 7.78260869565217 49.0416666666667 5.5 "对照点及区域点" 116.911 40.499
"密云水库" 20160119 10.4166666666667 16.2916666666667 0.345833333333333 5.625 44.375 3.54166666666667 "对照点及区域点" 116.911 40.499
"密云水库" 20160714 24.375 44.625 0.479166666666667 4.91304347826087 120.125 2 "对照点及区域点" 116.911 40.499
"密云水库" 20160530 54.5 77.9166666666667 0.891666666666667 14.75 128.666666666667 7 "对照点及区域点" 116.911 40.499
"密云水库" 20160202 9.04166666666667 22.4166666666667 0.325 4.45833333333333 52.75 2.375 "对照点及区域点" 116.911 40.499
"密云水库" 20160408 12.7083333333333 48.25 0.225 10.5416666666667 61.4583333333333 2.5 "对照点及区域点" 116.911 40.499
"密云水库" 20160606 53.8333333333333 81.375 0.758333333333333 8.21739130434783 116.916666666667 7.04166666666667 "对照点及区域点" 116.911 40.499
"密云水库" 20160209 27.3333333333333 31.3333333333333 0.5875 9.26086956521739 53.625 12.0833333333333 "对照点及区域点" 116.911 40.499
"密云水库" 20160415 36.75 52.6666666666667 0.683333333333333 20.6086956521739 52.9583333333333 12.4166666666667 "对照点及区域点" 116.911 40.499
"密云水库" 20160613 33.875 55.9166666666667 0.441666666666667 4.875 82.0416666666667 2 "对照点及区域点" 116.911 40.499
"密云水库" 20161016 99.8333333333333 131 0.775 10.7391304347826 44.5416666666667 2.16666666666667 "对照点及区域点" 116.911 40.499
"密云水库" 20160223 6.70833333333333 31.0416666666667 0.208333333333333 2.26086956521739 61 2.70833333333333 "对照点及区域点" 116.911 40.499
"密云水库" 20160102 137.958333333333 193.478260869565 1.54583333333333 33.3913043478261 20.6666666666667 17.7916666666667 "对照点及区域点" 116.911 40.499
"密云水库" 20160627 49.8333333333333 67.25 0.6875 8.375 136.545454545455 5.625 "对照点及区域点" 116.911 40.499
"密云水库" 20160301 83.7916666666667 72.75 1.225 35 34.75 17.875 "对照点及区域点" 116.911 40.499
"密云水库" 20161030 29.75 47.9583333333333 0.408333333333333 12.6086956521739 38.3333333333333 6.33333333333333 "对照点及区域点" 116.911 40.499
"密云水库" 20160704 82.7916666666667 85.5416666666667 0.9125 5.73913043478261 152.541666666667 7.125 "对照点及区域点" 116.911 40.499
"密云水库" 20161228 56.2083333333333 72.5 0.866666666666667 20.7083333333333 32.7083333333333 3.33333333333333 "对照点及区域点" 116.911 40.499
"密云水库" 20161106 79.625 175.208333333333 1.10416666666667 23.5416666666667 31.1666666666667 7.20833333333333 "对照点及区域点" 116.911 40.499
"密云水库" 20160315 101.65 81 1.1 26.65 37.65 21.85 "对照点及区域点" 116.911 40.499
"密云水库" 20160718 84.5416666666667 103.916666666667 0.866666666666667 5.43478260869565 136.583333333333 3.29166666666667 "对照点及区域点" 116.911 40.499
"密云水库" 20160915 69.2083333333333 114.541666666667 0.629166666666667 4 123.708333333333 2.04166666666667 "对照点及区域点" 116.911 40.499
"密云水库" 20161120 34.7916666666667 75.1666666666667 1.40833333333333 7.625 39.1666666666667 2 "对照点及区域点" 116.911 40.499
"密云水库" 20160725 18.3076923076923 53.4 0.169565217391304 2 74.9565217391304 2.04347826086957 "对照点及区域点" 116.911 40.499
"密云水库" 20160922 55.5416666666667 61.5 0.704166666666667 5.34782608695652 84.5 5.875 "对照点及区域点" 116.911 40.499
"密云水库" 20161127 42.375 151.916666666667 0.570833333333333 12.25 45.6666666666667 2.25 "对照点及区域点" 116.911 40.499
"密云水库" 20160801 32.5833333333333 38.5416666666667 0.633333333333333 3.17391304347826 87.5 3.5 "对照点及区域点" 116.911 40.499
"密云水库" 20160617 14.625 26 0.329166666666667 4.70833333333333 72.304347826087 2.875 "对照点及区域点" 116.911 40.499
"密云水库" 20161211 82.9166666666667 44.0869565217391 1.08333333333333 28.0833333333333 18.5833333333333 17.875 "对照点及区域点" 116.911 40.499
"密云水库" 20161104 230.333333333333 276.333333333333 2.39166666666667 45.5416666666667 22.7916666666667 4.75 "对照点及区域点" 116.911 40.499
"密云水库" 20160624 6.04166666666667 32.75 0.2375 3.26086956521739 74.9583333333333 2.25 "对照点及区域点" 116.911 40.499
"密云水库" 20160106 11.0416666666667 18.25 0.304166666666667 7.26086956521739 38.6666666666667 3.25 "对照点及区域点" 116.911 40.499
"密云水库" 20160716 17.6666666666667 33.6666666666667 0.379166666666667 3.73913043478261 73.0416666666667 3.41666666666667 "对照点及区域点" 116.911 40.499
"密云水库" 20161225 117.461538461538 122.461538461538 1.39230769230769 29.6923076923077 7.23076923076923 10.1538461538462 "对照点及区域点" 116.911 40.499
"密云水库" 20160723 82.4166666666667 86.875 0.6625 4.04166666666667 104 2 "对照点及区域点" 116.911 40.499
"密云水库" 20160312 61.875 40.5 0.958333333333333 27.8260869565217 32.0416666666667 21.7916666666667 "对照点及区域点" 116.911 40.499
"密云水库" 20161125 84.7083333333333 79.5416666666667 1.24583333333333 37.1304347826087 12.5833333333333 10.9166666666667 "对照点及区域点" 116.911 40.499
"密云水库" 20160715 28.2916666666667 44.7916666666667 0.466666666666667 2.70833333333333 98.25 2 "对照点及区域点" 116.911 40.499
"密云水库" 20160926 71.9130434782609 104.565217391304 0.866666666666667 7.21739130434783 49.4583333333333 2 "对照点及区域点" 116.911 40.499
"密云水库" 20160722 40.9047619047619 39.7272727272727 0.581818181818182 3.28571428571429 96.4090909090909 2.13636363636364 "对照点及区域点" 116.911 40.499
"密云水库" 20160919 8.04347826086956 17 0.143478260869565 4.95652173913043 45.7391304347826 2 "对照点及区域点" 116.911 40.499
"密云水库" 20161124 31.625 23.5416666666667 0.6125 22.375 33.2083333333333 7.625 "对照点及区域点" 116.911 40.499
"密云水库" 20160729 94.9583333333333 86.0833333333333 0.85 2.66666666666667 126.083333333333 2 "对照点及区域点" 116.911 40.499
"密云水库" 20160416 17.6666666666667 65.625 0.220833333333333 2 62.25 2.375 "对照点及区域点" 116.911 40.499
"密云水库" 20160805 59 97.9166666666667 0.570833333333333 3.8695652173913 96.5833333333333 3.16666666666667 "对照点及区域点" 116.911 40.499
"密云水库" 20160423 11.2916666666667 81.9583333333333 0.229166666666667 5.95652173913043 68.7083333333333 3.41666666666667 "对照点及区域点" 116.911 40.499
"密云水库" 20160621 56.2916666666667 91.2916666666667 0.779166666666667 4.79166666666667 137.666666666667 2.5 "对照点及区域点" 116.911 40.499
"密云水库" 20161215 9.29166666666667 17.5416666666667 0.291666666666667 5.16666666666667 49 2.75 "对照点及区域点" 116.911 40.499
"密云水库" 20160628 34.9583333333333 60.4166666666667 0.4875 3.8695652173913 102.833333333333 2 "对照点及区域点" 116.911 40.499
"密云水库" 20160302 99.625 135.458333333333 1.125 28.7826086956522 45 10.5416666666667 "对照点及区域点" 116.911 40.499
"密云水库" 20161031 4.75 24.8333333333333 0.2 2 59.375 2.45833333333333 "对照点及区域点" 116.911 40.499
"密云水库" 20160917 15.8181818181818 65.25 1.275 9.91666666666667 48.75 5.08333333333333 "对照点及区域点" 116.911 40.499
"密云水库" 20160309 5.58333333333333 18.3636363636364 0.2125 2.08333333333333 48.4583333333333 2.20833333333333 "对照点及区域点" 116.911 40.499
"密云水库" 20161107 32.875 75.5833333333333 0.570833333333333 7.82608695652174 38.3333333333333 2.5 "对照点及区域点" 116.911 40.499
"密云水库" 20160316 212.416666666667 211.541666666667 1.52916666666667 27.2608695652174 66.375 23.5 "对照点及区域点" 116.911 40.499
"密云水库" 20160719 95.4375 77.2083333333333 0.579166666666667 3.41666666666667 86.5 2.125 "对照点及区域点" 116.911 40.499
"密云水库" 20160916 98.6666666666667 97.3333333333333 0.85 3.58823529411765 122.833333333333 4.88888888888889 "对照点及区域点" 116.911 40.499
"密云水库" 20161121 9.08333333333333 23.6666666666667 1.07391304347826 2 62.25 2.16666666666667 "对照点及区域点" 116.911 40.499
"密云水库" 20160726 9.08333333333333 24.5416666666667 0.1875 2.21739130434783 75.2083333333333 2 "对照点及区域点" 116.911 40.499
"密云水库" 20160923 100.916666666667 105.041666666667 1.00833333333333 5.95833333333333 126.75 3.625 "对照点及区域点" 116.911 40.499
"密云水库" 20161128 21.1666666666667 32.1666666666667 0.5 10 40.0833333333333 3.875 "对照点及区域点" 116.911 40.499
"密云水库" 20160802 22.0454545454545 42.1 0.45 3.81818181818182 85.0454545454545 2.04545454545455 "对照点及区域点" 116.911 40.499
"密云水库" 20160618 25.4583333333333 64.7083333333333 0.416666666666667 7.08695652173913 134.875 2.79166666666667 "对照点及区域点" 116.911 40.499
"密云水库" 20161212 166.473684210526 188.052631578947 1.65263157894737 34.1052631578947 20.2105263157895 16.4210526315789 "对照点及区域点" 116.911 40.499
"密云水库" 20160831 15.0416666666667 39.8333333333333 0.416666666666667 3.69565217391304 87.3333333333333 2 "对照点及区域点" 116.911 40.499
"密云水库" 20160625 16.5833333333333 27 0.245833333333333 4.66666666666667 83.6666666666667 2 "对照点及区域点" 116.911 40.499
"密云水库" 20160107 6.27272727272727 15.7391304347826 0.173913043478261 2.91666666666667 50.1818181818182 4.30434782608696 "对照点及区域点" 116.911 40.499
"密云水库" 20161112 53.7083333333333 61.0833333333333 0.754166666666667 16.375 26.5 5.91666666666667 "对照点及区域点" 116.911 40.499
"密云水库" 20161226 34.0952380952381 112.086956521739 0.460869565217391 7 55.4782608695652 6.08695652173913 "对照点及区域点" 116.911 40.499
"密云水库" 20160808 13.4444444444444 30.7647058823529 0.461111111111111 3.72222222222222 66.8888888888889 2.22222222222222 "对照点及区域点" 116.911 40.499
"密云水库" 20160313 27.0833333333333 85.25 0.504166666666667 8.70833333333333 54.625 5.20833333333333 "对照点及区域点" 116.911 40.499
"密云水库" 20160328 57.9583333333333 57.6666666666667 0.5625 26.5652173913043 43.0416666666667 10.2916666666667 "对照点及区域点" 116.911 40.499
"密云水库" 20161218 107.916666666667 180.875 1.41666666666667 27.5833333333333 22.7083333333333 7 "对照点及区域点" 116.911 40.499
"密云水库" 20160927 17.1666666666667 57.625 0.354166666666667 3.375 51.8333333333333 2 "对照点及区域点" 116.911 40.499
"密云水库" 20160807 14.4347826086957 60.15 0.352173913043478 2.66666666666667 93.9565217391304 2 "对照点及区域点" 116.911 40.499
"密云水库" 20160920 8.83333333333333 20.875 0.2 5.30434782608696 59.8333333333333 2.70833333333333 "对照点及区域点" 116.911 40.499
"密云水库" 20160317 281.5 304.625 1.70833333333333 28.6666666666667 75.9583333333333 23.75 "对照点及区域点" 116.911 40.499
"密云水库" 20160730 83.7 144.842105263158 1.125 2.47368421052632 105.25 2 "对照点及区域点" 116.911 40.499
"密云水库" 20160417 6.5 33.6666666666667 0.179166666666667 2.21739130434783 73.6666666666667 2 "对照点及区域点" 116.911 40.499
"密云水库" 20160806 76.7391304347826 92.4761904761905 0.634782608695652 4.52173913043478 125.434782608696 2 "对照点及区域点" 116.911 40.499
"密云水库" 20160424 57.4583333333333 67.875 0.75 19.5833333333333 73.4166666666667 21.5 "对照点及区域点" 116.911 40.499
"密云水库" 20160622 50.5833333333333 83.625 0.483333333333333 4.73913043478261 144.583333333333 2.04166666666667 "对照点及区域点" 116.911 40.499
"密云水库" 20161216 24.1666666666667 19.0416666666667 0.533333333333333 12.6666666666667 36.375 4.33333333333333 "对照点及区域点" 116.911 40.499
"密云水库" 20160629 62.2083333333333 72.1666666666667 0.591666666666667 4.125 99.2916666666667 2 "对照点及区域点" 116.911 40.499
"密云水库" 20160303 195.791666666667 153.375 2.0375 35.0416666666667 48.6666666666667 23.7083333333333 "对照点及区域点" 116.911 40.499
"密云水库" 20161101 21.9583333333333 18.2083333333333 0.3875 19.1739130434783 29.1666666666667 6.625 "对照点及区域点" 116.911 40.499
"密云水库" 20160918 11.0833333333333 20.4545454545455 0.366666666666667 5.17391304347826 36.4583333333333 2 "对照点及区域点" 116.911 40.499
"密云水库" 20160310 5.75 24.125 0.208333333333333 2.04347826086957 3.18181818181818 3.29166666666667 "对照点及区域点" 116.911 40.499
"密云水库" 20161108 10.2916666666667 19.5416666666667 0.281818181818182 7.09090909090909 30.7619047619048 2.27272727272727 "对照点及区域点" 116.911 40.499
"密云水库" 20161113 86.0416666666667 87.2916666666667 1.44583333333333 22.0869565217391 10.25 4.45833333333333 "对照点及区域点" 116.911 40.499
"密云水库" 20160720 70 293.791666666667 0.420833333333333 2.56521739130435 59 2 "对照点及区域点" 116.911 40.499
"密云水库" 20160804 69.0416666666667 65.8333333333333 0.9625 3.58333333333333 114.833333333333 2 "对照点及区域点" 116.911 40.499
"密云水库" 20161122 4.375 21.0833333333333 0.166666666666667 2 65.5833333333333 2 "对照点及区域点" 116.911 40.499
"密云水库" 20160727 21.7083333333333 43.25 0.445833333333333 3.79166666666667 109.541666666667 2 "对照点及区域点" 116.911 40.499
"密云水库" 20160924 89.4166666666667 116.375 0.791666666666667 6.39130434782609 140.791666666667 3.04166666666667 "对照点及区域点" 116.911 40.499
"密云水库" 20161129 54.4166666666667 48.625 1.25 21.4166666666667 16.2083333333333 10.9166666666667 "对照点及区域点" 116.911 40.499
"密云水库" 20160803 28.9047619047619 46 0.538095238095238 3.61904761904762 108.095238095238 2 "对照点及区域点" 116.911 40.499
"密云水库" 20160619 45.3333333333333 75.4166666666667 0.620833333333333 7.875 158.458333333333 2.41666666666667 "对照点及区域点" 116.911 40.499
"密云水库" 20161213 5.875 94.7916666666667 0.216666666666667 2.20833333333333 65.0416666666667 2.16666666666667 "对照点及区域点" 116.911 40.499
"密云水库" 20160901 5.79166666666667 27.75 0.191666666666667 2.41666666666667 61.7083333333333 2 "对照点及区域点" 116.911 40.499
"密云水库" 20160817 36.1666666666667 40.5833333333333 0.508333333333333 4.47826086956522 84.25 2.41666666666667 "对照点及区域点" 116.911 40.499
"密云水库" 20160108 8.83333333333333 15.75 0.279166666666667 4.04347826086957 48 4.5 "对照点及区域点" 116.911 40.499
"密云水库" 20160829 10.0416666666667 28 0.395833333333333 3.39130434782609 73.6666666666667 4.78260869565217 "对照点及区域点" 116.911 40.499
"密云水库" 20160307 29.5833333333333 99.2916666666667 0.579166666666667 11.0416666666667 45.75 5.70833333333333 "对照点及区域点" 116.911 40.499
"密云水库" 20160809 37.8 76.8 1.3 4.06666666666667 175.533333333333 8.53333333333333 "对照点及区域点" 116.911 40.499
"密云水库" 20161205 27.7368421052632 130 0.515 9.25 43.65 5.35 "对照点及区域点" 116.911 40.499
"密云水库" 20160329 9.04347826086956 64.5238095238095 0.221739130434783 3.65217391304348 61.9130434782609 2.04347826086957 "对照点及区域点" 116.911 40.499
"密云水库" 20161219 45.5 88.9583333333333 0.620833333333333 10.6666666666667 37.375 4.83333333333333 "对照点及区域点" 116.911 40.499
"密云水库" 20160321 101.458333333333 87.7916666666667 0.804166666666667 24.4583333333333 68 11.6666666666667 "对照点及区域点" 116.911 40.499
"密云水库" 20160306 33.2083333333333 88.2083333333333 0.65 13.7391304347826 41.5 12.75 "对照点及区域点" 116.911 40.499
"密云水库" 20160830 19.625 51.2083333333333 0.566666666666667 3 114.416666666667 4.375 "对照点及区域点" 116.911 40.499
"密云水库" 20160318 154.318181818182 307.791666666667 0.920833333333333 12.3913043478261 68.2083333333333 6.54166666666667 "对照点及区域点" 116.911 40.499
"密云水库" 20160721 19 19.4583333333333 0.325 2.20833333333333 59.2916666666667 2 "对照点及区域点" 116.911 40.499
"密云水库" 20160418 5.85 23.0555555555556 0.155 2.8 70.45 2 "对照点及区域点" 116.911 40.499
"密云水库" 20160305 31.5833333333333 187.041666666667 0.325 4.16666666666667 62.4166666666667 3.125 "对照点及区域点" 116.911 40.499
"密云水库" 20160728 31.1666666666667 57.4166666666667 0.479166666666667 2.73913043478261 132.375 2.16666666666667 "对照点及区域点" 116.911 40.499
"密云水库" 20160925 96.4583333333333 152.791666666667 0.825 5.33333333333333 81.1666666666667 2 "对照点及区域点" 116.911 40.499
"密云水库" 20161217 104.125 71.0416666666667 1.39166666666667 35.7916666666667 14.9166666666667 11.2916666666667 "对照点及区域点" 116.911 40.499
"密云水库" 20161110 142.041666666667 184.916666666667 1.3875 25.4583333333333 5.70833333333333 5.20833333333333 "对照点及区域点" 116.911 40.499
"密云水库" 20160304 243.375 310.083333333333 2.275 24.6086956521739 44.1666666666667 19.0416666666667 "对照点及区域点" 116.911 40.499
"密云水库" 20161102 68.6666666666667 66.3333333333333 0.745833333333333 30.8333333333333 14.3333333333333 9.375 "对照点及区域点" 116.911 40.499
"密云水库" 20160828 11.0833333333333 24 0.3875 4.91666666666667 52.375 2 "对照点及区域点" 116.911 40.499
"密云水库" 20160311 6.91666666666667 45.7083333333333 0.241666666666667 3.375 51.3333333333333 3.95833333333333 "对照点及区域点" 116.911 40.499
"密云水库" 20161109 96.5 50.9166666666667 1.40416666666667 29.6086956521739 9.04166666666667 8.83333333333333 "对照点及区域点" 116.911 40.499
"密云水库" 20161114 49.6363636363636 120.625 0.641666666666667 6.79166666666667 55.0833333333333 2.75 "对照点及区域点" 116.911 40.499
"密云水库" 20160308 6 33.6428571428571 0.205555555555556 2 58.6666666666667 2.05555555555556 "对照点及区域点" 116.911 40.499
"密云水库" 20160827 8.18181818181818 21.1304347826087 0.339130434782609 4.59090909090909 46.9565217391304 2 "对照点及区域点" 116.911 40.499
"密云水库" 20161123 8.20833333333333 15.4583333333333 0.275 5.47826086956522 47.8333333333333 4.25 "对照点及区域点" 116.911 40.499
"密云水库" 20160330 20.6666666666667 31.0416666666667 0.345833333333333 8.8695652173913 65.9166666666667 4.375 "对照点及区域点" 116.911 40.499
"密云水库" 20161118 150 185.666666666667 2.30833333333333 27.7083333333333 2 3.33333333333333 "对照点及区域点" 116.911 40.499
"密云水库" 20161130 80.125 112.041666666667 1.35416666666667 23.5833333333333 28.4583333333333 6.83333333333333 "对照点及区域点" 116.911 40.499
"密云水库" 20160826 6.375 22.0416666666667 0.191304347826087 3.65217391304348 56.9130434782609 2 "对照点及区域点" 116.911 40.499
"密云水库" 20160620 69.375 93.7083333333333 0.8625 7.26086956521739 169.083333333333 3.66666666666667 "对照点及区域点" 116.911 40.499
"密云水库" 20161214 5.33333333333333 20.2083333333333 0.225 3 63 2.125 "对照点及区域点" 116.911 40.499
"密云水库" 20160902 6.45833333333333 16.8333333333333 0.195833333333333 2.34782608695652 31 2 "对照点及区域点" 116.911 40.499
"密云水库" 20160818 34.875 57.75 0.754166666666667 2.45833333333333 72.25 2 "对照点及区域点" 116.911 40.499
"密云水库" 20160109 14.9583333333333 19.1666666666667 0.429166666666667 8.875 37.0833333333333 4.70833333333333 "对照点及区域点" 116.911 40.499
"密云水库" 20161204 184.388888888889 237.55 1.90526315789474 27.4210526315789 19.3684210526316 8.52631578947368 "对照点及区域点" 116.911 40.499
"密云水库" 20160904 48.5 53.9583333333333 0.820833333333333 5.26086956521739 113.625 6.33333333333333 "对照点及区域点" 116.911 40.499
"密云水库" 20160810 73.3636363636364 84.1 0.923809523809524 4.8 126.095238095238 2.9047619047619 "对照点及区域点" 116.911 40.499
"密云水库" 20161206 35.375 26.3529411764706 0.641176470588235 20.0588235294118 30.6470588235294 8.35294117647059 "对照点及区域点" 116.911 40.499
"密云水库" 20160320 53.875 84.375 0.65 17.3478260869565 49.7083333333333 6.29166666666667 "对照点及区域点" 116.911 40.499
"密云水库" 20160812 68.625 110 0.25 4.125 46.625 2 "对照点及区域点" 116.911 40.499
"密云水库" 20160322 75 142.875 0.683333333333333 16.047619047619 61.4166666666667 11.9047619047619 "对照点及区域点" 116.911 40.499
"密云水库" 20160824 50.4166666666667 67.375 0.633333333333333 3.25 111.291666666667 2.29166666666667 "对照点及区域点" 116.911 40.499
"密云水库" 20160814 11.375 27.0833333333333 0.295833333333333 5.41666666666667 65.7916666666667 2.16666666666667 "对照点及区域点" 116.911 40.499
"密云水库" 20160319 46.4347826086956 80 0.7125 16.375 51.75 14.4583333333333 "对照点及区域点" 116.911 40.499
"密云水库" 20161117 123.416666666667 131.375 2.09583333333333 33.1304347826087 2.125 8.91666666666667 "对照点及区域点" 116.911 40.499
"密云水库" 20160419 42.4736842105263 49.8235294117647 0.789473684210526 19.4736842105263 50.6315789473684 13.8947368421053 "对照点及区域点" 116.911 40.499
"密云水库" 20160326 6.79166666666667 19.9166666666667 0.208333333333333 4.73913043478261 60.875 2.91666666666667 "对照点及区域点" 116.911 40.499
"密云水库" 20160813 5.33333333333333 20.875 0.191666666666667 3.91304347826087 35.2916666666667 2 "对照点及区域点" 116.911 40.499
"密云水库" 20160823 51.7083333333333 68.7083333333333 0.783333333333333 5.21739130434783 98.2916666666667 4.20833333333333 "对照点及区域点" 116.911 40.499
"密云水库" 20161201 8.77272727272727 49.75 0.2375 4.29166666666667 53.9166666666667 2.20833333333333 "对照点及区域点" 116.911 40.499
"密云水库" 20161111 48.9545454545455 130.583333333333 0.570833333333333 12.4347826086957 20.7916666666667 2.625 "对照点及区域点" 116.911 40.499
"密云水库" 20161208 74.9583333333333 125.260869565217 1.11666666666667 23.5833333333333 38.9583333333333 6.95833333333333 "对照点及区域点" 116.911 40.499
"密云水库" 20161116 74.0869565217391 71.7727272727273 1.0695652173913 22.3913043478261 19.695652173913 7.26086956521739 "对照点及区域点" 116.911 40.499
"密云水库" 20160903 10.2173913043478 23.0434782608696 0.378260869565217 3.69565217391304 55.1304347826087 2 "对照点及区域点" 116.911 40.499
"密云水库" 20160327 9.20833333333333 20.625 0.258333333333333 10.25 53.1666666666667 2.79166666666667 "对照点及区域点" 116.911 40.499
"密云水库" 20160401 43 170.166666666667 0.379166666666667 5.8695652173913 60.8333333333333 4.20833333333333 "对照点及区域点" 116.911 40.499
"密云水库" 20161115 26.4782608695652 27.5 0.616666666666667 14.2173913043478 32.875 8.29166666666667 "对照点及区域点" 116.911 40.499
"密云水库" 20160324 4.45833333333333 20.875 0.1875 2.95652173913043 64.6666666666667 2.08333333333333 "对照点及区域点" 116.911 40.499
"密云水库" 20160811 82.5416666666667 104.25 0.545833333333333 5.52173913043478 111.5 2.79166666666667 "对照点及区域点" 116.911 40.499
"密云水库" 20161207 63.0869565217391 68.1304347826087 1.04347826086957 25.5454545454545 19.3478260869565 14.3478260869565 "对照点及区域点" 116.911 40.499
"密云水库" 20160331 147.090909090909 98.2916666666667 1.0375 19.6666666666667 73.875 20.5416666666667 "对照点及区域点" 116.911 40.499
"密云水库" 20161209 8.60869565217391 38.9523809523809 0.243478260869565 4.47826086956522 50.9130434782609 2.39130434782609 "对照点及区域点" 116.911 40.499
"密云水库" 20160323 3.75 52.5833333333333 0.204166666666667 2 69.1904761904762 3.125 "对照点及区域点" 116.911 40.499
"密云水库" 20160825 21.9473684210526 60.7272727272727 0.268181818181818 2.95238095238095 79.0454545454545 2 "对照点及区域点" 116.911 40.499
"密云水库" 20160815 18.1666666666667 30.7083333333333 0.5625 5.52173913043478 75.4583333333333 2.08333333333333 "对照点及区域点" 116.911 40.499
"密云水库" 20160821 33.1666666666667 59.625 0.566666666666667 3.8695652173913 129.875 2 "对照点及区域点" 116.911 40.499
"密云水库" 20161203 100.894736842105 74.3478260869565 1.46818181818182 32.3636363636364 12.4545454545455 7.86363636363636 "对照点及区域点" 116.911 40.499
"密云水库" 20160819 9.70833333333333 33.5833333333333 0.3375 2.34782608695652 87.2083333333333 2 "对照点及区域点" 116.911 40.499
"密云水库" 20160816 15.2916666666667 39.5 0.491666666666667 5.33333333333333 96.2083333333333 2.125 "对照点及区域点" 116.911 40.499
"密云水库" 20160421 55.7272727272727 69.5909090909091 0.513636363636364 11.5238095238095 75.3181818181818 4.63636363636364 "对照点及区域点" 116.911 40.499
"密云水库" 20161202 33.4347826086956 26.4347826086957 0.565217391304348 12.695652173913 37.0869565217391 4.65217391304348 "对照点及区域点" 116.911 40.499
"密云水库" 20160820 20.5833333333333 33.5 0.404166666666667 5.125 84.0833333333333 3.75 "对照点及区域点" 116.911 40.499
"密云水库" 20160822 55.25 82.6666666666667 1.00434782608696 3.75 155.541666666667 2.875 "对照点及区域点" 116.911 40.499
"密云水库" 20160325 7.04545454545455 20.2380952380952 0.195454545454545 4.68181818181818 62.3181818181818 2 "对照点及区域点" 116.911 40.499
"密云水库" 20160420 31.5238095238095 54.1875 0.447619047619048 6.80952380952381 73.4285714285714 6.04761904761905 "对照点及区域点" 116.911 40.499
"密云水库" 20160422 57.1666666666667 177.625 0.158333333333333 2.70833333333333 78.0833333333333 2 "对照点及区域点" 116.911 40.499
