"万柳" 20161020 90.2916666666667 225.625 1.5 70.375 12.0416666666667 5 "城区环境评价点" 116.287 39.987
"万柳" 20160526 25.1739130434783 42.3333333333333 0.35 32.0434782608696 87.4347826086957 2.08333333333333 "城区环境评价点" 116.287 39.987
"万柳" 20160626 37.125 63.7083333333333 0.541666666666667 59.2083333333333 105.958333333333 4.91666666666667 "城区环境评价点" 116.287 39.987
"万柳" 20160505 50.25 50.2916666666667 0.870833333333333 62.25 77.8333333333333 13.4166666666667 "城区环境评价点" 116.287 39.987
"万柳" 20161101 39.9166666666667 38.375 0.754166666666667 59.7083333333333 16.7083333333333 6.625 "城区环境评价点" 116.287 39.987
"万柳" 20161029 23.5 38.875 0.670833333333333 55 15.1304347826087 4.29166666666667 "城区环境评价点" 116.287 39.987
"万柳" 20160305 69.9583333333333 297.75 0.234782608695652 26.5217391304348 71 3.17391304347826 "城区环境评价点" 116.287 39.987
"万柳" 20160120 107.791666666667 115.166666666667 4.10416666666667 81.5 3.70833333333333 54.75 "城区环境评价点" 116.287 39.987
"万柳" 20160302 159.916666666667 197.375 2.84090909090909 166 17.7727272727273 35.8636363636364 "城区环境评价点" 116.287 39.987
"万柳" 20161105 182.291666666667 279.347826086957 3.19166666666667 105.166666666667 16.1666666666667 4.75 "城区环境评价点" 116.287 39.987
"万柳" 20160122 14.9583333333333 106.458333333333 1.2 16.4166666666667 54.7083333333333 4.83333333333333 "城区环境评价点" 116.287 39.987
"万柳" 20160304 347.291666666667 385.583333333333 4.34545454545455 200.818181818182 9.17391304347826 49 "城区环境评价点" 116.287 39.987
"万柳" 20161112 77.25 98.625 1.7375 73.7916666666667 12.2173913043478 6.58333333333333 "城区环境评价点" 116.287 39.987
"万柳" 20160627 56.5 69.8333333333333 0.691666666666667 54.2916666666667 115.130434782609 7.04166666666667 "城区环境评价点" 116.287 39.987
"万柳" 20160121 142.583333333333 178.875 3.81666666666667 75.625 3.8695652173913 35.9583333333333 "城区环境评价点" 116.287 39.987
"万柳" 20161013 137.181818181818 128.041666666667 1.54782608695652 79.25 29.5652173913043 2.79166666666667 "城区环境评价点" 116.287 39.987
"万柳" 20160303 277 251.5 3.70416666666667 193.333333333333 14.1304347826087 59.375 "城区环境评价点" 116.287 39.987
"万柳" 20160506 63.5 121.458333333333 0.191666666666667 20.75 85.3478260869565 2 "城区环境评价点" 116.287 39.987
"万柳" 20161106 68.25 155.208333333333 0.945833333333333 56.2083333333333 27.9565217391304 7.79166666666667 "城区环境评价点" 116.287 39.987
"万柳" 20160123 7.79166666666667 27.7916666666667 1.10833333333333 15.75 52.1304347826087 4.33333333333333 "城区环境评价点" 116.287 39.987
"万柳" 20161017 59.4583333333333 109.958333333333 0.916666666666667 63.9166666666667 22.2608695652174 2.83333333333333 "城区环境评价点" 116.287 39.987
"万柳" 20161113 88 100.708333333333 2.04583333333333 76.7083333333333 2.79166666666667 4.41666666666667 "城区环境评价点" 116.287 39.987
"万柳" 20161031 5.5 37.5 0.295833333333333 20.9166666666667 44.4347826086956 3.41666666666667 "城区环境评价点" 116.287 39.987
"万柳" 20160221 71.6666666666667 56.7916666666667 1.42083333333333 65.75 23.2916666666667 30.9166666666667 "城区环境评价点" 116.287 39.987
"万柳" 20161014 237.958333333333 234.083333333333 2.00833333333333 102.041666666667 26.8333333333333 3.75 "城区环境评价点" 116.287 39.987
"万柳" 20161102 104.541666666667 100.791666666667 1.53333333333333 88.9565217391304 9.8695652173913 9.20833333333333 "城区环境评价点" 116.287 39.987
"万柳" 20161021 43.2083333333333 69.6666666666667 0.8375 45.8695652173913 12.7826086956522 2 "城区环境评价点" 116.287 39.987
"万柳" 20160220 13 29.2608695652174 0.320833333333333 26.5 62.2173913043478 7 "城区环境评价点" 116.287 39.987
"万柳" 20161030 42.5652173913044 67.304347826087 0.795652173913043 48 22.1304347826087 4.47826086956522 "城区环境评价点" 116.287 39.987
"万柳" 20161104 256.166666666667 279.333333333333 3.48333333333333 130.625 6 5.95833333333333 "城区环境评价点" 116.287 39.987
"万柳" 20160313 28.0416666666667 104.583333333333 0.691666666666667 39.5 67.4347826086957 11.625 "城区环境评价点" 116.287 39.987
"万柳" 20160906 20.7222222222222 57.3529411764706 0.572222222222222 34.2222222222222 27.8333333333333 3.22222222222222 "城区环境评价点" 116.287 39.987
"万柳" 20160701 13.7083333333333 60.125 0.408333333333333 33.25 85.25 2 "城区环境评价点" 116.287 39.987
"万柳" 20160718 119.416666666667 135.166666666667 1.19583333333333 72.4583333333333 70.125 3.16666666666667 "城区环境评价点" 116.287 39.987
"万柳" 20161103 180.041666666667 178.583333333333 2.48333333333333 109.791666666667 5.83333333333333 7.45833333333333 "城区环境评价点" 116.287 39.987
"万柳" 20160527 44.2631578947368 60.0869565217391 0.665217391304348 51.3478260869565 87.4347826086957 11.5652173913043 "城区环境评价点" 116.287 39.987
"万柳" 20160905 25.6818181818182 74.125 0.521739130434783 31.695652173913 77.5 2.08695652173913 "城区环境评价点" 116.287 39.987
"万柳" 20160715 37.25 57.375 0.6375 34.0416666666667 61.9565217391304 2 "城区环境评价点" 116.287 39.987
"万柳" 20160717 74.2916666666667 81.3333333333333 0.958333333333333 50.8333333333333 107.304347826087 2.875 "城区环境评价点" 116.287 39.987
"万柳" 20160722 78.625 80.6666666666667 1.07083333333333 43.6666666666667 62.25 2 "城区环境评价点" 116.287 39.987
"万柳" 20160702 46 59.5416666666667 0.6875 51.5416666666667 96.625 2.875 "城区环境评价点" 116.287 39.987
"万柳" 20160306 73.3478260869565 120.869565217391 1.85652173913043 77.4782608695652 13.1304347826087 29.2608695652174 "城区环境评价点" 116.287 39.987
"万柳" 20161018 126.375 106.333333333333 1.57916666666667 78.7083333333333 4.79166666666667 3.25 "城区环境评价点" 116.287 39.987
"万柳" 20160210 93.0416666666667 86.7083333333333 2.3 77.5833333333333 17.304347826087 56.2916666666667 "城区环境评价点" 116.287 39.987
"万柳" 20160104 44.9166666666667 197.565217391304 1.42916666666667 40.0416666666667 34.5833333333333 6.58333333333333 "城区环境评价点" 116.287 39.987
"万柳" 20160827 13.5833333333333 40 0.475 36.625 36 2.29166666666667 "城区环境评价点" 116.287 39.987
"万柳" 20160128 114.409090909091 155.608695652174 2.60869565217391 94.0909090909091 11.6086956521739 59.3636363636364 "城区环境评价点" 116.287 39.987
"万柳" 20160508 52 58.9166666666667 0.641666666666667 57.5 86.4347826086957 13.5416666666667 "城区环境评价点" 116.287 39.987
"万柳" 20160628 69.9583333333333 82.75 0.695833333333333 45.4166666666667 59.2 2 "城区环境评价点" 116.287 39.987
"万柳" 20160103 286.041666666667 326.25 5.4125 100.375 6.47826086956522 29.2916666666667 "城区环境评价点" 116.287 39.987
"万柳" 20160826 7.33333333333333 25.125 0.3125 31.0833333333333 52.2608695652174 2 "城区环境评价点" 116.287 39.987
"万柳" 20160127 100.375 92.75 2.825 89.9166666666667 8.30434782608696 49.7083333333333 "城区环境评价点" 116.287 39.987
"万柳" 20160507 19.625 45.5416666666667 0.266666666666667 42.2083333333333 80.875 2.45833333333333 "城区环境评价点" 116.287 39.987
"万柳" 20161107 37.4166666666667 81.9583333333333 0.704166666666667 41.7916666666667 28.125 2.95833333333333 "城区环境评价点" 116.287 39.987
"万柳" 20160124 11.4583333333333 40 1.31666666666667 27.7083333333333 43.5416666666667 5 "城区环境评价点" 116.287 39.987
"万柳" 20160719 91.875 142.708333333333 1.25 51.625 33.4347826086956 2.20833333333333 "城区环境评价点" 116.287 39.987
"万柳" 20161114 39.4166666666667 110.625 0.9875 42.5833333333333 38.9565217391304 3.625 "城区环境评价点" 116.287 39.987
"万柳" 20160528 40.5833333333333 80.2916666666667 0.645833333333333 41.6666666666667 119.086956521739 10.7083333333333 "城区环境评价点" 116.287 39.987
"万柳" 20160222 72.125 125.826086956522 0.8625 44.7916666666667 49.5217391304348 17.375 "城区环境评价点" 116.287 39.987
"万柳" 20161015 197.391304347826 288 1.95652173913043 88.6086956521739 2.59090909090909 3.04347826086957 "城区环境评价点" 116.287 39.987
"万柳" 20160101 158.458333333333 153.625 4.21666666666667 114.583333333333 5 43.9583333333333 "城区环境评价点" 116.287 39.987
"万柳" 20161022 14.2083333333333 42.625 0.591666666666667 29.0833333333333 18.5416666666667 2.04166666666667 "城区环境评价点" 116.287 39.987
"万柳" 20160703 81.25 83.4166666666667 1 70.2916666666667 87.875 4.45833333333333 "城区环境评价点" 116.287 39.987
"万柳" 20160307 35.3913043478261 104.347826086957 1.07826086956522 2 56.3181818181818 11.0434782608696 "城区环境评价点" 116.287 39.987
"万柳" 20160831 17.8333333333333 55.7083333333333 0.5125 52.5416666666667 48.1666666666667 2.79166666666667 "城区环境评价点" 116.287 39.987
"万柳" 20160314 73.5217391304348 72.1739130434783 1.47826086956522 84.9130434782609 28.5217391304348 25.5652173913043 "城区环境评价点" 116.287 39.987
"万柳" 20160907 42 67.5454545454545 0.707692307692308 38 91.3076923076923 4.84615384615385 "城区环境评价点" 116.287 39.987
"万柳" 20161006 74.4166666666667 95.25 1.72083333333333 52.5833333333333 3.58333333333333 2 "城区环境评价点" 116.287 39.987
"万柳" 20160129 56.0833333333333 103.25 1.00434782608696 61 14.3478260869565 36.7391304347826 "城区环境评价点" 116.287 39.987
"万柳" 20160724 88.4736842105263 152.166666666667 0.858333333333333 36.25 78.5833333333333 2 "城区环境评价点" 116.287 39.987
"万柳" 20160928 15 27.7083333333333 0.495454545454545 53.4285714285714 19.7727272727273 3 "城区环境评价点" 116.287 39.987
"万柳" 20160602 45.0833333333333 79.75 0.729166666666667 60.6666666666667 116.958333333333 8.16666666666667 "城区环境评价点" 116.287 39.987
"万柳" 20160716 38.4583333333333 51.7916666666667 0.683333333333333 47.25 43.6666666666667 2 "城区环境评价点" 116.287 39.987
"万柳" 20160212 146.708333333333 186.208333333333 1.73333333333333 68.1666666666667 14.7391304347826 25.1666666666667 "城区环境评价点" 116.287 39.987
"万柳" 20160723 150.583333333333 157.416666666667 1.175 40.8333333333333 80.6521739130435 2 "城区环境评价点" 116.287 39.987
"万柳" 20160312 108.958333333333 86.875 2.00416666666667 107.458333333333 13.7916666666667 44.3333333333333 "城区环境评价点" 116.287 39.987
"万柳" 20160601 30.4166666666667 66.5416666666667 0.608333333333333 48.3333333333333 91.5652173913043 4.66666666666667 "城区环境评价点" 116.287 39.987
"万柳" 20161019 227.875 234.458333333333 2.13333333333333 100.416666666667 14.7391304347826 4.375 "城区环境评价点" 116.287 39.987
"万柳" 20160211 139.708333333333 163.458333333333 2.59166666666667 76.7083333333333 7.125 51.2083333333333 "城区环境评价点" 116.287 39.987
"万柳" 20160105 35.6666666666667 30.375 1.3125 46.875 21.9565217391304 13.6666666666667 "城区环境评价点" 116.287 39.987
"万柳" 20160828 9.5 34.2916666666667 0.375 42.4583333333333 44.9565217391304 2.125 "城区环境评价点" 116.287 39.987
"万柳" 20160531 44.4166666666667 100.041666666667 0.725 47 71.125 9.08333333333333 "城区环境评价点" 116.287 39.987
"万柳" 20160509 31.9166666666667 58.3333333333333 0.4875 53.3333333333333 50.375 4.04166666666667 "城区环境评价点" 116.287 39.987
"万柳" 20160629 115.416666666667 127.583333333333 0.9 47.1 80.7083333333333 2 "城区环境评价点" 116.287 39.987
"万柳" 20160126 32.375 42.5416666666667 0.939130434782609 37.6666666666667 38.5833333333333 20.25 "城区环境评价点" 116.287 39.987
"万柳" 20160721 27.7916666666667 29.25 0.808333333333333 32.2916666666667 30.4347826086957 2 "城区环境评价点" 116.287 39.987
"万柳" 20161116 91.6086956521739 96.8181818181818 2.48260869565217 87.7391304347826 7.68181818181818 15.4347826086957 "城区环境评价点" 116.287 39.987
"万柳" 20160530 77.5 95.5416666666667 1.06666666666667 51.9583333333333 156.304347826087 16.375 "城区环境评价点" 116.287 39.987
"万柳" 20161108 36.625 38.75 0.833333333333333 59.7083333333333 14.4782608695652 5.83333333333333 "城区环境评价点" 116.287 39.987
"万柳" 20160125 24.25 39.5416666666667 1.8375 56.5833333333333 20.1304347826087 16.7083333333333 "城区环境评价点" 116.287 39.987
"万柳" 20160720 40.125 95.125 0.708333333333333 22.1666666666667 40.8333333333333 2 "城区环境评价点" 116.287 39.987
"万柳" 20161115 37.1666666666667 50.625 1.68333333333333 69.4583333333333 11 10.9583333333333 "城区环境评价点" 116.287 39.987
"万柳" 20160529 28.9166666666667 63.25 0.441666666666667 35.6666666666667 107.5 4.41666666666667 "城区环境评价点" 116.287 39.987
"万柳" 20160223 7.75 39.9583333333333 0.177272727272727 20.875 70.0416666666667 4.04166666666667 "城区环境评价点" 116.287 39.987
"万柳" 20161016 109.041666666667 196.458333333333 0.908333333333333 63.4166666666667 22.5 3.45833333333333 "城区环境评价点" 116.287 39.987
"万柳" 20160102 226.083333333333 254.913043478261 5.6375 130.5 5.5 45.7083333333333 "城区环境评价点" 116.287 39.987
"万柳" 20161023 24.4583333333333 33.7083333333333 0.641666666666667 49.875 16.1739130434783 2.875 "城区环境评价点" 116.287 39.987
"万柳" 20160704 122.333333333333 152.958333333333 1.13333333333333 46.25 116.666666666667 2.41666666666667 "城区环境评价点" 116.287 39.987
"万柳" 20160308 9.5 28.2142857142857 0.361111111111111 17.9230769230769 72.9444444444444 2.11111111111111 "城区环境评价点" 116.287 39.987
"万柳" 20160901 7.25 34.4583333333333 0.320833333333333 42.75 38.2173913043478 2.16666666666667 "城区环境评价点" 116.287 39.987
"万柳" 20160315 139.111111111111 124.894736842105 1.87894736842105 105.157894736842 15.5555555555556 55.2631578947368 "城区环境评价点" 116.287 39.987
"万柳" 20160908 19.9166666666667 46.625 0.575 44.6666666666667 45.375 2 "城区环境评价点" 116.287 39.987
"万柳" 20161007 36.9166666666667 72.6666666666667 1.5375 42.5416666666667 12.8260869565217 2 "城区环境评价点" 116.287 39.987
"万柳" 20160130 58.2083333333333 74.7916666666667 1 59.875 17.7083333333333 28.4583333333333 "城区环境评价点" 116.287 39.987
"万柳" 20160725 110 151.625 0.938095238095238 38.6190476190476 60.2 4.61904761904762 "城区环境评价点" 116.287 39.987
"万柳" 20160929 50.5 43.0833333333333 0.683333333333333 66.3478260869565 39.7272727272727 4.72727272727273 "城区环境评价点" 116.287 39.987
"万柳" 20160603 79.5416666666667 83.2916666666667 1.2375 91.2083333333333 105.826086956522 20.5833333333333 "城区环境评价点" 116.287 39.987
"万柳" 20160228 31.8333333333333 49.6666666666667 0.558333333333333 52.6666666666667 46.8695652173913 8.25 "城区环境评价点" 116.287 39.987
"万柳" 20160213 8.66666666666667 105.625 0.1 9.83333333333333 63.875 7.58333333333333 "城区环境评价点" 116.287 39.987
"万柳" 20160808 29.2222222222222 40.4117647058824 0.683333333333333 35.0555555555556 78.4117647058823 2.33333333333333 "城区环境评价点" 116.287 39.987
"万柳" 20160412 69.8333333333333 78.7083333333333 0.770833333333333 78.2916666666667 30.7391304347826 7.75 "城区环境评价点" 116.287 39.987
"万柳" 20160624 13.0454545454545 69.2083333333333 0.35 47.1666666666667 63.125 2.08333333333333 "城区环境评价点" 116.287 39.987
"万柳" 20160227 19.8333333333333 54.1666666666667 0.733333333333333 61.875 42.375 13.125 "城区环境评价点" 116.287 39.987
"万柳" 20161027 30 59.4166666666667 1.00416666666667 58.75 4.47826086956522 2.125 "城区环境评价点" 116.287 39.987
"万柳" 20160106 35.1666666666667 72.1666666666667 2.00416666666667 46.5416666666667 23.9166666666667 13.75 "城区环境评价点" 116.287 39.987
"万柳" 20160829 18.375 43.375 0.583333333333333 54.8333333333333 53.6666666666667 2.41666666666667 "城区环境评价点" 116.287 39.987
"万柳" 20160708 93.4583333333333 127.208333333333 1.12083333333333 43.3333333333333 103.166666666667 4.16666666666667 "城区环境评价点" 116.287 39.987
"万柳" 20160510 37.6666666666667 49.375 0.5875 50.6666666666667 85.5217391304348 3.75 "城区环境评价点" 116.287 39.987
"万柳" 20160630 62.125 118.458333333333 0.729166666666667 45.4166666666667 107.791666666667 2 "城区环境评价点" 116.287 39.987
"万柳" 20160319 61.4583333333333 129.708333333333 0.891666666666667 59.5 58.4782608695652 16.1666666666667 "城区环境评价点" 116.287 39.987
"万柳" 20160524 24 56.4166666666667 0.391666666666667 40.7916666666667 82.2608695652174 2.83333333333333 "城区环境评价点" 116.287 39.987
"万柳" 20161117 90.125 124.5 2.19166666666667 69.8333333333333 5.58333333333333 13.625 "城区环境评价点" 116.287 39.987
"万柳" 20160203 39.0476190476191 55.2916666666667 1.90416666666667 70.75 15.0833333333333 29.7916666666667 "城区环境评价点" 116.287 39.987
"万柳" 20161109 148.875 116.416666666667 2.7125 94.25 2.83333333333333 8.125 "城区环境评价点" 116.287 39.987
"万柳" 20161003 138.25 219.791666666667 1.25 79.4583333333333 45.3478260869565 2.83333333333333 "城区环境评价点" 116.287 39.987
"万柳" 20160805 60.0833333333333 107.916666666667 0.908333333333333 41.8333333333333 86.5416666666667 2.125 "城区环境评价点" 116.287 39.987
"万柳" 20161010 82 71.9583333333333 1.06666666666667 80.625 10.2083333333333 7.125 "城区环境评价点" 116.287 39.987
"万柳" 20160614 37.4166666666667 61.2916666666667 0.6125 35.0416666666667 71.9583333333333 2 "城区环境评价点" 116.287 39.987
"万柳" 20160224 24.625 37.5416666666667 0.8125 49.1666666666667 42.4782608695652 13.0416666666667 "城区环境评价点" 116.287 39.987
"万柳" 20160416 33.75 82.375 0.3 31.75 56.2608695652174 2.58333333333333 "城区环境评价点" 116.287 39.987
"万柳" 20160621 84.4583333333333 108.125 0.875 44.5416666666667 131.217391304348 2.91666666666667 "城区环境评价点" 116.287 39.987
"万柳" 20161024 50.9166666666667 62.25 1.03333333333333 62.5833333333333 2.29166666666667 2.08333333333333 "城区环境评价点" 116.287 39.987
"万柳" 20160705 96.875 135.75 0.95 39.5833333333333 121.521739130435 3 "城区环境评价点" 116.287 39.987
"万柳" 20160309 9.56521739130435 21.5714285714286 0.317391304347826 18.6086956521739 65.1363636363636 4 "城区环境评价点" 116.287 39.987
"万柳" 20160902 12.875 40.875 0.3875 40.3333333333333 26.5 2 "城区环境评价点" 116.287 39.987
"万柳" 20160316 245.333333333333 241.208333333333 2.575 115.25 49.4583333333333 45.875 "城区环境评价点" 116.287 39.987
"万柳" 20160909 17.0416666666667 42.0416666666667 0.5125 48.9166666666667 31.3478260869565 3.33333333333333 "城区环境评价点" 116.287 39.987
"万柳" 20161008 9.125 33.875 0.454166666666667 27.625 42.7916666666667 2 "城区环境评价点" 116.287 39.987
"万柳" 20160131 10.0833333333333 48.875 0.208333333333333 29.2916666666667 49.3478260869565 10.7916666666667 "城区环境评价点" 116.287 39.987
"万柳" 20160726 16.7083333333333 55.2916666666667 0.529166666666667 19.2083333333333 95.75 2 "城区环境评价点" 116.287 39.987
"万柳" 20160930 103.291666666667 106.458333333333 1.02916666666667 88.6666666666667 59.5 5.625 "城区环境评价点" 116.287 39.987
"万柳" 20160604 84.125 118.666666666667 0.904166666666667 54.625 146.5 19.375 "城区环境评价点" 116.287 39.987
"万柳" 20160229 32.4166666666667 37.875 0.275 65.75 39.9583333333333 12.6363636363636 "城区环境评价点" 116.287 39.987
"万柳" 20160214 5.91666666666667 22.0416666666667 0.2625 10.4166666666667 70.9565217391304 4.875 "城区环境评价点" 116.287 39.987
"万柳" 20160809 43.6 69.2666666666667 1.06666666666667 35.2666666666667 133.666666666667 6.13333333333333 "城区环境评价点" 116.287 39.987
"万柳" 20160413 100.125 129.541666666667 0.883333333333333 84.6666666666667 52.0416666666667 8.41666666666667 "城区环境评价点" 116.287 39.987
"万柳" 20160625 15.625 32.8333333333333 0.35 43.0833333333333 67.2608695652174 2.20833333333333 "城区环境评价点" 116.287 39.987
"万柳" 20160512 34.1304347826087 141.583333333333 0.439130434782609 30.0833333333333 67.8695652173913 2.04166666666667 "城区环境评价点" 116.287 39.987
"万柳" 20161028 9.66666666666667 38.9583333333333 0.441666666666667 34.0416666666667 29.2083333333333 2.04166666666667 "城区环境评价点" 116.287 39.987
"万柳" 20160107 10.5416666666667 30.1304347826087 0.841666666666667 30.5 33.8695652173913 7.79166666666667 "城区环境评价点" 116.287 39.987
"万柳" 20160830 29.304347826087 58.9565217391304 0.708695652173913 69.9565217391304 83.0909090909091 2.91304347826087 "城区环境评价点" 116.287 39.987
"万柳" 20160709 78 115.958333333333 0.791666666666667 40.8333333333333 108.260869565217 2.45833333333333 "城区环境评价点" 116.287 39.987
"万柳" 20160511 157.083333333333 122.916666666667 1.19583333333333 52.5416666666667 115.166666666667 15.1666666666667 "城区环境评价点" 116.287 39.987
"万柳" 20161111 75.0833333333333 132.625 1.77916666666667 70.875 7.33333333333333 5.5 "城区环境评价点" 116.287 39.987
"万柳" 20160320 63.4166666666667 82.7083333333333 1.07083333333333 80 39.5 10.9583333333333 "城区环境评价点" 116.287 39.987
"万柳" 20160525 11.2173913043478 33.8333333333333 0.291666666666667 30 95.0416666666667 2 "城区环境评价点" 116.287 39.987
"万柳" 20161118 187 171.5 3.87916666666667 98.875 3.26086956521739 18.625 "城区环境评价点" 116.287 39.987
"万柳" 20160204 10.2916666666667 34.9583333333333 0.275 25.2916666666667 62.2608695652174 9.95833333333333 "城区环境评价点" 116.287 39.987
"万柳" 20161110 165.863636363636 237.818181818182 2.35909090909091 89.5909090909091 9.38095238095238 7.5 "城区环境评价点" 116.287 39.987
"万柳" 20161004 34.2916666666667 97.9166666666667 1.0125 34.625 21.25 2 "城区环境评价点" 116.287 39.987
"万柳" 20160806 94.3478260869565 108.857142857143 0.930434782608696 45.6086956521739 97.5454545454545 2 "城区环境评价点" 116.287 39.987
"万柳" 20161011 106.166666666667 137.958333333333 1.36666666666667 70.875 23.3478260869565 5.04166666666667 "城区环境评价点" 116.287 39.987
"万柳" 20160615 21.3333333333333 45.9166666666667 0.508333333333333 40.8333333333333 89.1739130434783 2 "城区环境评价点" 116.287 39.987
"万柳" 20160225 22.375 42.5 0.541666666666667 42.625 45.2083333333333 13 "城区环境评价点" 116.287 39.987
"万柳" 20160417 15.3478260869565 41.4761904761905 0.295833333333333 20.8333333333333 87.4166666666667 2 "城区环境评价点" 116.287 39.987
"万柳" 20160622 51.4583333333333 95.7083333333333 0.666666666666667 41.0833333333333 118.541666666667 2.45833333333333 "城区环境评价点" 116.287 39.987
"万柳" 20161025 89.75 92.7916666666667 1.39583333333333 81.5833333333333 4.26086956521739 2.625 "城区环境评价点" 116.287 39.987
"万柳" 20160706 76.75 116.083333333333 0.891666666666667 45.4583333333333 125.708333333333 2.875 "城区环境评价点" 116.287 39.987
"万柳" 20160310 8.91666666666667 28.0833333333333 0.275 14.4166666666667 72.4166666666667 2.41666666666667 "城区环境评价点" 116.287 39.987
"万柳" 20160903 18.6666666666667 40.375 0.525 38.3333333333333 69 3.20833333333333 "城区环境评价点" 116.287 39.987
"万柳" 20160317 308.521739130435 341.739130434783 2.36086956521739 139.913043478261 39.4090909090909 36.1739130434783 "城区环境评价点" 116.287 39.987
"万柳" 20160910 16.4166666666667 43.4166666666667 0.520833333333333 50.6666666666667 42.9166666666667 2.95833333333333 "城区环境评价点" 116.287 39.987
"万柳" 20161009 26.875 46.5833333333333 0.629166666666667 55 12.8695652173913 3.83333333333333 "城区环境评价点" 116.287 39.987
"万柳" 20160201 14.6666666666667 29.4583333333333 0.5125 41.75 36.7083333333333 14.5 "城区环境评价点" 116.287 39.987
"万柳" 20160727 44.9583333333333 79.875 0.266666666666667 40.2083333333333 118.608695652174 2 "城区环境评价点" 116.287 39.987
"万柳" 20161001 166.625 180.625 1.4375 98.7916666666667 48.6521739130435 10.375 "城区环境评价点" 116.287 39.987
"万柳" 20160605 72.7083333333333 110.333333333333 0.845833333333333 58.2916666666667 128.913043478261 12.75 "城区环境评价点" 116.287 39.987
"万柳" 20160301 118.333333333333 101.208333333333 1.66363636363636 120.636363636364 20.8571428571429 34.6818181818182 "城区环境评价点" 116.287 39.987
"万柳" 20160215 6.29166666666667 25.5416666666667 0.3125 11.5416666666667 72.4583333333333 3.29166666666667 "城区环境评价点" 116.287 39.987
"万柳" 20160810 72.1363636363636 78.1 0.840909090909091 30.4090909090909 100.714285714286 2.59090909090909 "城区环境评价点" 116.287 39.987
"万柳" 20160414 24.5652173913043 92.6818181818182 0.360869565217391 35.4347826086956 82.4090909090909 4.39130434782609 "城区环境评价点" 116.287 39.987
"万柳" 20160619 61.375 83.5 0.741666666666667 54 130.739130434783 4.66666666666667 "城区环境评价点" 116.287 39.987
"万柳" 20160513 35 42.125 0.558333333333333 50.0416666666667 59.9166666666667 5.25 "城区环境评价点" 116.287 39.987
"万柳" 20161220 355.625 339.086956521739 8.175 152.291666666667 6.56521739130435 11.75 "城区环境评价点" 116.287 39.987
"万柳" 20160108 34.6666666666667 28.9166666666667 1.25833333333333 47.375 24.0416666666667 13.7916666666667 "城区环境评价点" 116.287 39.987
"万柳" 20160824 86.625 117.875 1.07083333333333 60 64.4782608695652 2.16666666666667 "城区环境评价点" 116.287 39.987
"万柳" 20160710 87.125 122.217391304348 0.804166666666667 38.5 106.958333333333 3.5 "城区环境评价点" 116.287 39.987
"万柳" 20160206 27.9583333333333 32.2083333333333 0.616666666666667 39.7916666666667 48.8695652173913 15.9166666666667 "城区环境评价点" 116.287 39.987
"万柳" 20160801 72.7916666666667 82.2083333333333 0.621739130434783 41.6666666666667 97.4090909090909 2.04347826086957 "城区环境评价点" 116.287 39.987
"万柳" 20160321 117.666666666667 120.708333333333 1.18333333333333 102.375 51.6521739130435 22.0416666666667 "城区环境评价点" 116.287 39.987
"万柳" 20161119 140.75 223.083333333333 2.14347826086957 75.5 19 12.2083333333333 "城区环境评价点" 116.287 39.987
"万柳" 20161204 250.166666666667 293.583333333333 4.57083333333333 119.916666666667 9.91304347826087 20.75 "城区环境评价点" 116.287 39.987
"万柳" 20160205 9.875 23.5833333333333 0.220833333333333 18.6666666666667 67.8333333333333 7.58333333333333 "城区环境评价点" 116.287 39.987
"万柳" 20160731 53.7083333333333 113.75 0.179166666666667 42.5416666666667 67.0869565217391 2.91666666666667 "城区环境评价点" 116.287 39.987
"万柳" 20161005 48.5416666666667 50.5833333333333 1.125 42.8333333333333 21.7826086956522 2 "城区环境评价点" 116.287 39.987
"万柳" 20160807 15.5652173913043 65 0.556521739130435 23.0434782608696 87.8260869565217 2 "城区环境评价点" 116.287 39.987
"万柳" 20161012 70 103.666666666667 1.09583333333333 70.2916666666667 16.9583333333333 2.66666666666667 "城区环境评价点" 116.287 39.987
"万柳" 20160616 29.695652173913 56.2173913043478 0.682608695652174 69.5217391304348 58.1304347826087 2.47826086956522 "城区环境评价点" 116.287 39.987
"万柳" 20160226 34.4090909090909 41 0.729166666666667 52.625 47.2173913043478 14.8333333333333 "城区环境评价点" 116.287 39.987
"万柳" 20160418 30 59.2222222222222 0.28 32.25 80.5 2.25 "城区环境评价点" 116.287 39.987
"万柳" 20160623 84.1666666666667 96.125 1.05 50.5416666666667 109.869565217391 4.375 "城区环境评价点" 116.287 39.987
"万柳" 20161026 40.7142857142857 102.263157894737 0.819047619047619 57.5714285714286 22.5238095238095 2.47619047619048 "城区环境评价点" 116.287 39.987
"万柳" 20160707 110 120.458333333333 1.20416666666667 44 139.565217391304 5.83333333333333 "城区环境评价点" 116.287 39.987
"万柳" 20160311 21.0416666666667 45.1666666666667 0.558333333333333 48.9166666666667 50.8260869565217 9.20833333333333 "城区环境评价点" 116.287 39.987
"万柳" 20160904 79.7083333333333 76.9583333333333 0.9875 53.5833333333333 76.625 4.625 "城区环境评价点" 116.287 39.987
"万柳" 20160318 215.125 353.666666666667 1.75416666666667 90.0416666666667 57.125 16 "城区环境评价点" 116.287 39.987
"万柳" 20160911 29.5833333333333 49.7083333333333 0.791666666666667 47.375 61.0434782608696 2 "城区环境评价点" 116.287 39.987
"万柳" 20161201 33.125 65.1666666666667 0.875 51.0833333333333 42.7083333333333 10.8333333333333 "城区环境评价点" 116.287 39.987
"万柳" 20160202 32.4166666666667 34.0416666666667 1.03636363636364 61.8636363636364 24.1363636363636 23.5 "城区环境评价点" 116.287 39.987
"万柳" 20160728 46.375 73.8333333333333 0.209090909090909 35.5 91.5 2 "城区环境评价点" 116.287 39.987
"万柳" 20161002 193.333333333333 242.083333333333 1.5125 92.9166666666667 46 4.45833333333333 "城区环境评价点" 116.287 39.987
"万柳" 20160606 85.1666666666667 105.125 0.845833333333333 53.8260869565217 128.75 7.70833333333333 "城区环境评价点" 116.287 39.987
"万柳" 20160819 18.0833333333333 58.8333333333333 0.975 27.875 66.6666666666667 2 "城区环境评价点" 116.287 39.987
"万柳" 20160216 5.375 42.7916666666667 0.2125 15 76.0869565217391 4.125 "城区环境评价点" 116.287 39.987
"万柳" 20160811 86.695652173913 108.434782608696 0.922727272727273 33.9090909090909 87.6818181818182 2.23809523809524 "城区环境评价点" 116.287 39.987
"万柳" 20160415 54.75 69 0.966666666666667 76 42.625 17.4583333333333 "城区环境评价点" 116.287 39.987
"万柳" 20160620 92.35 107.454545454545 0.963636363636364 24.6363636363636 129.909090909091 5.86363636363636 "城区环境评价点" 116.287 39.987
"万柳" 20160514 37.3333333333333 51.0833333333333 0.5625 41.7083333333333 59.3913043478261 2.41666666666667 "城区环境评价点" 116.287 39.987
"万柳" 20161221 383 418.708333333333 8.02916666666667 167.565217391304 5.875 15.4166666666667 "城区环境评价点" 116.287 39.987
"万柳" 20160109 73.5416666666667 77.7916666666667 2.67916666666667 82.1666666666667 6.39130434782609 26.8333333333333 "城区环境评价点" 116.287 39.987
"万柳" 20160825 15.0833333333333 68.375 0.35 21.5833333333333 55 2 "城区环境评价点" 116.287 39.987
"万柳" 20160711 83.3333333333333 104.541666666667 0.716666666666667 35.875 110.782608695652 7.45833333333333 "城区环境评价点" 116.287 39.987
"万柳" 20160207 26.7727272727273 49.4166666666667 0.7 39.0833333333333 49.75 21.5833333333333 "城区环境评价点" 116.287 39.987
"万柳" 20160802 52.9545454545455 98.05 0.981818181818182 42.6818181818182 92.4761904761905 2.04545454545455 "城区环境评价点" 116.287 39.987
"万柳" 20160322 107.772727272727 160.583333333333 1.43333333333333 99.9565217391304 28.5416666666667 27.0833333333333 "城区环境评价点" 116.287 39.987
"万柳" 20161120 55.7083333333333 138.458333333333 1.18333333333333 46.2083333333333 9.69565217391304 2.91666666666667 "城区环境评价点" 116.287 39.987
"万柳" 20161205 43.75 169.782608695652 1.12916666666667 47.7083333333333 32.6666666666667 8.29166666666667 "城区环境评价点" 116.287 39.987
"万柳" 20160618 39.2916666666667 70.875 0.6875 50.1666666666667 104.208333333333 3.5 "城区环境评价点" 116.287 39.987
"万柳" 20160816 22.3333333333333 36.0833333333333 0.6 37.2083333333333 72.5217391304348 2 "城区环境评价点" 116.287 39.987
"万柳" 20160405 110.791666666667 124.958333333333 0.925 69.75 82.8333333333333 18.875 "城区环境评价点" 116.287 39.987
"万柳" 20160610 47.4545454545455 102 0.577272727272727 29.7272727272727 111 2.04545454545455 "城区环境评价点" 116.287 39.987
"万柳" 20160823 73.625 70.125 0.854166666666667 47.4583333333333 80.7916666666667 3.41666666666667 "城区环境评价点" 116.287 39.987
"万柳" 20160617 26.2083333333333 66.375 0.652631578947368 69.5789473684211 35.4761904761905 3.1304347826087 "城区环境评价点" 116.287 39.987
"万柳" 20160815 15.8333333333333 51.9166666666667 0.55 37.7916666666667 51.7916666666667 2 "城区环境评价点" 116.287 39.987
"万柳" 20160419 70.8333333333333 73.5 1.28888888888889 76.8333333333333 35.3333333333333 20.7777777777778 "城区环境评价点" 116.287 39.987
"万柳" 20161218 205.375 244.875 4.11666666666667 118.166666666667 7.43478260869565 31.125 "城区环境评价点" 116.287 39.987
"万柳" 20160822 45.9166666666667 70.125 0.854166666666667 40.375 99.0869565217391 2.41666666666667 "城区环境评价点" 116.287 39.987
"万柳" 20161225 163.857142857143 192.714285714286 3.57142857142857 114 4.57142857142857 42.2857142857143 "城区环境评价点" 116.287 39.987
"万柳" 20160113 21.6666666666667 34.0416666666667 1.48333333333333 54.2083333333333 22.695652173913 12.2916666666667 "城区环境评价点" 116.287 39.987
"万柳" 20160730 118.6 160.052631578947 1.32 46.35 57.5 2 "城区环境评价点" 116.287 39.987
"万柳" 20160403 18.1739130434783 57.0869565217391 0.356521739130435 48.5652173913044 55.0869565217391 2.17391304347826 "城区环境评价点" 116.287 39.987
"万柳" 20160912 35.8333333333333 48.7916666666667 0.7875 46.9166666666667 59.0833333333333 2 "城区环境评价点" 116.287 39.987
"万柳" 20161202 99.6666666666667 92.625 2.95833333333333 98.4166666666667 8 20.8333333333333 "城区环境评价点" 116.287 39.987
"万柳" 20160926 53.9583333333333 128.04347826087 1.13333333333333 48.6666666666667 42.4583333333333 2.04166666666667 "城区环境评价点" 116.287 39.987
"万柳" 20160729 109.666666666667 106.5 0.769565217391304 43.2083333333333 125.869565217391 2.04166666666667 "城区环境评价点" 116.287 39.987
"万柳" 20160402 6.5 50.3333333333333 0.241666666666667 25.3333333333333 72.6086956521739 2.08333333333333 "城区环境评价点" 116.287 39.987
"万柳" 20160607 55 96.5833333333333 0.8 32.625 108.478260869565 2.25 "城区环境评价点" 116.287 39.987
"万柳" 20160820 54.6086956521739 62.7826086956522 1.08695652173913 42.2173913043478 99.5 2 "城区环境评价点" 116.287 39.987
"万柳" 20160217 42.5416666666667 39.9583333333333 1.19583333333333 57.9583333333333 33.625 19.4166666666667 "城区环境评价点" 116.287 39.987
"万柳" 20160812 93.1333333333333 123.538461538462 0.985714285714286 43.4 38.9333333333333 2 "城区环境评价点" 116.287 39.987
"万柳" 20161123 15.25 27.0833333333333 0.595833333333333 37.0416666666667 35.375 8.875 "城区环境评价点" 116.287 39.987
"万柳" 20160423 17.6666666666667 43.7916666666667 0.308333333333333 34.2916666666667 71.875 2.375 "城区环境评价点" 116.287 39.987
"万柳" 20160515 36.5416666666667 60.0416666666667 0.516666666666667 41.6666666666667 41.75 2.125 "城区环境评价点" 116.287 39.987
"万柳" 20161222 59.0416666666667 280.541666666667 1.2875 41.9583333333333 47.4782608695652 9.625 "城区环境评价点" 116.287 39.987
"万柳" 20160110 53.8333333333333 101.347826086957 2.32083333333333 64.8333333333333 14.5833333333333 27.3333333333333 "城区环境评价点" 116.287 39.987
"万柳" 20161122 7 20 0.416666666666667 20.375 50.6086956521739 5.375 "城区环境评价点" 116.287 39.987
"万柳" 20160712 31.2916666666667 86.7916666666667 0.5125 34.5 64.0833333333333 3.83333333333333 "城区环境评价点" 116.287 39.987
"万柳" 20160208 241.333333333333 276.041666666667 0.920833333333333 40.625 50.695652173913 66.9583333333333 "城区环境评价点" 116.287 39.987
"万柳" 20160803 55.2857142857143 85 0.861904761904762 39.4285714285714 143 2 "城区环境评价点" 116.287 39.987
"万柳" 20160323 21.1666666666667 94.125 0.4875 43.1666666666667 57.8695652173913 4.66666666666667 "城区环境评价点" 116.287 39.987
"万柳" 20161121 9.625 38 0.4125 15.5833333333333 54.8333333333333 3.54166666666667 "城区环境评价点" 116.287 39.987
"万柳" 20161206 74.0434782608696 63.6521739130435 2.55652173913043 97.695652173913 6.27272727272727 25.8260869565217 "城区环境评价点" 116.287 39.987
"万柳" 20161228 66.3333333333333 107.958333333333 1.225 47.75 29.125 8.54166666666667 "城区环境评价点" 116.287 39.987
"万柳" 20160817 57.0416666666667 52.8333333333333 0.908333333333333 69.1666666666667 19.2083333333333 2 "城区环境评价点" 116.287 39.987
"万柳" 20160406 129.458333333333 131.608695652174 1.8375 87.0416666666667 52.695652173913 29.5833333333333 "城区环境评价点" 116.287 39.987
"万柳" 20160611 8.91666666666667 44.875 0.3375 30.9583333333333 81.9130434782609 2 "城区环境评价点" 116.287 39.987
"万柳" 20160915 61.875 87.0416666666667 0.875 42.75 83.8695652173913 4 "城区环境评价点" 116.287 39.987
"万柳" 20161227 58.0769230769231 45.3076923076923 0.953846153846154 54.2307692307692 39.6923076923077 17.5384615384615 "城区环境评价点" 116.287 39.987
"万柳" 20160115 86.5833333333333 121.208333333333 3.7375 88 8.08695652173913 29.8333333333333 "城区环境评价点" 116.287 39.987
"万柳" 20160420 57.8666666666667 139.333333333333 0.810526315789474 64.8125 70.8947368421053 6.94736842105263 "城区环境评价点" 116.287 39.987
"万柳" 20161219 225.782608695652 271.173913043478 4.8 131.913043478261 7.39130434782609 28.2608695652174 "城区环境评价点" 116.287 39.987
"万柳" 20160914 92.4583333333333 125.333333333333 1.06666666666667 59.9166666666667 69.125 3.5 "城区环境评价点" 116.287 39.987
"万柳" 20161226 44.4285714285714 150.214285714286 1.13571428571429 56.2857142857143 27 23.2142857142857 "城区环境评价点" 116.287 39.987
"万柳" 20160114 76.25 66 2.39166666666667 77.1666666666667 15.125 28.4583333333333 "城区环境评价点" 116.287 39.987
"万柳" 20161126 274.791666666667 281.458333333333 4.20833333333333 131.791666666667 9.08695652173913 22.7916666666667 "城区环境评价点" 116.287 39.987
"万柳" 20160404 64.875 69.7916666666667 0.583333333333333 63.375 66.7391304347826 10.9583333333333 "城区环境评价点" 116.287 39.987
"万柳" 20160913 79.6666666666667 77.375 1.03333333333333 64.7083333333333 57.304347826087 2.45833333333333 "城区环境评价点" 116.287 39.987
"万柳" 20161203 149.666666666667 157.291666666667 3.87083333333333 109.875 7.41666666666667 25.5833333333333 "城区环境评价点" 116.287 39.987
"万柳" 20160927 23.7916666666667 66.2083333333333 0.6 23.2083333333333 42.4347826086956 2 "城区环境评价点" 116.287 39.987
"万柳" 20160814 20.7083333333333 50.8333333333333 0.625 44.7916666666667 80.5652173913043 2.5 "城区环境评价点" 116.287 39.987
"万柳" 20161125 171.75 157.375 3.42916666666667 110.958333333333 4.5 23.625 "城区环境评价点" 116.287 39.987
"万柳" 20160608 123.875 113.083333333333 1.175 46.7916666666667 129.375 2.41666666666667 "城区环境评价点" 116.287 39.987
"万柳" 20160821 48.9583333333333 87.5 0.9375 54.25 113.875 2 "城区环境评价点" 116.287 39.987
"万柳" 20160218 13.3333333333333 49.4583333333333 0.229166666666667 21 74.8695652173913 6.58333333333333 "城区环境评价点" 116.287 39.987
"万柳" 20160813 23.2916666666667 52.375 0.645833333333333 43.375 19.0833333333333 2 "城区环境评价点" 116.287 39.987
"万柳" 20161124 69 47.75 1.73333333333333 80.5454545454545 11 16.9166666666667 "城区环境评价点" 116.287 39.987
"万柳" 20160424 73.9583333333333 61.875 0.845833333333333 64.75 74.4347826086957 19.6666666666667 "城区环境评价点" 116.287 39.987
"万柳" 20160516 22.25 47.875 0.491666666666667 54.25 66.1739130434783 2.58333333333333 "城区环境评价点" 116.287 39.987
"万柳" 20161223 28.9285714285714 36.5714285714286 0.85 58.7857142857143 18.0714285714286 9 "城区环境评价点" 116.287 39.987
"万柳" 20160111 9.04166666666667 40 0.916666666666667 27.1666666666667 41.7826086956522 8 "城区环境评价点" 116.287 39.987
"万柳" 20161208 89.4583333333333 181.695652173913 1.9125 62.3333333333333 37.1739130434783 13.625 "城区环境评价点" 116.287 39.987
"万柳" 20160713 21.4583333333333 51.7916666666667 0.520833333333333 44.9166666666667 95.0869565217391 2 "城区环境评价点" 116.287 39.987
"万柳" 20160209 35.125 83.8333333333333 0.633333333333333 44.2083333333333 48.1666666666667 23.5416666666667 "城区环境评价点" 116.287 39.987
"万柳" 20160804 99.5833333333333 101.375 1.34583333333333 47.125 118.260869565217 2 "城区环境评价点" 116.287 39.987
"万柳" 20160324 13.4166666666667 33.4166666666667 0.408333333333333 47 49.3333333333333 2.66666666666667 "城区环境评价点" 116.287 39.987
"万柳" 20160613 45.25 71.4583333333333 0.620833333333333 43.2916666666667 81.8260869565217 2.33333333333333 "城区环境评价点" 116.287 39.987
"万柳" 20161207 120.916666666667 127.333333333333 3.18333333333333 113.25 7.58333333333333 23.5416666666667 "城区环境评价点" 116.287 39.987
"万柳" 20160522 49.5416666666667 89.7916666666667 0.670833333333333 75.4583333333333 110.347826086957 7.41666666666667 "城区环境评价点" 116.287 39.987
"万柳" 20160818 76.25 105.541666666667 1.63333333333333 44.625 22.8695652173913 2 "城区环境评价点" 116.287 39.987
"万柳" 20160407 85.3333333333333 195.333333333333 1.01666666666667 59 56.5833333333333 5.29166666666667 "城区环境评价点" 116.287 39.987
"万柳" 20160612 64.625 72.375 0.966666666666667 53.4166666666667 110.333333333333 7.29166666666667 "城区环境评价点" 116.287 39.987
"万柳" 20160916 129.916666666667 148.416666666667 1.19583333333333 36.6666666666667 103.708333333333 3.70833333333333 "城区环境评价点" 116.287 39.987
"万柳" 20160521 72.9583333333333 115 0.825 63.7916666666667 129.166666666667 17.9583333333333 "城区环境评价点" 116.287 39.987
"万柳" 20160116 122.666666666667 139.25 2.87916666666667 68.375 6.91666666666667 45.2916666666667 "城区环境评价点" 116.287 39.987
"万柳" 20160421 87.4782608695652 125.826086956522 0.782608695652174 77.8260869565217 63.5217391304348 4.17391304347826 "城区环境评价点" 116.287 39.987
"万柳" 20160428 80.125 120.916666666667 1.025 60.7916666666667 87.9130434782609 7.20833333333333 "城区环境评价点" 116.287 39.987
"万柳" 20160327 16.0416666666667 48.4166666666667 0.395833333333333 58.4583333333333 49 3.75 "城区环境评价点" 116.287 39.987
"万柳" 20160520 92.3333333333333 119.791666666667 1.07083333333333 65.1666666666667 148.782608695652 20.2083333333333 "城区环境评价点" 116.287 39.987
"万柳" 20160329 20.9166666666667 100.227272727273 0.4 50.7083333333333 59.2272727272727 5.79166666666667 "城区环境评价点" 116.287 39.987
"万柳" 20161127 53.5416666666667 234.291666666667 1.2375 52.4166666666667 35.4583333333333 7.95833333333333 "城区环境评价点" 116.287 39.987
"万柳" 20160922 104.25 119.166666666667 1.125 61.5416666666667 53.0833333333333 4.79166666666667 "城区环境评价点" 116.287 39.987
"万柳" 20160427 82.375 95.9565217391304 1.12916666666667 67.4583333333333 65.0833333333333 10.375 "城区环境评价点" 116.287 39.987
"万柳" 20160519 82.7272727272727 104.125 0.733333333333333 49.5 161.25 16.25 "城区环境评价点" 116.287 39.987
"万柳" 20160328 70.7083333333333 84.125 0.7625 84.2916666666667 35.5833333333333 14.0833333333333 "城区环境评价点" 116.287 39.987
"万柳" 20161211 142.916666666667 117.217391304348 3.8875 105.333333333333 4.79166666666667 32.3333333333333 "城区环境评价点" 116.287 39.987
"万柳" 20160921 64.625 64.6666666666667 1.02916666666667 82.9166666666667 17.0869565217391 2.95833333333333 "城区环境评价点" 116.287 39.987
"万柳" 20160609 103 181.35 1 50.9047619047619 141.7 6.57142857142857 "城区环境评价点" 116.287 39.987
"万柳" 20160518 58.5833333333333 82.0833333333333 0.5625 43.5833333333333 127.652173913043 10.75 "城区环境评价点" 116.287 39.987
"万柳" 20160219 15.75 35.0416666666667 0.545833333333333 38.2083333333333 48.375 8.25 "城区环境评价点" 116.287 39.987
"万柳" 20160523 62.9583333333333 82.5416666666667 0.820833333333333 54.5416666666667 89.7916666666667 11.4583333333333 "城区环境评价点" 116.287 39.987
"万柳" 20161210 52.0833333333333 61.2916666666667 2.10416666666667 76.7083333333333 8.39130434782609 16.6666666666667 "城区环境评价点" 116.287 39.987
"万柳" 20160425 85.5833333333333 113.333333333333 0.641666666666667 48.0416666666667 109.916666666667 14.9166666666667 "城区环境评价点" 116.287 39.987
"万柳" 20160517 54.0416666666667 73.375 0.65 62 112.333333333333 10.625 "城区环境评价点" 116.287 39.987
"万柳" 20161224 117.681818181818 102.272727272727 3.22727272727273 99.1363636363636 5.42857142857143 29.4090909090909 "城区环境评价点" 116.287 39.987
"万柳" 20160112 12.4166666666667 23.8695652173913 1.0375 34.7083333333333 35.375 9.16666666666667 "城区环境评价点" 116.287 39.987
"万柳" 20161209 23.2608695652174 50 0.926086956521739 55.2608695652174 23.6086956521739 11.695652173913 "城区环境评价点" 116.287 39.987
"万柳" 20160714 37.5833333333333 54.875 0.8 51.7916666666667 78.8333333333333 2.41666666666667 "城区环境评价点" 116.287 39.987
"万柳" 20160429 113.666666666667 98.875 1.29166666666667 90.375 75.7083333333333 12.875 "城区环境评价点" 116.287 39.987
"万柳" 20161216 100.541666666667 69.3333333333333 2.75416666666667 104.708333333333 6.69565217391304 23.7916666666667 "城区环境评价点" 116.287 39.987
"万柳" 20160325 17.8181818181818 46.7619047619048 0.427272727272727 53 52.0454545454545 5.5 "城区环境评价点" 116.287 39.987
"万柳" 20160501 188.291666666667 208.416666666667 2.0625 63.7916666666667 140.875 24.0833333333333 "城区环境评价点" 116.287 39.987
"万柳" 20160918 20.5416666666667 43.0454545454545 0.5625 30.1666666666667 18.625 2.04166666666667 "城区环境评价点" 116.287 39.987
"万柳" 20160923 110.136363636364 133.454545454545 1.14545454545455 52.6818181818182 96.4285714285714 2.72727272727273 "城区环境评价点" 116.287 39.987
"万柳" 20161215 26.25 58 1.1 50.375 32.2083333333333 12.8333333333333 "城区环境评价点" 116.287 39.987
"万柳" 20160408 21.7083333333333 65.3333333333333 0.3625 46.7916666666667 66.3478260869565 4.70833333333333 "城区环境评价点" 116.287 39.987
"万柳" 20160430 153.333333333333 214.541666666667 1.38333333333333 88.6666666666667 118.217391304348 8.95833333333333 "城区环境评价点" 116.287 39.987
"万柳" 20160917 43 113.291666666667 0.75 36 36.7826086956522 2.95833333333333 "城区环境评价点" 116.287 39.987
"万柳" 20161217 179.541666666667 188.958333333333 4.15416666666667 115.625 7.375 39.375 "城区环境评价点" 116.287 39.987
"万柳" 20160117 42.75 122 1.45 29.9583333333333 48.4347826086956 9.29166666666667 "城区环境评价点" 116.287 39.987
"万柳" 20160422 25.0833333333333 82.1666666666667 0.241666666666667 24.3333333333333 91.9130434782609 2 "城区环境评价点" 116.287 39.987
"万柳" 20160504 27.9166666666667 52.5416666666667 0.545833333333333 66.1666666666667 62.2608695652174 4.125 "城区环境评价点" 116.287 39.987
"万柳" 20160924 117.208333333333 139.333333333333 1.09583333333333 60.4583333333333 71.9583333333333 2.83333333333333 "城区环境评价点" 116.287 39.987
"万柳" 20160119 61.4166666666667 54.25 2.32083333333333 70.5 11.9565217391304 23.5 "城区环境评价点" 116.287 39.987
"万柳" 20160330 28.2916666666667 65.4583333333333 0.554166666666667 61.4583333333333 52.2916666666667 8.375 "城区环境评价点" 116.287 39.987
"万柳" 20161128 60.0833333333333 60.125 2.2625 86.2083333333333 8.1304347826087 20.9583333333333 "城区环境评价点" 116.287 39.987
"万柳" 20160503 18.875 58.2083333333333 0.35 35.1666666666667 57.5 2 "城区环境评价点" 116.287 39.987
"万柳" 20160411 34.8695652173913 91.6315789473684 0.61304347826087 51.7826086956522 63.1739130434783 11.304347826087 "城区环境评价点" 116.287 39.987
"万柳" 20160118 7.54166666666667 31.4583333333333 0.925 18.125 51.9583333333333 2.375 "城区环境评价点" 116.287 39.987
"万柳" 20160920 20.0833333333333 42.875 0.625 53.7916666666667 32.4166666666667 2 "城区环境评价点" 116.287 39.987
"万柳" 20161212 219.052631578947 238.052631578947 3.49473684210526 117.263157894737 4.88888888888889 39.0526315789474 "城区环境评价点" 116.287 39.987
"万柳" 20161214 27.2083333333333 43.75 0.870833333333333 58.375 23.5217391304348 13.125 "城区环境评价点" 116.287 39.987
"万柳" 20160326 12.5833333333333 44.5416666666667 0.3125 39.2916666666667 61.6666666666667 4.75 "城区环境评价点" 116.287 39.987
"万柳" 20160502 43.7083333333333 149.416666666667 0.3375 27.1666666666667 67.1304347826087 2.625 "城区环境评价点" 116.287 39.987
"万柳" 20160919 10.5833333333333 27.0833333333333 0.441666666666667 33.7083333333333 28.4782608695652 2 "城区环境评价点" 116.287 39.987
"万柳" 20161213 71.6521739130435 206.208333333333 2.0125 67.0416666666667 21.2083333333333 11.9583333333333 "城区环境评价点" 116.287 39.987
"万柳" 20160426 70.7083333333333 109.041666666667 1.325 52.125 103.608695652174 27 "城区环境评价点" 116.287 39.987
"万柳" 20161130 95.3333333333333 161.875 2.48333333333333 79.25 22.695652173913 19.7916666666667 "城区环境评价点" 116.287 39.987
"万柳" 20160925 165 213.666666666667 1.37916666666667 56.9166666666667 55.5217391304348 2.16666666666667 "城区环境评价点" 116.287 39.987
"万柳" 20160331 141.125 118.375 1.44166666666667 99.75 59.2608695652174 36.625 "城区环境评价点" 116.287 39.987
"万柳" 20161129 115.25 116.375 3.78333333333333 97.5 4.625 28.0869565217391 "城区环境评价点" 116.287 39.987
"万柳" 20160409 65.375 109.416666666667 0.754166666666667 65.5833333333333 54.2916666666667 12.7083333333333 "城区环境评价点" 116.287 39.987
"万柳" 20160401 31.3333333333333 153.583333333333 0.341666666666667 34.25 72.5 5.54166666666667 "城区环境评价点" 116.287 39.987
"万柳" 20160410 44.6666666666667 133.708333333333 0.825 55.8333333333333 67.7826086956522 14.5833333333333 "城区环境评价点" 116.287 39.987
