"西直门北" 20160913 91.0833333333333 89 1.07083333333333 89.9583333333333 55 4.33333333333333 "交通污染监控点" 116.349 39.954
"西直门北" 20160106 28.9583333333333 65.25 1.04583333333333 58.8333333333333 15.6666666666667 15.1666666666667 "交通污染监控点" 116.349 39.954
"西直门北" 20160907 48.1428571428571 76.4166666666667 0.764285714285714 73.9285714285714 88.2142857142857 7.92857142857143 "交通污染监控点" 116.349 39.954
"西直门北" 20160915 76.0869565217391 99.7826086956522 0.921739130434783 77.1739130434783 89.0454545454545 6.1304347826087 "交通污染监控点" 116.349 39.954
"西直门北" 20160912 35.125 48.4583333333333 0.745833333333333 66.0416666666667 62.875 2.29166666666667 "交通污染监控点" 116.349 39.954
"西直门北" 20160108 38.25 33.25 0.941666666666667 52.5416666666667 23.4583333333333 16.125 "交通污染监控点" 116.349 39.954
"西直门北" 20160914 104.166666666667 137.583333333333 1.1125 85.4166666666667 67.6666666666667 6.08333333333333 "交通污染监控点" 116.349 39.954
"西直门北" 20160129 69 124.291666666667 2.02083333333333 76.25 6.08695652173913 41.625 "交通污染监控点" 116.349 39.954
"西直门北" 20160908 26.2083333333333 58.625 0.666666666666667 74.4166666666667 43.5833333333333 3.04166666666667 "交通污染监控点" 116.349 39.954
"西直门北" 20161101 46.695652173913 52.8695652173913 0.930434782608696 73.7826086956522 13.9565217391304 10.4782608695652 "交通污染监控点" 116.349 39.954
"西直门北" 20161103 202.666666666667 200.458333333333 2.76666666666667 122.875 4.375 16.2916666666667 "交通污染监控点" 116.349 39.954
"西直门北" 20160911 34 59.4166666666667 0.833333333333333 53.6666666666667 81.4782608695652 3.125 "交通污染监控点" 116.349 39.954
"西直门北" 20160910 19.625 52.8333333333333 0.575 75.4583333333333 39.875 3.54166666666667 "交通污染监控点" 116.349 39.954
"西直门北" 20160122 21.5 125.083333333333 0.5875 35.3333333333333 36.4166666666667 5.625 "交通污染监控点" 116.349 39.954
"西直门北" 20160105 39.125 35.9583333333333 1.175 57.5833333333333 15.3478260869565 14.695652173913 "交通污染监控点" 116.349 39.954
"西直门北" 20160103 274.875 362.166666666667 3.42083333333333 105.708333333333 5.65217391304348 25.7916666666667 "交通污染监控点" 116.349 39.954
"西直门北" 20160705 102.833333333333 146.958333333333 0.9875 62.1666666666667 121 7.29166666666667 "交通污染监控点" 116.349 39.954
"西直门北" 20161006 78.0454545454545 106.590909090909 1.64545454545455 69.9090909090909 4.04545454545455 4.54545454545455 "交通污染监控点" 116.349 39.954
"西直门北" 20161204 313.833333333333 367.125 4.475 133.5 7.17391304347826 23.7916666666667 "交通污染监控点" 116.349 39.954
"西直门北" 20160104 56.9047619047619 170.130434782609 1.19166666666667 54.875 26.375 9.125 "交通污染监控点" 116.349 39.954
"西直门北" 20160109 82.9583333333333 87.625 2.075 90.8333333333333 5.1304347826087 29.2083333333333 "交通污染监控点" 116.349 39.954
"西直门北" 20160916 139.25 168.416666666667 1.24166666666667 73.9166666666667 91.625 7.04166666666667 "交通污染监控点" 116.349 39.954
"西直门北" 20160123 13.7916666666667 51.3333333333333 0.441666666666667 29.0416666666667 38.0434782608696 4.91666666666667 "交通污染监控点" 116.349 39.954
"西直门北" 20161029 29.375 49.5833333333333 0.779166666666667 71.25 12.0869565217391 8.16666666666667 "交通污染监控点" 116.349 39.954
"西直门北" 20160315 153.8 146.2 1.685 104.7 9.47368421052632 63.35 "交通污染监控点" 116.349 39.954
"西直门北" 20160130 78.5833333333333 98.25 2 73.125 10.9166666666667 24.625 "交通污染监控点" 116.349 39.954
"西直门北" 20161007 43.5 76.375 1.64166666666667 59.0833333333333 9.91304347826087 3.91666666666667 "交通污染监控点" 116.349 39.954
"西直门北" 20161031 10.3333333333333 43.0416666666667 0.4375 31.25 40.0869565217391 3.41666666666667 "交通污染监控点" 116.349 39.954
"西直门北" 20160314 88.3809523809524 79.9523809523809 1.46190476190476 93.8571428571429 10.5714285714286 24.0952380952381 "交通污染监控点" 116.349 39.954
"西直门北" 20161127 59.5833333333333 228.708333333333 1.45416666666667 65.25 29.625 10.2083333333333 "交通污染监控点" 116.349 39.954
"西直门北" 20160909 23.7916666666667 57.4166666666667 0.658333333333333 75.2916666666667 30.1739130434783 4.95833333333333 "交通污染监控点" 116.349 39.954
"西直门北" 20160107 21.5454545454545 39.3181818181818 0.834782608695652 42.7391304347826 25.3181818181818 9.95652173913044 "交通污染监控点" 116.349 39.954
"西直门北" 20161030 51.0833333333333 69.8333333333333 0.883333333333333 59.2916666666667 17.0833333333333 8.75 "交通污染监控点" 116.349 39.954
"西直门北" 20161104 279.684210526316 300.578947368421 3.55263157894737 140.315789473684 3.76470588235294 14.2105263157895 "交通污染监控点" 116.349 39.954
"西直门北" 20160504 37.5652173913044 73.8695652173913 0.821739130434783 87.1739130434783 35.0454545454545 7.56521739130435 "交通污染监控点" 116.349 39.954
"西直门北" 20160121 154.208333333333 200.625 2.75416666666667 83.3333333333333 2.60869565217391 29.5833333333333 "交通污染监控点" 116.349 39.954
"西直门北" 20160128 142 196.208333333333 3.09166666666667 106.791666666667 7.54166666666667 57.2083333333333 "交通污染监控点" 116.349 39.954
"西直门北" 20161027 32.9583333333333 56.4583333333333 1.15833333333333 67.9166666666667 4.47826086956522 5.5 "交通污染监控点" 116.349 39.954
"西直门北" 20160113 33.9545454545455 40.125 1.34166666666667 63.9583333333333 16.9130434782609 15.75 "交通污染监控点" 116.349 39.954
"西直门北" 20160503 31.5714285714286 77.25 0.45 48.875 35.2083333333333 3.08333333333333 "交通污染监控点" 116.349 39.954
"西直门北" 20161205 42.375 189.782608695652 1.00833333333333 55.9583333333333 28.375 9.75 "交通污染监控点" 116.349 39.954
"西直门北" 20160826 13 36.7916666666667 0.3625 57 49 2.91666666666667 "交通污染监控点" 116.349 39.954
"西直门北" 20160715 40.4166666666667 60.5833333333333 0.666666666666667 57.25 52.9565217391304 2.125 "交通污染监控点" 116.349 39.954
"西直门北" 20160213 15.9166666666667 128 0.429166666666667 17.25 40.5 5.58333333333333 "交通污染监控点" 116.349 39.954
"西直门北" 20161102 115.958333333333 108.541666666667 1.65 101.625 7.43478260869565 15.3333333333333 "交通污染监控点" 116.349 39.954
"西直门北" 20161028 15.25 46.4583333333333 0.554166666666667 57.9166666666667 19.9583333333333 3.33333333333333 "交通污染监控点" 116.349 39.954
"西直门北" 20160210 108 96.5416666666667 3.12083333333333 90.9166666666667 9.34782608695652 57.4583333333333 "交通污染监控点" 116.349 39.954
"西直门北" 20161018 131.291666666667 119.541666666667 1.7125 97 5.375 6.75 "交通污染监控点" 116.349 39.954
"西直门北" 20161201 34.6666666666667 67.9166666666667 0.816666666666667 64.6666666666667 35.0416666666667 11.875 "交通污染监控点" 116.349 39.954
"西直门北" 20160217 54.2916666666667 50.7083333333333 1.35 79.375 16.0416666666667 21.8333333333333 "交通污染监控点" 116.349 39.954
"西直门北" 20160827 19.3333333333333 51.5833333333333 0.479166666666667 66.3333333333333 33.9583333333333 5.41666666666667 "交通污染监控点" 116.349 39.954
"西直门北" 20160706 78.2083333333333 118.958333333333 0.916666666666667 71.2916666666667 123.416666666667 6.79166666666667 "交通污染监控点" 116.349 39.954
"西直门北" 20161017 75.9166666666667 126.583333333333 1.09583333333333 80 23 4.41666666666667 "交通污染监控点" 116.349 39.954
"西直门北" 20160120 152.166666666667 155.384615384615 3.23076923076923 93.3846153846154 2.53846153846154 70.4615384615385 "交通污染监控点" 116.349 39.954
"西直门北" 20160127 111.583333333333 100.041666666667 2.40416666666667 101.291666666667 6.08695652173913 47.3333333333333 "交通污染监控点" 116.349 39.954
"西直门北" 20160201 16.6521739130435 32.5833333333333 0.879166666666667 55 25.0833333333333 11.125 "交通污染监控点" 116.349 39.954
"西直门北" 20160917 46.5833333333333 117.041666666667 0.7875 65.0416666666667 32.304347826087 4.20833333333333 "交通污染监控点" 116.349 39.954
"西直门北" 20160124 19 57.0833333333333 0.816666666666667 45.75 30.5 8.33333333333333 "交通污染监控点" 116.349 39.954
"西直门北" 20160926 67.375 140.130434782609 1.225 70.75 42.75 3.58333333333333 "交通污染监控点" 116.349 39.954
"西直门北" 20160316 258.315789473684 233.041666666667 2.51666666666667 125.166666666667 29.2083333333333 51.4583333333333 "交通污染监控点" 116.349 39.954
"西直门北" 20160131 16.375 61.1666666666667 0.75 43.3333333333333 33.6521739130435 9.20833333333333 "交通污染监控点" 116.349 39.954
"西直门北" 20161008 16.8333333333333 43.2083333333333 0.575 45.625 38.9166666666667 3.54166666666667 "交通污染监控点" 116.349 39.954
"西直门北" 20161206 90.5 68.2083333333333 2.5875 104.083333333333 5.69565217391304 31 "交通污染监控点" 116.349 39.954
"西直门北" 20161106 73.7916666666667 165.916666666667 1.07916666666667 72.3333333333333 22.3913043478261 9.79166666666667 "交通污染监控点" 116.349 39.954
"西直门北" 20161128 64.5 57.375 1.92916666666667 86.75 7.43478260869565 24.9583333333333 "交通污染监控点" 116.349 39.954
"西直门北" 20160214 10.375 17.5416666666667 0.525 18.25 48.2173913043478 4.83333333333333 "交通污染监控点" 116.349 39.954
"西直门北" 20161220 380.666666666667 386.95652173913 8.04583333333333 150.291666666667 3.39130434782609 14.25 "交通污染监控点" 116.349 39.954
"西直门北" 20160317 327.521739130435 336 2.6125 139.625 25.5217391304348 41.5 "交通污染监控点" 116.349 39.954
"西直门北" 20161105 197.791666666667 294.260869565217 3.125 119.5 14.5833333333333 8.29166666666667 "交通污染监控点" 116.349 39.954
"西直门北" 20160505 59 68.5416666666667 0.9375 71.3333333333333 54.6666666666667 17.625 "交通污染监控点" 116.349 39.954
"西直门北" 20160710 87.4166666666667 125.217391304348 0.729166666666667 55.3333333333333 94.9583333333333 5.625 "交通污染监控点" 116.349 39.954
"西直门北" 20160717 81.5 86.7916666666667 1.02916666666667 73.625 105.304347826087 4.625 "交通污染监控点" 116.349 39.954
"西直门北" 20161112 81.0833333333333 110.083333333333 1.825 87.0416666666667 7.43478260869565 13.125 "交通污染监控点" 116.349 39.954
"西直门北" 20160114 85 76.05 2.41578947368421 95.6 7.45 36.7 "交通污染监控点" 116.349 39.954
"西直门北" 20160205 13.25 30.0833333333333 0.495833333333333 36.0416666666667 38.7083333333333 7.95833333333333 "交通污染监控点" 116.349 39.954
"西直门北" 20160928 21.0909090909091 39.0454545454545 0.504545454545455 70.6818181818182 23.4090909090909 2.63636363636364 "交通污染监控点" 116.349 39.954
"西直门北" 20160212 171.666666666667 206.25 2.49166666666667 81.3333333333333 8.21739130434783 27.9583333333333 "交通污染监控点" 116.349 39.954
"西直门北" 20160716 40.9166666666667 53.7083333333333 0.679166666666667 65.9583333333333 47.0833333333333 3.83333333333333 "交通污染监控点" 116.349 39.954
"西直门北" 20161203 195.608695652174 180.75 4.275 125.416666666667 6.13636363636364 34.9583333333333 "交通污染监控点" 116.349 39.954
"西直门北" 20160219 18.375 38.875 0.670833333333333 46.5416666666667 29.8333333333333 6.33333333333333 "交通污染监控点" 116.349 39.954
"西直门北" 20160428 105.041666666667 155.791666666667 1.15416666666667 92.0416666666667 56.4347826086956 11.0416666666667 "交通污染监控点" 116.349 39.954
"西直门北" 20160211 162.583333333333 206.916666666667 3.2 89.625 2.95833333333333 46.75 "交通污染监控点" 116.349 39.954
"西直门北" 20161019 240.380952380952 222.25 2.19166666666667 107.791666666667 12.6086956521739 7.33333333333333 "交通污染监控点" 116.349 39.954
"西直门北" 20161202 101.95652173913 91.1739130434783 2.09565217391304 100.565217391304 7.27272727272727 24.304347826087 "交通污染监控点" 116.349 39.954
"西直门北" 20160218 19.625 59.5416666666667 0.683333333333333 41 39.1739130434783 8.83333333333333 "交通污染监控点" 116.349 39.954
"西直门北" 20160828 14.7916666666667 49.7916666666667 0.420833333333333 60.5416666666667 46.695652173913 4.54166666666667 "交通污染监控点" 116.349 39.954
"西直门北" 20160707 115.666666666667 127.041666666667 1.25 60.5416666666667 109.857142857143 10.7083333333333 "交通污染监控点" 116.349 39.954
"西直门北" 20160126 40.0833333333333 55.25 1.02083333333333 46.875 31.0416666666667 22.4583333333333 "交通污染监控点" 116.349 39.954
"西直门北" 20161109 212.076923076923 175 3.04615384615385 116.076923076923 2 19.8461538461538 "交通污染监控点" 116.349 39.954
"西直门北" 20160318 224.125 374.791666666667 1.8625 95.625 35.5 19.2916666666667 "交通污染监控点" 116.349 39.954
"西直门北" 20160202 31.7916666666667 37.9166666666667 1.33333333333333 73.375 15.7391304347826 19 "交通污染监控点" 116.349 39.954
"西直门北" 20160918 23.0833333333333 52.2272727272727 0.566666666666667 50.6666666666667 17.1666666666667 2.45833333333333 "交通污染监控点" 116.349 39.954
"西直门北" 20160125 42.2083333333333 54.5 1.50833333333333 62.5833333333333 23.304347826087 21.7391304347826 "交通污染监控点" 116.349 39.954
"西直门北" 20160927 34.6521739130435 86.2916666666667 0.654166666666667 47.0434782608696 33.4347826086956 2.58333333333333 "交通污染监控点" 116.349 39.954
"西直门北" 20161130 95.5416666666667 157.625 2.425 83 18.304347826087 23.875 "交通污染监控点" 116.349 39.954
"西直门北" 20160216 9.31818181818182 49.9583333333333 0.4375 29.875 45.7826086956522 4.875 "交通污染监控点" 116.349 39.954
"西直门北" 20161009 35.75 55.7083333333333 0.9 74.7916666666667 10.7826086956522 7.66666666666667 "交通污染监控点" 116.349 39.954
"西直门北" 20161207 139.869565217391 154.608695652174 3 112.304347826087 4.82608695652174 34.1739130434783 "交通污染监控点" 116.349 39.954
"西直门北" 20161107 46.125 91.3333333333333 0.854166666666667 64.0416666666667 17.4166666666667 4.70833333333333 "交通污染监控点" 116.349 39.954
"西直门北" 20161129 113.25 118.458333333333 3.10416666666667 88.4166666666667 3.95833333333333 33.125 "交通污染监控点" 116.349 39.954
"西直门北" 20160215 12.375 27.3333333333333 0.525 22.8333333333333 47.4583333333333 5.16666666666667 "交通污染监控点" 116.349 39.954
"西直门北" 20161221 372.958333333333 411.375 7.97916666666667 163.958333333333 2.91666666666667 16.5416666666667 "交通污染监控点" 116.349 39.954
"西直门北" 20160429 135.083333333333 116.875 1.3875 106.304347826087 53.4166666666667 21.125 "交通污染监控点" 116.349 39.954
"西直门北" 20160101 183.083333333333 164.583333333333 3.64166666666667 128.375 3.60869565217391 50.375 "交通污染监控点" 116.349 39.954
"西直门北" 20160506 64.7916666666667 173.75 0.279166666666667 30.0833333333333 53.6086956521739 2 "交通污染监控点" 116.349 39.954
"西直门北" 20160711 86.3913043478261 106.291666666667 0.741666666666667 56.8333333333333 98.9130434782609 6.83333333333333 "交通污染监控点" 116.349 39.954
"西直门北" 20160718 112 136.458333333333 1.17916666666667 75.75 86.0416666666667 4.58333333333333 "交通污染监控点" 116.349 39.954
"西直门北" 20161113 93.5833333333333 103.25 2.63333333333333 84.8333333333333 2 10.5833333333333 "交通污染监控点" 116.349 39.954
"西直门北" 20160115 96.375 133.041666666667 2.9375 100.75 7.47826086956522 35.3333333333333 "交通污染监控点" 116.349 39.954
"西直门北" 20160206 34.2083333333333 41.2916666666667 0.970833333333333 61.625 24.3478260869565 17.25 "交通污染监控点" 116.349 39.954
"西直门北" 20160929 60.0416666666667 61.125 0.820833333333333 90.75 35.4347826086956 8.875 "交通污染监控点" 116.349 39.954
"西直门北" 20160527 51.0416666666667 73.7916666666667 0.725 92.8333333333333 71 15.2083333333333 "交通污染监控点" 116.349 39.954
"西直门北" 20160405 124.75 144.75 1.02916666666667 80.5833333333333 51.2916666666667 23.625 "交通污染监控点" 116.349 39.954
"西直门北" 20160603 87.6666666666667 91.875 1.34583333333333 103.75 98.9130434782609 26.8333333333333 "交通污染监控点" 116.349 39.954
"西直门北" 20160220 16.6666666666667 33.1304347826087 0.525 39.6666666666667 38.1739130434783 6.79166666666667 "交通污染监控点" 116.349 39.954
"西直门北" 20161013 169.130434782609 157.913043478261 1.82173913043478 117.478260869565 22.2272727272727 8.43478260869565 "交通污染监控点" 116.349 39.954
"西直门北" 20160624 17.4166666666667 75.2083333333333 0.4375 54.4583333333333 48.2083333333333 2 "交通污染监控点" 116.349 39.954
"西直门北" 20161020 104.958333333333 245.083333333333 1.53181818181818 80.3181818181818 11.5 6.54166666666667 "交通污染监控点" 116.349 39.954
"西直门北" 20160426 93.2608695652174 126.916666666667 1.36666666666667 64.7083333333333 67.6086956521739 29.7916666666667 "交通污染监控点" 116.349 39.954
"西直门北" 20160701 15.7916666666667 73.2916666666667 0.379166666666667 52.5 79.695652173913 2.79166666666667 "交通污染监控点" 116.349 39.954
"西直门北" 20160829 23.1666666666667 55.3333333333333 0.5375 75.0833333333333 51.625 5.25 "交通污染监控点" 116.349 39.954
"西直门北" 20160708 95.5 131.5 1.15833333333333 61.5 152.428571428571 7.41666666666667 "交通污染监控点" 116.349 39.954
"西直门北" 20160905 34.0833333333333 78.7083333333333 0.516666666666667 57.125 74.2608695652174 3.45833333333333 "交通污染监控点" 116.349 39.954
"西直门北" 20161110 159.625 238.291666666667 1.83333333333333 85.25 4.65217391304348 11.9166666666667 "交通污染监控点" 116.349 39.954
"西直门北" 20160319 73.375 139.333333333333 1.0125 67.5416666666667 32.1739130434783 19.0416666666667 "交通污染监控点" 116.349 39.954
"西直门北" 20160203 37.9130434782609 54.2173913043478 1.58260869565217 84.4782608695652 8.8695652173913 22.8260869565217 "交通污染监控点" 116.349 39.954
"西直门北" 20160919 13.8333333333333 37.0833333333333 0.529166666666667 56.7083333333333 27.3913043478261 3.58333333333333 "交通污染监控点" 116.349 39.954
"西直门北" 20160524 23.3333333333333 65.7916666666667 0.495833333333333 114.142857142857 62.9130434782609 6.43478260869565 "交通污染监控点" 116.349 39.954
"西直门北" 20160402 9.66666666666667 54.4583333333333 0.295833333333333 33.4166666666667 43.9565217391304 2.54166666666667 "交通污染监控点" 116.349 39.954
"西直门北" 20161003 135.291666666667 213.791666666667 1.34583333333333 83.5833333333333 55.6521739130435 6.75 "交通污染监控点" 116.349 39.954
"西直门北" 20160805 65.5416666666667 116.416666666667 0.7875 54.0416666666667 90.25 10.9583333333333 "交通污染监控点" 116.349 39.954
"西直门北" 20161010 98.5 82.2916666666667 1.44545454545455 102.904761904762 7.91666666666667 8.09523809523809 "交通污染监控点" 116.349 39.954
"西直门北" 20161208 104.875 203.782608695652 2.475 74.2083333333333 28.0909090909091 17.2083333333333 "交通污染监控点" 116.349 39.954
"西直门北" 20161108 28 52.1428571428571 1.34166666666667 65.6428571428571 8.53846153846154 11.4166666666667 "交通污染监控点" 116.349 39.954
"西直门北" 20160423 19.7083333333333 61.6666666666667 0.4375 50.375 43.25 3 "交通污染监控点" 116.349 39.954
"西直门北" 20160110 53.8333333333333 102.695652173913 1.78333333333333 74.5 11.125 26.0833333333333 "交通污染监控点" 116.349 39.954
"西直门北" 20161222 69.9523809523809 289.304347826087 1.4 53.7826086956522 40.5909090909091 9.43478260869565 "交通污染监控点" 116.349 39.954
"西直门北" 20160430 181.375 245.708333333333 1.47083333333333 109.375 84.0869565217391 14.3333333333333 "交通污染监控点" 116.349 39.954
"西直门北" 20160102 278.916666666667 287.130434782609 5.41666666666667 151.291666666667 2.08333333333333 55.0833333333333 "交通污染监控点" 116.349 39.954
"西直门北" 20160507 25.2608695652174 57.4347826086956 0.41304347826087 56.695652173913 49.695652173913 2.95652173913043 "交通污染监控点" 116.349 39.954
"西直门北" 20160712 34.75 89.7916666666667 0.575 53.2083333333333 59.7916666666667 3.41666666666667 "交通污染监控点" 116.349 39.954
"西直门北" 20160719 101.291666666667 140.958333333333 1.3125 67.2916666666667 26.2173913043478 5.16666666666667 "交通污染监控点" 116.349 39.954
"西直门北" 20161114 43.625 120.75 1.16363636363636 52.0833333333333 34.4782608695652 5.5 "交通污染监控点" 116.349 39.954
"西直门北" 20160116 130 147.958333333333 2.4625 84.0833333333333 4.33333333333333 44.625 "交通污染监控点" 116.349 39.954
"西直门北" 20160207 34.1904761904762 62.9583333333333 1.07916666666667 65.25 22.75 53.4166666666667 "交通污染监控点" 116.349 39.954
"西直门北" 20160930 112.75 117.958333333333 1.09583333333333 117.083333333333 56.4166666666667 11.0833333333333 "交通污染监控点" 116.349 39.954
"西直门北" 20160528 46.5 83.8333333333333 0.704166666666667 74.6666666666667 91.1304347826087 13.0416666666667 "交通污染监控点" 116.349 39.954
"西直门北" 20160406 158.5 156.347826086957 2.00416666666667 100.958333333333 34.3913043478261 38.5833333333333 "交通污染监控点" 116.349 39.954
"西直门北" 20160604 83.3181818181818 121.090909090909 0.786363636363636 67 120.909090909091 20.2727272727273 "交通污染监控点" 116.349 39.954
"西直门北" 20160221 92.625 68.5416666666667 1.6125 79.7916666666667 12.0416666666667 30.9166666666667 "交通污染监控点" 116.349 39.954
"西直门北" 20161014 259.041666666667 274.375 2.20416666666667 138.958333333333 20.2916666666667 9.41666666666667 "交通污染监控点" 116.349 39.954
"西直门北" 20160625 19.875 38.0416666666667 0.370833333333333 52.625 63.2173913043478 3.625 "交通污染监控点" 116.349 39.954
"西直门北" 20161021 49 74.4166666666667 0.908333333333333 57.5416666666667 11.5 2.91666666666667 "交通污染监控点" 116.349 39.954
"西直门北" 20160427 100.363636363636 113.434782608696 1.225 92.8333333333333 40.875 15.625 "交通污染监控点" 116.349 39.954
"西直门北" 20160702 51.375 64.5416666666667 0.6 72.9583333333333 85.375 3.83333333333333 "交通污染监控点" 116.349 39.954
"西直门北" 20160830 33.5416666666667 64 0.625 83.5833333333333 93.5652173913043 5.79166666666667 "交通污染监控点" 116.349 39.954
"西直门北" 20160709 82.25 119.291666666667 0.754166666666667 59.375 90.0434782608696 5.375 "交通污染监控点" 116.349 39.954
"西直门北" 20160906 22.1666666666667 58.5882352941176 0.533333333333333 71.3888888888889 27.6666666666667 4.33333333333333 "交通污染监控点" 116.349 39.954
"西直门北" 20161111 91.8181818181818 152.25 1.97083333333333 87.375 4.125 13.625 "交通污染监控点" 116.349 39.954
"西直门北" 20160320 68.0416666666667 86.375 0.979166666666667 88.0416666666667 23.625 12.7916666666667 "交通污染监控点" 116.349 39.954
"西直门北" 20160204 12.9166666666667 39.3333333333333 0.516666666666667 41.625 36.3478260869565 9 "交通污染监控点" 116.349 39.954
"西直门北" 20160920 23.875 50.625 0.620833333333333 73.5 38.4583333333333 4.91666666666667 "交通污染监控点" 116.349 39.954
"西直门北" 20160525 14.2083333333333 42.375 0.383333333333333 NA 72.4583333333333 4.16666666666667 "交通污染监控点" 116.349 39.954
"西直门北" 20160403 21.1666666666667 42.6666666666667 0.375 46.8333333333333 41.2916666666667 3.25 "交通污染监控点" 116.349 39.954
"西直门北" 20161004 38.1304347826087 116.95652173913 1.04347826086957 53.7826086956522 18.2608695652174 3.47826086956522 "交通污染监控点" 116.349 39.954
"西直门北" 20160806 104.869565217391 120.619047619048 0.9 63.5217391304348 95.2727272727273 10.695652173913 "交通污染监控点" 116.349 39.954
"西直门北" 20161011 120.739130434783 165.391304347826 1.47826086956522 90.695652173913 21.4090909090909 7.52173913043478 "交通污染监控点" 116.349 39.954
"西直门北" 20161209 28.2608695652174 62.0476190476191 0.830434782608696 57.6521739130435 27.1304347826087 10.9565217391304 "交通污染监控点" 116.349 39.954
"西直门北" 20160225 27.0833333333333 49.5416666666667 0.9375 54.8333333333333 22.7083333333333 11.4583333333333 "交通污染监控点" 116.349 39.954
"西直门北" 20160424 83.4583333333333 80.5416666666667 1.00833333333333 82.5416666666667 44.5652173913044 26.0416666666667 "交通污染监控点" 116.349 39.954
"西直门北" 20160111 14.9166666666667 49.6666666666667 0.608333333333333 41.8260869565217 27.5652173913043 10.1666666666667 "交通污染监控点" 116.349 39.954
"西直门北" 20161223 44.0555555555556 42.625 1.11111111111111 69.1666666666667 18.7777777777778 8.05555555555556 "交通污染监控点" 116.349 39.954
"西直门北" 20160501 208.5 234.583333333333 2.02083333333333 74.2083333333333 98.875 32.0833333333333 "交通污染监控点" 116.349 39.954
"西直门北" 20160224 35.25 44.375 1.2125 59.25 23.6086956521739 14.75 "交通污染监控点" 116.349 39.954
"西直门北" 20160508 61.4583333333333 78.6666666666667 0.808333333333333 76.625 49.9130434782609 19.1666666666667 "交通污染监控点" 116.349 39.954
"西直门北" 20160713 23.875 48.4166666666667 0.541666666666667 62.625 86.3913043478261 2.83333333333333 "交通污染监控点" 116.349 39.954
"西直门北" 20160720 39 102.125 0.708333333333333 33.875 43.4583333333333 5.45833333333333 "交通污染监控点" 116.349 39.954
"西直门北" 20161115 40.125 53.75 1.54583333333333 76.75 9.33333333333333 13.3333333333333 "交通污染监控点" 116.349 39.954
"西直门北" 20160117 44.9583333333333 127.083333333333 0.908333333333333 43.75 32.6521739130435 11.25 "交通污染监控点" 116.349 39.954
"西直门北" 20160208 217.772727272727 342.5 1.36666666666667 60.6666666666667 29 91.3333333333333 "交通污染监控点" 116.349 39.954
"西直门北" 20161001 177.625 194.916666666667 1.68333333333333 138.958333333333 41.1304347826087 17.2083333333333 "交通污染监控点" 116.349 39.954
"西直门北" 20160529 32.625 69 0.504166666666667 59.7083333333333 85 6.20833333333333 "交通污染监控点" 116.349 39.954
"西直门北" 20160407 98 221.875 1.4375 79.625 32.625 9.58333333333333 "交通污染监控点" 116.349 39.954
"西直门北" 20160605 78.4583333333333 109.875 0.820833333333333 58.875 111.086956521739 16.875 "交通污染监控点" 116.349 39.954
"西直门北" 20160222 81.9583333333333 146.347826086957 1.24583333333333 56.9583333333333 28.3478260869565 19.125 "交通污染监控点" 116.349 39.954
"西直门北" 20161015 214 310.681818181818 2.09090909090909 123.636363636364 2.19047619047619 8.04545454545454 "交通污染监控点" 116.349 39.954
"西直门北" 20160626 43.7727272727273 65.3636363636364 0.505882352941176 81.0588235294118 73.4666666666667 3.47619047619048 "交通污染监控点" 116.349 39.954
"西直门北" 20161022 19.5 50.2083333333333 0.770833333333333 49.0416666666667 14 2.41666666666667 "交通污染监控点" 116.349 39.954
"西直门北" 20160619 69.125 86.625 0.791666666666667 76.0416666666667 118.217391304348 5.83333333333333 "交通污染监控点" 116.349 39.954
"西直门北" 20160703 84.9583333333333 88.9166666666667 0.904166666666667 78.5416666666667 109.739130434783 8.79166666666667 "交通污染监控点" 116.349 39.954
"西直门北" 20160831 20.3333333333333 61.1666666666667 0.479166666666667 71.6666666666667 42.875 6.95833333333333 "交通污染监控点" 116.349 39.954
"西直门北" 20160922 113.333333333333 126.833333333333 1.15833333333333 99.6666666666667 44.2916666666667 9.41666666666667 "交通污染监控点" 116.349 39.954
"西直门北" 20160329 24.9565217391304 102 0.526086956521739 57.4347826086956 36.0476190476191 7.56521739130435 "交通污染监控点" 116.349 39.954
"西直门北" 20160512 47.7391304347826 164.125 0.629166666666667 49.25 34.8695652173913 3.20833333333333 "交通污染监控点" 116.349 39.954
"西直门北" 20160321 133.272727272727 133.782608695652 1.39565217391304 115.304347826087 30.0454545454545 26.4347826086957 "交通污染监控点" 116.349 39.954
"西直门北" 20160724 64.1666666666667 141.722222222222 0.904166666666667 48.3333333333333 90.1666666666667 7.70833333333333 "交通污染监控点" 116.349 39.954
"西直门北" 20160921 74.0416666666667 74.9583333333333 1.09583333333333 111.041666666667 16.7826086956522 7.20833333333333 "交通污染监控点" 116.349 39.954
"西直门北" 20160526 21.8333333333333 58.875 0.404166666666667 56.5 68.1739130434783 3.75 "交通污染监控点" 116.349 39.954
"西直门北" 20160404 76.5 73.75 0.658333333333333 76.2916666666667 40.5217391304348 15.375 "交通污染监控点" 116.349 39.954
"西直门北" 20161005 62.7826086956522 62.2173913043478 1.28695652173913 69.3913043478261 15.0909090909091 3.95652173913043 "交通污染监控点" 116.349 39.954
"西直门北" 20160807 21.8636363636364 78.7894736842105 0.540909090909091 50.5909090909091 77.3636363636364 6.31818181818182 "交通污染监控点" 116.349 39.954
"西直门北" 20161012 80.4583333333333 117.75 1.1375 88.3333333333333 20.7916666666667 5.5 "交通污染监控点" 116.349 39.954
"西直门北" 20161210 53.1666666666667 62.7083333333333 1.5 77.6666666666667 7.82608695652174 20 "交通污染监控点" 116.349 39.954
"西直门北" 20160226 42.3333333333333 47.5 1 58.8333333333333 25.9130434782609 16.4583333333333 "交通污染监控点" 116.349 39.954
"西直门北" 20160425 82.9090909090909 115.818181818182 0.745454545454545 63.4545454545455 64.7727272727273 17.7727272727273 "交通污染监控点" 116.349 39.954
"西直门北" 20160112 17.375 30.7826086956522 0.8875 48.875 21.5833333333333 11.7916666666667 "交通污染监控点" 116.349 39.954
"西直门北" 20161224 135.666666666667 116.125 2.91666666666667 104.041666666667 3.47826086956522 29.4583333333333 "交通污染监控点" 116.349 39.954
"西直门北" 20160502 45.75 162.208333333333 0.291666666666667 41.9166666666667 36.9130434782609 3.33333333333333 "交通污染监控点" 116.349 39.954
"西直门北" 20160119 31.1666666666667 57 1.45833333333333 78.0833333333333 4.27272727272727 11.4166666666667 "交通污染监控点" 116.349 39.954
"西直门北" 20160509 38.1666666666667 80.2083333333333 0.666666666666667 59.4166666666667 33.1666666666667 7.5 "交通污染监控点" 116.349 39.954
"西直门北" 20160714 38.75 57.4583333333333 0.854166666666667 75.5 77.0416666666667 4.625 "交通污染监控点" 116.349 39.954
"西直门北" 20160721 24.9166666666667 28.3333333333333 0.779166666666667 42.2083333333333 31.0434782608696 5.33333333333333 "交通污染监控点" 116.349 39.954
"西直门北" 20161116 101.869565217391 102.772727272727 2.75652173913043 80.9047619047619 7.31818181818182 19.9565217391304 "交通污染监控点" 116.349 39.954
"西直门北" 20160118 13.3181818181818 40.8695652173913 0.595652173913043 31.5652173913043 37.1304347826087 5.56521739130435 "交通污染监控点" 116.349 39.954
"西直门北" 20160209 42.5416666666667 95.3333333333333 1.2375 66.25 24.0833333333333 21.5416666666667 "交通污染监控点" 116.349 39.954
"西直门北" 20161002 201.333333333333 244.166666666667 1.43333333333333 105.833333333333 59.0416666666667 10.2083333333333 "交通污染监控点" 116.349 39.954
"西直门北" 20160530 83.8333333333333 93.1666666666667 1.15 81.3333333333333 124.521739130435 20.9166666666667 "交通污染监控点" 116.349 39.954
"西直门北" 20160408 24.125 68.4583333333333 0.575 61.5416666666667 39.3913043478261 7.54166666666667 "交通污染监控点" 116.349 39.954
"西直门北" 20160606 98.3636363636364 105.869565217391 0.926086956521739 63.8695652173913 109 11.5217391304348 "交通污染监控点" 116.349 39.954
"西直门北" 20160223 16.75 52.1666666666667 0.508333333333333 34.2916666666667 39.625 5.66666666666667 "交通污染监控点" 116.349 39.954
"西直门北" 20161016 114.666666666667 200.25 0.966666666666667 89.5416666666667 18.9583333333333 5.70833333333333 "交通污染监控点" 116.349 39.954
"西直门北" 20160627 66.4166666666667 80.25 0.725 59 146.833333333333 6 "交通污染监控点" 116.349 39.954
"西直门北" 20161023 31.4166666666667 37 0.954166666666667 66.2916666666667 13.0869565217391 5.125 "交通污染监控点" 116.349 39.954
"西直门北" 20160620 93.375 119.5 1.07083333333333 63 136.375 4.83333333333333 "交通污染监控点" 116.349 39.954
"西直门北" 20160704 139.166666666667 169.75 1.07916666666667 57.5 113.458333333333 5.54166666666667 "交通污染监控点" 116.349 39.954
"西直门北" 20160901 9.45833333333333 47.0833333333333 0.325 47.9166666666667 42.5217391304348 3.54166666666667 "交通污染监控点" 116.349 39.954
"西直门北" 20160923 129.409090909091 157.590909090909 1.17272727272727 73.5 116.857142857143 5.09090909090909 "交通污染监控点" 116.349 39.954
"西直门北" 20160330 33.0833333333333 63.4583333333333 0.591666666666667 60.3333333333333 37.4166666666667 4.58333333333333 "交通污染监控点" 116.349 39.954
"西直门北" 20160513 37.625 72.4166666666667 0.741666666666667 73.4166666666667 35.375 4.70833333333333 "交通污染监控点" 116.349 39.954
"西直门北" 20160322 123.75 189.708333333333 1.64166666666667 113.125 13 33.2083333333333 "交通污染监控点" 116.349 39.954
"西直门北" 20160725 53.7272727272727 103.111111111111 0.880952380952381 46.2380952380952 54.65 13.8571428571429 "交通污染监控点" 116.349 39.954
"西直门北" 20160413 125.333333333333 155.625 0.975 96.5 28.7916666666667 10.5833333333333 "交通污染监控点" 116.349 39.954
"西直门北" 20161212 223.736842105263 262.421052631579 2.84210526315789 114.052631578947 4.88888888888889 42 "交通污染监控点" 116.349 39.954
"西直门北" 20160801 76.4166666666667 87.6666666666667 1.22916666666667 50.7916666666667 100.75 4.29166666666667 "交通污染监控点" 116.349 39.954
"西直门北" 20161219 269.409090909091 312.590909090909 5.06818181818182 141.619047619048 4.5 36.0909090909091 "交通污染监控点" 116.349 39.954
"西直门北" 20160808 36.7222222222222 51.4705882352941 0.655555555555556 48.2222222222222 77.7647058823529 6.33333333333333 "交通污染监控点" 116.349 39.954
"西直门北" 20160412 82.7916666666667 96.0833333333333 0.795833333333333 87.2083333333333 16.6521739130435 9.79166666666667 "交通污染监控点" 116.349 39.954
"西直门北" 20161211 181.521739130435 143.954545454545 3.85217391304348 113.826086956522 4.78260869565217 39.1739130434783 "交通污染监控点" 116.349 39.954
"西直门北" 20160227 23 55.4583333333333 0.795833333333333 56.4166666666667 25.625 11.5 "交通污染监控点" 116.349 39.954
"西直门北" 20161218 248.75 305.833333333333 4.125 124.666666666667 4.39130434782609 34.2083333333333 "交通污染监控点" 116.349 39.954
"西直门北" 20161126 269.208333333333 282.166666666667 4.0125 132.5 7.52173913043478 31.2083333333333 "交通污染监控点" 116.349 39.954
"西直门北" 20161225 169 209.583333333333 3.14166666666667 117.25 2.58333333333333 39.9166666666667 "交通污染监控点" 116.349 39.954
"西直门北" 20161118 185.291666666667 180.916666666667 4.09166666666667 94.2916666666667 2.39130434782609 22.9166666666667 "交通污染监控点" 116.349 39.954
"西直门北" 20160312 120.260869565217 93.7826086956522 2.1 104.739130434783 7 45.5217391304348 "交通污染监控点" 116.349 39.954
"西直门北" 20160510 44.0416666666667 62.6666666666667 0.65 72.9583333333333 55.3913043478261 6.45833333333333 "交通污染监控点" 116.349 39.954
"西直门北" 20161125 168.166666666667 164.166666666667 2.90833333333333 105.041666666667 5.58333333333333 30.7083333333333 "交通污染监控点" 116.349 39.954
"西直门北" 20160722 89.8636363636364 89.0909090909091 1.10952380952381 64.8571428571429 56.6190476190476 8.71428571428571 "交通污染监控点" 116.349 39.954
"西直门北" 20161117 107.434782608696 145 2.6304347826087 61.2272727272727 3.21739130434783 19.4347826086957 "交通污染监控点" 116.349 39.954
"西直门北" 20160326 16.4166666666667 45.0416666666667 0.4875 48.9166666666667 35.5416666666667 5.875 "交通污染监控点" 116.349 39.954
"西直门北" 20160729 123.291666666667 124.958333333333 1.44583333333333 63.9166666666667 122.521739130435 2.33333333333333 "交通污染监控点" 116.349 39.954
"西直门北" 20161124 76.5652173913043 55.4166666666667 1.55 89.7391304347826 12.2608695652174 21 "交通污染监控点" 116.349 39.954
"西直门北" 20160531 52.125 112.4375 0.85625 64.0625 58.125 14.125 "交通污染监控点" 116.349 39.954
"西直门北" 20160409 72.375 111.083333333333 0.8875 80.9583333333333 33.75 17.7916666666667 "交通污染监控点" 116.349 39.954
"西直门北" 20160607 59.0833333333333 106.375 0.795833333333333 50.125 82.304347826087 3.5 "交通污染监控点" 116.349 39.954
"西直门北" 20160812 94.0666666666667 126.230769230769 0.813333333333333 54.2666666666667 48 7.73333333333333 "交通污染监控点" 116.349 39.954
"西直门北" 20160614 39.2083333333333 65.75 0.633333333333333 49.125 59.2083333333333 2.625 "交通污染监控点" 116.349 39.954
"西直门北" 20160628 78.7083333333333 87.375 0.729166666666667 63.0416666666667 59.7916666666667 2.04166666666667 "交通污染监控点" 116.349 39.954
"西直门北" 20161024 67.8260869565217 68.8260869565217 1.58260869565217 77.3913043478261 2 8.82608695652174 "交通污染监控点" 116.349 39.954
"西直门北" 20160621 96.875 115.583333333333 0.920833333333333 60.0416666666667 116.826086956522 2.125 "交通污染监控点" 116.349 39.954
"西直门北" 20160324 18.6086956521739 40.1739130434783 0.530434782608696 60.695652173913 27.7391304347826 4.82608695652174 "交通污染监控点" 116.349 39.954
"西直门北" 20160902 14 46.75 0.4125 46.2916666666667 22.7916666666667 2.45833333333333 "交通污染监控点" 116.349 39.954
"西直门北" 20160924 132.875 159.708333333333 1.22916666666667 95.2916666666667 78.1666666666667 5.91666666666667 "交通污染监控点" 116.349 39.954
"西直门北" 20160331 166.666666666667 138 1.56666666666667 110.291666666667 34.2608695652174 37.3333333333333 "交通污染监控点" 116.349 39.954
"西直门北" 20160514 47.2608695652174 64.4782608695652 0.626086956521739 68.2173913043478 30.8636363636364 2.56521739130435 "交通污染监控点" 116.349 39.954
"西直门北" 20160323 24.3333333333333 98.7083333333333 0.575 50.9166666666667 34.4347826086956 5.08333333333333 "交通污染监控点" 116.349 39.954
"西直门北" 20160726 21.0416666666667 48.875 0.470833333333333 47.1666666666667 84.5833333333333 3.08333333333333 "交通污染监控点" 116.349 39.954
"西直门北" 20160414 30.6521739130435 105.318181818182 0.452173913043478 43.6521739130435 51.8636363636364 3.56521739130435 "交通污染监控点" 116.349 39.954
"西直门北" 20161213 48.5 179.041666666667 1.21666666666667 65.4583333333333 22.25 12.875 "交通污染监控点" 116.349 39.954
"西直门北" 20160802 62.3636363636364 109.65 1.06363636363636 62.0909090909091 90.5714285714286 4.68181818181818 "交通污染监控点" 116.349 39.954
"西直门北" 20160421 95.6818181818182 119.818181818182 1 98.7272727272727 35.1363636363636 12.8181818181818 "交通污染监控点" 116.349 39.954
"西直门北" 20160809 51.8666666666667 72.8 1.1 64.8 123.733333333333 12.8666666666667 "交通污染监控点" 116.349 39.954
"西直门北" 20161227 41 38.1666666666667 0.854166666666667 60.0833333333333 24.3333333333333 7.875 "交通污染监控点" 116.349 39.954
"西直门北" 20161120 55.8333333333333 122.041666666667 1.475 52.8333333333333 7.8695652173913 4.91666666666667 "交通污染监控点" 116.349 39.954
"西直门北" 20160228 40.3333333333333 57.7916666666667 1.02916666666667 49.9166666666667 27.695652173913 8.91666666666667 "交通污染监控点" 116.349 39.954
"西直门北" 20160816 28.875 44.8333333333333 0.591666666666667 65.5833333333333 65.1739130434783 3.79166666666667 "交通污染监控点" 116.349 39.954
"西直门北" 20160618 46.4583333333333 64.0416666666667 0.65 83.125 81.625 3.54166666666667 "交通污染监控点" 116.349 39.954
"西直门北" 20161226 54.1363636363636 158.818181818182 1.27272727272727 62.9090909090909 23.6666666666667 22.3181818181818 "交通污染监控点" 116.349 39.954
"西直门北" 20161119 131 214.791666666667 2.0375 82.375 15.4166666666667 14.4583333333333 "交通污染监控点" 116.349 39.954
"西直门北" 20160313 33.4166666666667 116.625 0.741666666666667 54.6666666666667 35 11.625 "交通污染监控点" 116.349 39.954
"西直门北" 20160511 169.166666666667 136.75 1.18333333333333 74.1666666666667 76.9583333333333 18.7916666666667 "交通污染监控点" 116.349 39.954
"西直门北" 20160617 27.3333333333333 61.875 0.566666666666667 78.875 42.695652173913 3 "交通污染监控点" 116.349 39.954
"西直门北" 20160723 143.416666666667 154.541666666667 1.25416666666667 51.1666666666667 86.695652173913 11.5416666666667 "交通污染监控点" 116.349 39.954
"西直门北" 20160411 53.75 102.444444444444 0.677272727272727 63 35.2272727272727 10.3636363636364 "交通污染监控点" 116.349 39.954
"西直门北" 20160327 20.625 49.0416666666667 0.679166666666667 65.7916666666667 28.0869565217391 7.58333333333333 "交通污染监控点" 116.349 39.954
"西直门北" 20160730 146.842105263158 189.277777777778 1.58947368421053 64 59.0526315789474 3.10526315789474 "交通污染监控点" 116.349 39.954
"西直门北" 20160616 31.5 55.7916666666667 0.679166666666667 87.4583333333333 53.875 4.20833333333333 "交通污染监控点" 116.349 39.954
"西直门北" 20160601 33.2083333333333 73.9166666666667 0.679166666666667 81.6666666666667 70.1739130434783 8.04166666666667 "交通污染监控点" 116.349 39.954
"西直门北" 20160410 52.375 142.708333333333 0.9375 67.7916666666667 40 17.5 "交通污染监控点" 116.349 39.954
"西直门北" 20160608 130.041666666667 119.5 1.17916666666667 61.5833333333333 105.791666666667 3.66666666666667 "交通污染监控点" 116.349 39.954
"西直门北" 20160813 27.7083333333333 58.3333333333333 0.575 62 18.875 5.875 "交通污染监控点" 116.349 39.954
"西直门北" 20160615 25.25 47.0416666666667 0.554166666666667 60.9583333333333 75.6521739130435 3.33333333333333 "交通污染监控点" 116.349 39.954
"西直门北" 20160629 127 146 0.933333333333333 63.9166666666667 73.4782608695652 2.70833333333333 "交通污染监控点" 116.349 39.954
"西直门北" 20161025 109 115.291666666667 1.90833333333333 97.2916666666667 2.47826086956522 7.875 "交通污染监控点" 116.349 39.954
"西直门北" 20160622 55.8333333333333 97.3333333333333 0.708333333333333 62.375 104.083333333333 2.29166666666667 "交通污染监控点" 116.349 39.954
"西直门北" 20160325 21.1818181818182 41.0952380952381 0.609090909090909 61.7272727272727 30.8181818181818 6.40909090909091 "交通污染监控点" 116.349 39.954
"西直门北" 20160903 23.9583333333333 48.2083333333333 0.566666666666667 64.3333333333333 61.6521739130435 5.125 "交通污染监控点" 116.349 39.954
"西直门北" 20160925 177.166666666667 231.833333333333 1.42083333333333 79.1666666666667 69.3913043478261 5.33333333333333 "交通污染监控点" 116.349 39.954
"西直门北" 20160401 34.5909090909091 165.125 0.454166666666667 43.0416666666667 42.75 19.0416666666667 "交通污染监控点" 116.349 39.954
"西直门北" 20160515 55.25 80.2083333333333 0.791666666666667 58.3333333333333 25.2083333333333 4.33333333333333 "交通污染监控点" 116.349 39.954
"西直门北" 20160819 23.2608695652174 67.1739130434783 0.969565217391304 49.0869565217391 60.6521739130435 2 "交通污染监控点" 116.349 39.954
"西直门北" 20160727 53.125 73.25 1.01666666666667 64.3333333333333 107.954545454545 3.625 "交通污染监控点" 116.349 39.954
"西直门北" 20160415 63.3333333333333 74.4583333333333 1.17083333333333 88.5833333333333 26.625 19.8333333333333 "交通污染监控点" 116.349 39.954
"西直门北" 20161214 28.4782608695652 37.875 0.841666666666667 59.9583333333333 24.3478260869565 12.7083333333333 "交通污染监控点" 116.349 39.954
"西直门北" 20160803 62.7142857142857 90.9444444444444 1.02857142857143 57.9523809523809 141.761904761905 5.52380952380952 "交通污染监控点" 116.349 39.954
"西直门北" 20160422 27.8333333333333 106.25 0.4 41.375 56 2.41666666666667 "交通污染监控点" 116.349 39.954
"西直门北" 20160810 81.3636363636364 89.15 0.809090909090909 48.1363636363636 96.4761904761905 7.95454545454545 "交通污染监控点" 116.349 39.954
"西直门北" 20161228 81.125 119.333333333333 1.23333333333333 56.25 27.1304347826087 8.54166666666667 "交通污染监控点" 116.349 39.954
"西直门北" 20161121 14.0833333333333 41.5416666666667 0.4875 29.0416666666667 49.9583333333333 2.91666666666667 "交通污染监控点" 116.349 39.954
"西直门北" 20160229 39.25 45.7916666666667 0.816666666666667 55.5 26.2916666666667 12.25 "交通污染监控点" 116.349 39.954
"西直门北" 20160817 68.0833333333333 64.5833333333333 0.9875 88.875 26.2083333333333 7.04166666666667 "交通污染监控点" 116.349 39.954
"西直门北" 20160609 103.428571428571 185.7 1.09047619047619 59.8571428571429 119.15 8.71428571428571 "交通污染监控点" 116.349 39.954
"西直门北" 20160814 25.7916666666667 51.125 0.604166666666667 69.8333333333333 83.1739130434783 5.91666666666667 "交通污染监控点" 116.349 39.954
"西直门北" 20160307 41 116.375 1.12083333333333 51.5833333333333 32.3478260869565 14.8333333333333 "交通污染监控点" 116.349 39.954
"西直门北" 20160611 12.6666666666667 48.8333333333333 0.370833333333333 42.3333333333333 69.8695652173913 2.58333333333333 "交通污染监控点" 116.349 39.954
"西直门北" 20161026 47.1 121.421052631579 0.895 67.85 17.8 4.15 "交通污染监控点" 116.349 39.954
"西直门北" 20160623 83.0833333333333 98.4583333333333 1.04166666666667 69.7083333333333 91.7826086956522 12.625 "交通污染监控点" 116.349 39.954
"西直门北" 20160420 75.3333333333333 109.8125 0.861904761904762 74.3333333333333 41.0952380952381 12.7142857142857 "交通污染监控点" 116.349 39.954
"西直门北" 20160306 75.125 127.5 1.88333333333333 88.7916666666667 5.66666666666667 30.9166666666667 "交通污染监控点" 116.349 39.954
"西直门北" 20160328 79.2083333333333 86.8333333333333 0.9625 95.25 17.6666666666667 19.875 "交通污染监控点" 116.349 39.954
"西直门北" 20160731 57.0416666666667 126.833333333333 1.02083333333333 55.6666666666667 63.6086956521739 2.75 "交通污染监控点" 116.349 39.954
"西直门北" 20160516 43.5833333333333 71.6666666666667 0.716666666666667 85.5416666666667 34.7826086956522 6.79166666666667 "交通污染监控点" 116.349 39.954
"西直门北" 20160602 49.125 78.25 0.7875 96.1666666666667 90.9166666666667 12.25 "交通污染监控点" 116.349 39.954
"西直门北" 20160305 63.2083333333333 320.833333333333 0.5625 33.4583333333333 35.695652173913 5.83333333333333 "交通污染监控点" 116.349 39.954
"西直门北" 20160416 24.5416666666667 84.4583333333333 0.383333333333333 41.3333333333333 33.9130434782609 3.29166666666667 "交通污染监控点" 116.349 39.954
"西直门北" 20161215 31.7916666666667 58.5833333333333 1.15 58.625 23.9583333333333 14.7916666666667 "交通污染监控点" 116.349 39.954
"西直门北" 20160804 108.130434782609 111.086956521739 1.34782608695652 64.7826086956522 122.772727272727 8.1304347826087 "交通污染监控点" 116.349 39.954
"西直门北" 20160630 65.4583333333333 126.5 0.708333333333333 62.1666666666667 95.4583333333333 2.875 "交通污染监控点" 116.349 39.954
"西直门北" 20160811 91.4583333333333 116.083333333333 0.908333333333333 52.0416666666667 83.3333333333333 8.54166666666667 "交通污染监控点" 116.349 39.954
"西直门北" 20160309 13.7826086956522 27.8571428571429 0.430434782608696 31.0869565217391 36.1818181818182 4.7 "交通污染监控点" 116.349 39.954
"西直门北" 20160821 57.4166666666667 97.7916666666667 0.858333333333333 75.7083333333333 126.041666666667 5.04166666666667 "交通污染监控点" 116.349 39.954
"西直门北" 20160904 83.3333333333333 85.0833333333333 0.991666666666667 87.2083333333333 75.125 8.20833333333333 "交通污染监控点" 116.349 39.954
"西直门北" 20160417 11.8260869565217 47.05 0.31304347826087 26.3913043478261 55.6086956521739 2.04347826086957 "交通污染监控点" 116.349 39.954
"西直门北" 20161216 135.416666666667 90.625 2.44166666666667 110.166666666667 5.34782608695652 28.0833333333333 "交通污染监控点" 116.349 39.954
"西直门北" 20160815 22.7272727272727 58.2916666666667 0.529166666666667 65 49.9583333333333 5 "交通污染监控点" 116.349 39.954
"西直门北" 20160820 64.9583333333333 73.9583333333333 1.1125 67 109.391304347826 4.58333333333333 "交通污染监控点" 116.349 39.954
"西直门北" 20160728 54.25 71.4583333333333 1.33636363636364 65.0833333333333 88.9166666666667 3.375 "交通污染监控点" 116.349 39.954
"西直门北" 20160521 78.5833333333333 117.875 0.666666666666667 66.9565217391304 106.875 22.9583333333333 "交通污染监控点" 116.349 39.954
"西直门北" 20160518 94.625 116.5 0.633333333333333 71.5416666666667 83.4347826086957 12.9166666666667 "交通污染监控点" 116.349 39.954
"西直门北" 20161123 22.8333333333333 35.5833333333333 0.858333333333333 59.125 30 8.33333333333333 "交通污染监控点" 116.349 39.954
"西直门北" 20160302 182.727272727273 224.5 3.3875 140 9.79166666666667 44.9166666666667 "交通污染监控点" 116.349 39.954
"西直门北" 20160520 95.0833333333333 132.666666666667 0.966666666666667 88.2173913043478 109.173913043478 25.1666666666667 "交通污染监控点" 116.349 39.954
"西直门北" 20161217 217.181818181818 219.181818181818 3.75 117.681818181818 4.13636363636364 39.5909090909091 "交通污染监控点" 116.349 39.954
"西直门北" 20161122 17.7083333333333 30.2916666666667 0.6875 43.1666666666667 42.9130434782609 4.70833333333333 "交通污染监控点" 116.349 39.954
"西直门北" 20160301 135.083333333333 115.083333333333 2.0875 108.583333333333 8.17391304347826 36.0416666666667 "交通污染监控点" 116.349 39.954
"西直门北" 20160818 87.2916666666667 122.458333333333 1.67916666666667 65.625 18.7391304347826 3.91666666666667 "交通污染监控点" 116.349 39.954
"西直门北" 20160610 53.9130434782609 100.75 0.566666666666667 44.7916666666667 93.5416666666667 2.95833333333333 "交通污染监控点" 116.349 39.954
"西直门北" 20160519 115.818181818182 143.041666666667 0.891666666666667 81.6666666666667 107.958333333333 18 "交通污染监控点" 116.349 39.954
"西直门北" 20160308 14.8888888888889 38.7142857142857 0.405882352941176 33.875 39.5625 3.52941176470588 "交通污染监控点" 116.349 39.954
"西直门北" 20160612 73.375 73.7916666666667 1.15416666666667 65.5833333333333 98.1666666666667 7.1304347826087 "交通污染监控点" 116.349 39.954
"西直门北" 20160418 16.2 38.7777777777778 0.395 48.4 47.4 3.1 "交通污染监控点" 116.349 39.954
"西直门北" 20160310 13.7916666666667 38.5833333333333 0.475 34.75 37.125 5.16666666666667 "交通污染监控点" 116.349 39.954
"西直门北" 20160822 46.5 75.6666666666667 0.829166666666667 66.7083333333333 97.2173913043478 7.20833333333333 "交通污染监控点" 116.349 39.954
"西直门北" 20160304 350.875 408.875 4.90416666666667 125.75 3.875 60.9583333333333 "交通污染监控点" 116.349 39.954
"西直门北" 20160613 47.4583333333333 78.3333333333333 0.6625 58.0833333333333 67.1304347826087 2.83333333333333 "交通污染监控点" 116.349 39.954
"西直门北" 20160824 86.1304347826087 111.565217391304 1.01739130434783 82.1304347826087 72.7727272727273 5.1304347826087 "交通污染监控点" 116.349 39.954
"西直门北" 20160517 77.9166666666667 83.3333333333333 0.775 97.0416666666667 68.9583333333333 14.625 "交通污染监控点" 116.349 39.954
"西直门北" 20160303 317.125 279.5 4.62083333333333 137.541666666667 8.39130434782609 62.5 "交通污染监控点" 116.349 39.954
"西直门北" 20160419 79.1111111111111 73.3125 1.41666666666667 82.8333333333333 19.6666666666667 23.5555555555556 "交通污染监控点" 116.349 39.954
"西直门北" 20160311 24.25 54.25 0.670833333333333 58.5 26.1739130434783 8.375 "交通污染监控点" 116.349 39.954
"西直门北" 20160825 21.8333333333333 80.0416666666667 0.408333333333333 47.125 46.0416666666667 2.04166666666667 "交通污染监控点" 116.349 39.954
"西直门北" 20160823 72.7916666666667 72.9583333333333 0.725 73.0416666666667 77.7916666666667 7.83333333333333 "交通污染监控点" 116.349 39.954
"西直门北" 20160523 65.25 88.5416666666667 0.908333333333333 77.8260869565217 76.75 20.1666666666667 "交通污染监控点" 116.349 39.954
"西直门北" 20160522 53.7916666666667 90.25 0.7 108.5 93.3478260869565 12.2083333333333 "交通污染监控点" 116.349 39.954
