"平谷" 20161105 142.333333333333 205.434782608696 2.94166666666667 78.3333333333333 20 9.45833333333333 "郊区环境评价点" 117.1 40.143
"平谷" 20160526 17.5 52.7368421052632 0.273684210526316 5.55555555555556 82 2.26315789473684 "郊区环境评价点" 117.1 40.143
"平谷" 20161104 179.916666666667 247.5 3.2 92.0833333333333 4.625 6.33333333333333 "郊区环境评价点" 117.1 40.143
"平谷" 20161211 128.5 92.4347826086957 2.2125 75.9583333333333 8.20833333333333 39.125 "郊区环境评价点" 117.1 40.143
"平谷" 20160527 43.5714285714286 79.4285714285714 0.728571428571429 28.0769230769231 175.928571428571 17.5714285714286 "郊区环境评价点" 117.1 40.143
"平谷" 20160927 23.5416666666667 67.9583333333333 0.4875 14.375 40.0416666666667 2.25 "郊区环境评价点" 117.1 40.143
"平谷" 20161212 213.684210526316 230.578947368421 2.67368421052632 84.1578947368421 8.68421052631579 38.2105263157895 "郊区环境评价点" 117.1 40.143
"平谷" 20161103 202.125 186.291666666667 2.16666666666667 94.25 6.29166666666667 17.25 "郊区环境评价点" 117.1 40.143
"平谷" 20161107 39.4583333333333 82.2083333333333 0.595833333333333 31.0416666666667 32.25 4.54166666666667 "郊区环境评价点" 117.1 40.143
"平谷" 20161120 43.9166666666667 93.5 0.958333333333333 31.5833333333333 22.75 10.125 "郊区环境评价点" 117.1 40.143
"平谷" 20161102 94.1666666666667 93.5833333333333 1.15 71.2916666666667 14.625 12.7272727272727 "郊区环境评价点" 117.1 40.143
"平谷" 20161004 35.75 97.875 1.28333333333333 36.5416666666667 16.0833333333333 10.7916666666667 "郊区环境评价点" 117.1 40.143
"平谷" 20161106 78.5833333333333 165.583333333333 1.0875 51.9583333333333 23.7916666666667 12.5 "郊区环境评价点" 117.1 40.143
"平谷" 20160928 12.625 20.6666666666667 0.266666666666667 16.5416666666667 41.75 2.375 "郊区环境评价点" 117.1 40.143
"平谷" 20161119 105.208333333333 211.458333333333 1.68333333333333 44.9166666666667 21.6666666666667 9.83333333333333 "郊区环境评价点" 117.1 40.143
"平谷" 20161214 18.7916666666667 27.5 0.566666666666667 26.7083333333333 42.5833333333333 9.33333333333333 "郊区环境评价点" 117.1 40.143
"平谷" 20160929 44.625 40.0416666666667 0.416666666666667 36.4166666666667 55.25 6.125 "郊区环境评价点" 117.1 40.143
"平谷" 20161213 52.25 189.083333333333 0.758333333333333 30.875 45.875 9.33333333333333 "郊区环境评价点" 117.1 40.143
"平谷" 20160528 44.7083333333333 79.5416666666667 0.6625 26.875 142.541666666667 12.3333333333333 "郊区环境评价点" 117.1 40.143
"平谷" 20160829 16.4166666666667 34.0833333333333 0.325 26.25 81.2083333333333 5.33333333333333 "郊区环境评价点" 117.1 40.143
"平谷" 20161006 73.4166666666667 99.1666666666667 1.65416666666667 40.875 9 9.41666666666667 "郊区环境评价点" 117.1 40.143
"平谷" 20161118 205.25 243.166666666667 3.64583333333333 77.2916666666667 2.08333333333333 27.7916666666667 "郊区环境评价点" 117.1 40.143
"平谷" 20160525 19.125 41.125 0.3 NA 96.875 2.66666666666667 "郊区环境评价点" 117.1 40.143
"平谷" 20161012 76.3333333333333 120.708333333333 1.2375 47.9583333333333 36.7916666666667 13.4166666666667 "郊区环境评价点" 117.1 40.143
"平谷" 20161215 26.25 48.3333333333333 0.7375 34.75 32.2916666666667 8.58333333333333 "郊区环境评价点" 117.1 40.143
"平谷" 20160926 67.5416666666667 130.521739130435 1.21666666666667 28.5833333333333 39.7083333333333 5.29166666666667 "郊区环境评价点" 117.1 40.143
"平谷" 20161117 172.75 180.125 3.65 80.4583333333333 2.16666666666667 39.9166666666667 "郊区环境评价点" 117.1 40.143
"平谷" 20161003 99.5416666666667 146.708333333333 0.8625 34.9166666666667 74.1666666666667 7.58333333333333 "郊区环境评价点" 117.1 40.143
"平谷" 20160512 30.1666666666667 107.291666666667 0.466666666666667 15.4166666666667 77.5833333333333 2.83333333333333 "郊区环境评价点" 117.1 40.143
"平谷" 20160830 29.875 55 0.425 28.8333333333333 101.208333333333 6.29166666666667 "郊区环境评价点" 117.1 40.143
"平谷" 20161005 59.6666666666667 65.0833333333333 1.1 27.5416666666667 20.5833333333333 2.58333333333333 "郊区环境评价点" 117.1 40.143
"平谷" 20161101 40.4166666666667 36.5416666666667 0.633333333333333 44.0833333333333 27.7083333333333 3.21428571428571 "郊区环境评价点" 117.1 40.143
"平谷" 20161210 33.4166666666667 44.125 0.870833333333333 42.2916666666667 27.9166666666667 10.7083333333333 "郊区环境评价点" 117.1 40.143
"平谷" 20160513 33.375 41.25 0.366666666666667 21.5416666666667 85.5833333333333 4.79166666666667 "郊区环境评价点" 117.1 40.143
"平谷" 20160508 41.4166666666667 61.125 0.6 21.625 110.625 12.125 "郊区环境评价点" 117.1 40.143
"平谷" 20161108 27.5416666666667 31.875 0.575 36.5833333333333 28.5 6.29166666666667 "郊区环境评价点" 117.1 40.143
"平谷" 20161014 216.541666666667 240.291666666667 1.44166666666667 68.4166666666667 50.4166666666667 13.9583333333333 "郊区环境评价点" 117.1 40.143
"平谷" 20160826 10.4583333333333 26.7083333333333 0.241666666666667 28.75 50.3333333333333 2.08333333333333 "郊区环境评价点" 117.1 40.143
"平谷" 20161001 156 170.75 0.616666666666667 20.9583333333333 60 21.625 "郊区环境评价点" 117.1 40.143
"平谷" 20160507 21.8333333333333 55.75 0.304166666666667 19.0416666666667 93.375 4.08333333333333 "郊区环境评价点" 117.1 40.143
"平谷" 20160529 27.625 67.625 0.45 17.0833333333333 115.166666666667 5.5 "郊区环境评价点" 117.1 40.143
"平谷" 20161013 133.166666666667 128.875 1.20416666666667 55.0833333333333 55.5833333333333 10.5 "郊区环境评价点" 117.1 40.143
"平谷" 20161216 70.2083333333333 43.125 1.275 59.5 15.2083333333333 15.5 "郊区环境评价点" 117.1 40.143
"平谷" 20160930 89.7083333333333 90.4583333333333 0.566666666666667 39.5 101.875 11.625 "郊区环境评价点" 117.1 40.143
"平谷" 20161121 6.47826086956522 35.3478260869565 0.2 5.69565217391304 67.8181818181818 3.1304347826087 "郊区环境评价点" 117.1 40.143
"平谷" 20161015 116.666666666667 208 1.2125 54 27.2173913043478 8.54166666666667 "郊区环境评价点" 117.1 40.143
"平谷" 20160121 128.625 154.875 2.57916666666667 49.5416666666667 17.0416666666667 25.5833333333333 "郊区环境评价点" 117.1 40.143
"平谷" 20161007 47.375 77.4583333333333 1.4125 35.9166666666667 18.9583333333333 3.5 "郊区环境评价点" 117.1 40.143
"平谷" 20161029 22.5416666666667 42.5416666666667 0.45 34.5833333333333 29.2916666666667 4.20833333333333 "郊区环境评价点" 117.1 40.143
"平谷" 20160101 295.041666666667 236.25 4.02083333333333 82.0416666666667 17.3333333333333 31.625 "郊区环境评价点" 117.1 40.143
"平谷" 20160505 39.4583333333333 49.5 0.820833333333333 24.7916666666667 94 13.0416666666667 "郊区环境评价点" 117.1 40.143
"平谷" 20160831 17.7916666666667 51.5 0.195833333333333 23.125 85.7916666666667 4.25 "郊区环境评价点" 117.1 40.143
"平谷" 20160907 31.3571428571429 59.9166666666667 0.457142857142857 24.2857142857143 121.785714285714 4.64285714285714 "郊区环境评价点" 117.1 40.143
"平谷" 20160710 86.9166666666667 125.347826086957 0.825 17.2916666666667 138.666666666667 5.29166666666667 "郊区环境评价点" 117.1 40.143
"平谷" 20161112 69.8333333333333 103.75 1.09166666666667 46.3333333333333 22 12.5416666666667 "郊区环境评价点" 117.1 40.143
"平谷" 20160514 46.75 61.875 0.545833333333333 23.25 74.625 4.125 "郊区环境评价点" 117.1 40.143
"平谷" 20160519 95.5833333333333 120.541666666667 0.829166666666667 21.375 207.125 15.75 "郊区环境评价点" 117.1 40.143
"平谷" 20160314 69.0869565217391 71.0434782608696 1.03478260869565 38.5217391304348 47.9565217391304 15.3478260869565 "郊区环境评价点" 117.1 40.143
"平谷" 20161126 230.666666666667 257.208333333333 2.87083333333333 96.2916666666667 10.2083333333333 21.5416666666667 "郊区环境评价点" 117.1 40.143
"平谷" 20160602 39.25 94.8333333333333 0.704166666666667 20.9166666666667 174.208333333333 9.08333333333333 "郊区环境评价点" 117.1 40.143
"平谷" 20160404 71.0833333333333 77.2083333333333 0.625 28.8333333333333 82.9583333333333 18.9583333333333 "郊区环境评价点" 117.1 40.143
"平谷" 20160807 35.3478260869565 85.5 0.556521739130435 9.82608695652174 100.304347826087 2 "郊区环境评价点" 117.1 40.143
"平谷" 20160212 215.142857142857 202.041666666667 3.35833333333333 40.125 36.3333333333333 32.5 "郊区环境评价点" 117.1 40.143
"平谷" 20161125 128.958333333333 130.25 2.22916666666667 84.5 9.82608695652174 24.4583333333333 "郊区环境评价点" 117.1 40.143
"平谷" 20161217 206.125 176.125 2.72083333333333 88.0416666666667 7.25 28.0416666666667 "郊区环境评价点" 117.1 40.143
"平谷" 20160120 106.041666666667 110.791666666667 2.675 53.7916666666667 19.25 34.9583333333333 "郊区环境评价点" 117.1 40.143
"平谷" 20161011 127.833333333333 164.958333333333 1.35 48.9166666666667 34.7083333333333 13.625 "郊区环境评价点" 117.1 40.143
"平谷" 20160524 34.4166666666667 82.0833333333333 0.6125 24.1666666666667 84.4166666666667 3.89473684210526 "郊区环境评价点" 117.1 40.143
"平谷" 20160122 33.875 125.916666666667 1.03333333333333 12.0416666666667 72.0833333333333 8.41666666666667 "郊区环境评价点" 117.1 40.143
"平谷" 20160509 29.875 64.4583333333333 0.429166666666667 21.9583333333333 77.25 4 "郊区环境评价点" 117.1 40.143
"平谷" 20161109 116.541666666667 92.875 2.03333333333333 67.8333333333333 11.1666666666667 26.9166666666667 "郊区环境评价点" 117.1 40.143
"平谷" 20161010 88.2083333333333 70.875 0.916666666666667 58.5833333333333 19.5833333333333 13.0833333333333 "郊区环境评价点" 117.1 40.143
"平谷" 20160827 13.2916666666667 31.375 0.218181818181818 27.8695652173913 50.7727272727273 2.36363636363636 "郊区环境评价点" 117.1 40.143
"平谷" 20161002 136.833333333333 194.541666666667 0.945833333333333 36.7083333333333 94.1666666666667 12.8333333333333 "郊区环境评价点" 117.1 40.143
"平谷" 20161123 14.5 26.2916666666667 0.504166666666667 31.9166666666667 38.1739130434783 7.25 "郊区环境评价点" 117.1 40.143
"平谷" 20160530 75.625 108.875 0.925 25.75 190.25 14.7916666666667 "郊区环境评价点" 117.1 40.143
"平谷" 20161031 9.16666666666667 35.0416666666667 0.229166666666667 15.7916666666667 47.4583333333333 2.75 "郊区环境评价点" 117.1 40.143
"平谷" 20160515 41.2916666666667 70.5833333333333 0.4125 17.7916666666667 59.2083333333333 2.20833333333333 "郊区环境评价点" 117.1 40.143
"平谷" 20160103 318.416666666667 420 4.85833333333333 80.0833333333333 21.875 33.2083333333333 "郊区环境评价点" 117.1 40.143
"平谷" 20161122 8.04347826086956 20.2083333333333 0.370833333333333 15.2916666666667 56.2173913043478 4.16666666666667 "郊区环境评价点" 117.1 40.143
"平谷" 20161016 103 145.041666666667 0.983333333333333 42.1666666666667 33.7916666666667 4.29166666666667 "郊区环境评价点" 117.1 40.143
"平谷" 20161124 56.125 40.7083333333333 1.35833333333333 69 19.1739130434783 18.5 "郊区环境评价点" 117.1 40.143
"平谷" 20161008 14.5416666666667 47.25 0.3875 19.9583333333333 36.7083333333333 2.43478260869565 "郊区环境评价点" 117.1 40.143
"平谷" 20161030 48.7083333333333 65.9166666666667 0.691666666666667 42.7083333333333 24.0833333333333 11 "郊区环境评价点" 117.1 40.143
"平谷" 20160102 370.181818181818 378.217391304348 5.29583333333333 96.875 16.625 36.0833333333333 "郊区环境评价点" 117.1 40.143
"平谷" 20160506 76.4166666666667 140.5 0.195833333333333 8.08333333333333 94.875 2.04166666666667 "郊区环境评价点" 117.1 40.143
"平谷" 20160901 5.25 27.25 0.1 15.2916666666667 50.4166666666667 3.54166666666667 "郊区环境评价点" 117.1 40.143
"平谷" 20160908 24.2916666666667 46.6666666666667 0.345833333333333 30.9166666666667 67.875 2.91666666666667 "郊区环境评价点" 117.1 40.143
"平谷" 20160711 86.7916666666667 111.25 0.708333333333333 19.0416666666667 121.291666666667 4.79166666666667 "郊区环境评价点" 117.1 40.143
"平谷" 20161113 94.9166666666667 90.125 1.92083333333333 58.0833333333333 12.7916666666667 25.9166666666667 "郊区环境评价点" 117.1 40.143
"平谷" 20160123 8.83333333333333 30.4583333333333 0.779166666666667 2 86.1666666666667 2 "郊区环境评价点" 117.1 40.143
"平谷" 20160520 60.7083333333333 108.708333333333 0.879166666666667 21.875 155.916666666667 19.125 "郊区环境评价点" 117.1 40.143
"平谷" 20160315 120.631578947368 114.894736842105 1.24210526315789 38.1052631578947 58.5263157894737 27.2105263157895 "郊区环境评价点" 117.1 40.143
"平谷" 20161127 80.4166666666667 213.541666666667 1.12083333333333 44.2916666666667 35.9166666666667 8.66666666666667 "郊区环境评价点" 117.1 40.143
"平谷" 20160603 51.9583333333333 94.3333333333333 0.795833333333333 22.6666666666667 187.541666666667 21.5416666666667 "郊区环境评价点" 117.1 40.143
"平谷" 20160405 96.75 126.416666666667 1.15416666666667 30.0833333333333 82.5416666666667 23.1666666666667 "郊区环境评价点" 117.1 40.143
"平谷" 20160808 21.5 47.0588235294118 0.6 11.3333333333333 90.5 2.66666666666667 "郊区环境评价点" 117.1 40.143
"平谷" 20160213 7.85714285714286 175.125 0.633333333333333 7.125 73.5833333333333 5.125 "郊区环境评价点" 117.1 40.143
"平谷" 20161218 224.166666666667 286.75 2.91666666666667 78.75 10.5416666666667 22.9583333333333 "郊区环境评价点" 117.1 40.143
"平谷" 20160624 19.4285714285714 85.4583333333333 0.404166666666667 14.3333333333333 78.2083333333333 2.04166666666667 "郊区环境评价点" 117.1 40.143
"平谷" 20161027 23.5 45.6666666666667 0.733333333333333 31.2272727272727 19.5 9.875 "郊区环境评价点" 117.1 40.143
"平谷" 20161225 136.333333333333 142.214285714286 2.26666666666667 71.3333333333333 2.93333333333333 27.5333333333333 "郊区环境评价点" 117.1 40.143
"平谷" 20160701 26.4090909090909 85.125 0.5125 13.75 96.625 2.16666666666667 "郊区环境评价点" 117.1 40.143
"平谷" 20160106 17.304347826087 32.2083333333333 0.55 10.5833333333333 65.3333333333333 2.75 "郊区环境评价点" 117.1 40.143
"平谷" 20160510 28.8333333333333 55.375 0.395833333333333 20.9166666666667 89.3333333333333 3.70833333333333 "郊区环境评价点" 117.1 40.143
"平谷" 20161110 142.708333333333 187.708333333333 1.43333333333333 59.4583333333333 6.83333333333333 13.7083333333333 "郊区环境评价点" 117.1 40.143
"平谷" 20160912 22.75 33.6666666666667 0.479166666666667 19.2083333333333 75.0416666666667 2.29166666666667 "郊区环境评价点" 117.1 40.143
"平谷" 20160828 9.29166666666667 26.4583333333333 0.133333333333333 22.0833333333333 59.4583333333333 2.20833333333333 "郊区环境评价点" 117.1 40.143
"平谷" 20160105 17.2916666666667 35.4583333333333 0.508333333333333 14.0833333333333 60.875 4.25 "郊区环境评价点" 117.1 40.143
"平谷" 20160127 118.333333333333 107.875 2.53333333333333 44.5416666666667 34.2083333333333 28.75 "郊区环境评价点" 117.1 40.143
"平谷" 20160531 47.0416666666667 106.5 0.916666666666667 25.5833333333333 119.458333333333 15.5416666666667 "郊区环境评价点" 117.1 40.143
"平谷" 20160319 80.7272727272727 125.25 1.5375 43.9166666666667 52.7916666666667 29.625 "郊区环境评价点" 117.1 40.143
"平谷" 20160516 21.0833333333333 45.0416666666667 0.333333333333333 25 78.25 2.45833333333333 "郊区环境评价点" 117.1 40.143
"平谷" 20160104 95.5833333333333 257.782608695652 1.75416666666667 29.4583333333333 59.1666666666667 8.20833333333333 "郊区环境评价点" 117.1 40.143
"平谷" 20160409 71.1666666666667 121.416666666667 0.745833333333333 31.7916666666667 57.625 21.7083333333333 "郊区环境评价点" 117.1 40.143
"平谷" 20161017 52.5 106.333333333333 0.604166666666667 32.875 40.0833333333333 2.875 "郊区环境评价点" 117.1 40.143
"平谷" 20160217 53.4166666666667 42.5416666666667 1.29166666666667 29.0833333333333 54.125 16.2916666666667 "郊区环境评价点" 117.1 40.143
"平谷" 20161009 26.625 29.1666666666667 0.441666666666667 34.5833333333333 28.625 6.83333333333333 "郊区环境评价点" 117.1 40.143
"平谷" 20160628 41.125 76.0833333333333 0.583333333333333 12.7083333333333 116.666666666667 2 "郊区环境评价点" 117.1 40.143
"平谷" 20160224 29.25 30.125 0.783333333333333 20.875 58.2083333333333 9.79166666666667 "郊区环境评价点" 117.1 40.143
"平谷" 20160705 73.4583333333333 108.916666666667 1.2 21.125 134 7.41666666666667 "郊区环境评价点" 117.1 40.143
"平谷" 20160902 7.33333333333333 18.7083333333333 0.133333333333333 12 20.625 2.08333333333333 "郊区环境评价点" 117.1 40.143
"平谷" 20160909 17.875 41.7916666666667 0.304166666666667 25.4166666666667 62.25 2.33333333333333 "郊区环境评价点" 117.1 40.143
"平谷" 20160712 56 103.333333333333 0.583333333333333 19.1666666666667 99.2916666666667 2.91666666666667 "郊区环境评价点" 117.1 40.143
"平谷" 20161114 47.125 130.166666666667 0.758333333333333 25.3333333333333 46.6666666666667 6.04761904761905 "郊区环境评价点" 117.1 40.143
"平谷" 20160124 11.875 28.125 0.825 4.41666666666667 86.0833333333333 2.45833333333333 "郊区环境评价点" 117.1 40.143
"平谷" 20160521 50.375 81.9583333333333 0.641666666666667 22.4583333333333 146.583333333333 14.5416666666667 "郊区环境评价点" 117.1 40.143
"平谷" 20160316 216.416666666667 219.583333333333 1.5125 42.125 81.125 30.9166666666667 "郊区环境评价点" 117.1 40.143
"平谷" 20161128 44.2083333333333 48.2083333333333 1.03333333333333 56.4166666666667 16.0833333333333 13.7916666666667 "郊区环境评价点" 117.1 40.143
"平谷" 20160604 86.2916666666667 108.25 0.866666666666667 24.4583333333333 193.333333333333 19.5 "郊区环境评价点" 117.1 40.143
"平谷" 20160406 113.083333333333 116.695652173913 1.575 43.4583333333333 64.3333333333333 27.5416666666667 "郊区环境评价点" 117.1 40.143
"平谷" 20160809 45.5333333333333 92.8 1.43333333333333 13.4 191.133333333333 9.93333333333333 "郊区环境评价点" 117.1 40.143
"平谷" 20160214 8.33333333333333 26.0416666666667 0.320833333333333 3.375 81.9166666666667 2.91666666666667 "郊区环境评价点" 117.1 40.143
"平谷" 20161219 196.208333333333 255.291666666667 2.97916666666667 72 11.4583333333333 16.625 "郊区环境评价点" 117.1 40.143
"平谷" 20160625 18.5 38.5 0.283333333333333 16.375 87.9583333333333 2 "郊区环境评价点" 117.1 40.143
"平谷" 20161028 9.54166666666667 35.7916666666667 0.270833333333333 19.4166666666667 38.9583333333333 2.04166666666667 "郊区环境评价点" 117.1 40.143
"平谷" 20161226 58.6 143.25 1.025 33.4 38.45 13 "郊区环境评价点" 117.1 40.143
"平谷" 20160702 56 86.625 0.7625 18.2916666666667 146.416666666667 3.25 "郊区环境评价点" 117.1 40.143
"平谷" 20160107 12.75 20.9130434782609 0.3625 9.16666666666667 63.1666666666667 5.375 "郊区环境评价点" 117.1 40.143
"平谷" 20160511 101.25 85.375 0.9375 23.25 136.166666666667 11.375 "郊区环境评价点" 117.1 40.143
"平谷" 20161111 84.4583333333333 151.5 1.39166666666667 48.9583333333333 12.7916666666667 8.08333333333333 "郊区环境评价点" 117.1 40.143
"平谷" 20160913 85.5833333333333 72.625 1.3 34.7916666666667 84.2916666666667 7.45833333333333 "郊区环境评价点" 117.1 40.143
"平谷" 20160518 68.125 98.7083333333333 0.7125 22.875 156.666666666667 10.0416666666667 "郊区环境评价点" 117.1 40.143
"平谷" 20160313 48.2083333333333 112.291666666667 0.783333333333333 25.2083333333333 61 10.2083333333333 "郊区环境评价点" 117.1 40.143
"平谷" 20160128 161.625 189.791666666667 2.95416666666667 55.1666666666667 29.8333333333333 38.4583333333333 "郊区环境评价点" 117.1 40.143
"平谷" 20160601 30.4166666666667 78.375 0.691666666666667 27.4583333333333 103.666666666667 9.20833333333333 "郊区环境评价点" 117.1 40.143
"平谷" 20160320 70.2916666666667 93.2916666666667 0.9375 39.8333333333333 54.2916666666667 10.0416666666667 "郊区环境评价点" 117.1 40.143
"平谷" 20160517 61.7083333333333 78.8333333333333 0.758333333333333 30.3333333333333 133.958333333333 12.4583333333333 "郊区环境评价点" 117.1 40.143
"平谷" 20160312 83.8333333333333 68.5416666666667 1.29583333333333 43.8333333333333 42.125 31.9166666666667 "郊区环境评价点" 117.1 40.143
"平谷" 20160410 62.3333333333333 172.458333333333 0.9625 32.1666666666667 64.125 21.875 "郊区环境评价点" 117.1 40.143
"平谷" 20161018 78.7083333333333 71.4583333333333 1.42916666666667 44.2916666666667 23.75 14.0833333333333 "郊区环境评价点" 117.1 40.143
"平谷" 20160218 56.5416666666667 109.708333333333 1.44166666666667 20.4166666666667 64.75 8.08333333333333 "郊区环境评价点" 117.1 40.143
"平谷" 20161201 18.9166666666667 69.625 0.604166666666667 37.1666666666667 38.5 5.375 "郊区环境评价点" 117.1 40.143
"平谷" 20160629 82.0416666666667 82 0.845833333333333 14.875 116.25 2 "郊区环境评价点" 117.1 40.143
"平谷" 20160225 34.125 44.4166666666667 0.833333333333333 24.4166666666667 54.625 11.7916666666667 "郊区环境评价点" 117.1 40.143
"平谷" 20160706 70.7916666666667 100.75 0.966666666666667 20 165.791666666667 5.58333333333333 "郊区环境评价点" 117.1 40.143
"平谷" 20160903 17.8333333333333 27.25 0.229166666666667 19.5833333333333 56.5 2.16666666666667 "郊区环境评价点" 117.1 40.143
"平谷" 20160910 17.875 31.9166666666667 0.308333333333333 21.5416666666667 74.875 2.83333333333333 "郊区环境评价点" 117.1 40.143
"平谷" 20160713 20.4090909090909 60 0.441666666666667 18.9583333333333 107.916666666667 2.04166666666667 "郊区环境评价点" 117.1 40.143
"平谷" 20161115 36.2916666666667 32.875 0.833333333333333 40.6666666666667 26.7083333333333 15.0833333333333 "郊区环境评价点" 117.1 40.143
"平谷" 20160125 24.1666666666667 32.2916666666667 0.883333333333333 13.2083333333333 76.8333333333333 7.41666666666667 "郊区环境评价点" 117.1 40.143
"平谷" 20160522 49.9583333333333 78.9583333333333 0.641666666666667 23.9583333333333 144.5 8.16666666666667 "郊区环境评价点" 117.1 40.143
"平谷" 20160317 228.625 280.083333333333 1.65416666666667 43.4583333333333 95 39.0833333333333 "郊区环境评价点" 117.1 40.143
"平谷" 20161129 65.7916666666667 78.1666666666667 1.75416666666667 59.625 6.875 26.0416666666667 "郊区环境评价点" 117.1 40.143
"平谷" 20160605 57.9166666666667 105.833333333333 0.816666666666667 17.7916666666667 153.833333333333 17.9583333333333 "郊区环境评价点" 117.1 40.143
"平谷" 20160407 72.8333333333333 163.291666666667 0.666666666666667 23 74.125 9.20833333333333 "郊区环境评价点" 117.1 40.143
"平谷" 20160810 73.5454545454545 86.65 0.85 13.3181818181818 122.909090909091 2 "郊区环境评价点" 117.1 40.143
"平谷" 20160215 9.91304347826087 25.0869565217391 0.395652173913043 4.1304347826087 74.7391304347826 2.69565217391304 "郊区环境评价点" 117.1 40.143
"平谷" 20161220 307.083333333333 297.782608695652 6.52083333333333 94.4583333333333 4.95833333333333 4.91666666666667 "郊区环境评价点" 117.1 40.143
"平谷" 20160626 47.25 87.5 0.675 23.7083333333333 161.666666666667 8.95833333333333 "郊区环境评价点" 117.1 40.143
"平谷" 20160222 76.625 116.304347826087 1.06666666666667 22.4583333333333 56.4166666666667 23.4166666666667 "郊区环境评价点" 117.1 40.143
"平谷" 20161227 27.1666666666667 32.5833333333333 0.729166666666667 32.2916666666667 37.2916666666667 6.875 "郊区环境评价点" 117.1 40.143
"平谷" 20160703 48.5 76.4166666666667 0.704166666666667 17.9166666666667 148.666666666667 7.375 "郊区环境评价点" 117.1 40.143
"平谷" 20160108 26.9583333333333 24.5 0.658333333333333 15.9583333333333 58.9583333333333 10.3333333333333 "郊区环境评价点" 117.1 40.143
"平谷" 20160130 78.2083333333333 149 2.2125 29.2083333333333 43 15.3333333333333 "郊区环境评价点" 117.1 40.143
"平谷" 20160307 43 134.291666666667 0.920833333333333 18.7916666666667 61.7916666666667 8.45833333333333 "郊区环境评价点" 117.1 40.143
"平谷" 20160914 65.25 117.083333333333 0.933333333333333 26.7083333333333 110.458333333333 7.125 "郊区环境评价点" 117.1 40.143
"平谷" 20160717 78.7083333333333 76.0416666666667 0.975 20.2916666666667 115.333333333333 2.66666666666667 "郊区环境评价点" 117.1 40.143
"平谷" 20160610 76.5833333333333 122.75 0.7375 12.4166666666667 150.833333333333 3.29166666666667 "郊区环境评价点" 117.1 40.143
"平谷" 20160129 146.166666666667 217.375 3.49583333333333 54 23.75 39 "郊区环境评价点" 117.1 40.143
"平谷" 20160724 51.0526315789474 95.9444444444444 0.783333333333333 8.25 116.083333333333 2 "郊区环境评价点" 117.1 40.143
"平谷" 20160321 107.875 112.625 1.125 44.125 83.5833333333333 18.375 "郊区环境评价点" 117.1 40.143
"平谷" 20161203 220.791666666667 167.416666666667 2.625 89.3333333333333 7.91666666666667 27.2916666666667 "郊区环境评价点" 117.1 40.143
"平谷" 20160609 119.238095238095 162.45 1.23809523809524 17.5238095238095 187.047619047619 9.04761904761905 "郊区环境评价点" 117.1 40.143
"平谷" 20160411 46.5789473684211 110 0.943478260869565 27.5652173913043 68.6521739130435 22.9565217391304 "郊区环境评价点" 117.1 40.143
"平谷" 20161019 214.875 198.833333333333 1.89583333333333 55.1666666666667 43.7083333333333 12.7083333333333 "郊区环境评价点" 117.1 40.143
"平谷" 20160219 19.7916666666667 32.25 0.708333333333333 15.625 69.4583333333333 6.95833333333333 "郊区环境评价点" 117.1 40.143
"平谷" 20161202 82.4166666666667 64.875 1.43333333333333 66.2916666666667 15.2083333333333 18.8333333333333 "郊区环境评价点" 117.1 40.143
"平谷" 20160630 68.625 108.5 0.633333333333333 16.4583333333333 113.333333333333 2 "郊区环境评价点" 117.1 40.143
"平谷" 20160226 42.0909090909091 52.9583333333333 0.916666666666667 26.9583333333333 54.5416666666667 13.0833333333333 "郊区环境评价点" 117.1 40.143
"平谷" 20160707 95.8333333333333 112.166666666667 1.1125 17.875 166.958333333333 8.91666666666667 "郊区环境评价点" 117.1 40.143
"平谷" 20160904 81.75 81.875 1.35833333333333 25.125 103.958333333333 9.79166666666667 "郊区环境评价点" 117.1 40.143
"平谷" 20160911 30.1666666666667 56.5416666666667 0.6375 14.9166666666667 85 2.33333333333333 "郊区环境评价点" 117.1 40.143
"平谷" 20160714 28.1666666666667 55.4583333333333 0.641666666666667 19.9583333333333 114.5 2.54166666666667 "郊区环境评价点" 117.1 40.143
"平谷" 20161116 90.2173913043478 85 1.50869565217391 62.7391304347826 13.5652173913043 18.1304347826087 "郊区环境评价点" 117.1 40.143
"平谷" 20160126 39.2083333333333 49 1.17083333333333 18.3333333333333 68 9.91666666666667 "郊区环境评价点" 117.1 40.143
"平谷" 20160523 68.2916666666667 81.4583333333333 1.45833333333333 32.5416666666667 102.875 14.8333333333333 "郊区环境评价点" 117.1 40.143
"平谷" 20160318 151.958333333333 278.041666666667 1.24583333333333 31.8333333333333 76.2916666666667 14.5 "郊区环境评价点" 117.1 40.143
"平谷" 20161130 102.166666666667 126.875 1.80833333333333 62.4583333333333 21.8333333333333 16.2916666666667 "郊区环境评价点" 117.1 40.143
"平谷" 20160606 65.4583333333333 89.9583333333333 0.966666666666667 18.75 150.5 11.7916666666667 "郊区环境评价点" 117.1 40.143
"平谷" 20160408 20 62.3333333333333 0.345833333333333 21.625 70.9166666666667 7.125 "郊区环境评价点" 117.1 40.143
"平谷" 20160811 68.5 95.5 0.766666666666667 14.2083333333333 118.291666666667 2.54166666666667 "郊区环境评价点" 117.1 40.143
"平谷" 20160216 18.0833333333333 51.375 0.775 14.25 66.2083333333333 5.41666666666667 "郊区环境评价点" 117.1 40.143
"平谷" 20161221 379.583333333333 386.041666666667 7.70833333333333 117.208333333333 4.75 11.7916666666667 "郊区环境评价点" 117.1 40.143
"平谷" 20160627 65.75 86.7916666666667 0.779166666666667 25.75 141.125 10.875 "郊区环境评价点" 117.1 40.143
"平谷" 20160223 10.75 47.625 0.38 6.08333333333333 79.2916666666667 4.40909090909091 "郊区环境评价点" 117.1 40.143
"平谷" 20161228 73.8333333333333 95.9166666666667 1.30833333333333 42.25 27.4166666666667 10.0833333333333 "郊区环境评价点" 117.1 40.143
"平谷" 20160704 95.7916666666667 109.375 1.39166666666667 19.9166666666667 138.333333333333 12.7916666666667 "郊区环境评价点" 117.1 40.143
"平谷" 20160109 78.9166666666667 81.5833333333333 1.84583333333333 40.0833333333333 31.875 22.375 "郊区环境评价点" 117.1 40.143
"平谷" 20160131 18.75 44.4166666666667 0.958333333333333 9.5 82.4166666666667 4.91666666666667 "郊区环境评价点" 117.1 40.143
"平谷" 20160308 8.27777777777778 35.8571428571429 0.227777777777778 5.55555555555556 81.5555555555556 2 "郊区环境评价点" 117.1 40.143
"平谷" 20160915 40.5416666666667 79.7916666666667 0.8625 24.2083333333333 130.125 6.58333333333333 "郊区环境评价点" 117.1 40.143
"平谷" 20160718 58 104.25 0.754166666666667 18.25 106.625 4.5 "郊区环境评价点" 117.1 40.143
"平谷" 20160611 8.375 58.2916666666667 0.295833333333333 12.0416666666667 82 2.375 "郊区环境评价点" 117.1 40.143
"平谷" 20160413 135.5 139.958333333333 1.0625 33.5416666666667 73.0833333333333 14.9166666666667 "郊区环境评价点" 117.1 40.143
"平谷" 20160725 30.3076923076923 84.3 0.608695652173913 8.91304347826087 97.0434782608696 2 "郊区环境评价点" 117.1 40.143
"平谷" 20160322 89.9166666666667 143.041666666667 1.21304347826087 42.7916666666667 61.375 18.625 "郊区环境评价点" 117.1 40.143
"平谷" 20161204 255.666666666667 335.083333333333 3.00833333333333 82.2916666666667 12.7916666666667 19.8333333333333 "郊区环境评价点" 117.1 40.143
"平谷" 20160427 81.3181818181818 100.818181818182 1.0304347826087 34.2608695652174 87.1739130434783 12.4347826086957 "郊区环境评价点" 117.1 40.143
"平谷" 20160412 64.4166666666667 81.7916666666667 0.666666666666667 30.375 53.3333333333333 12.0416666666667 "郊区环境评价点" 117.1 40.143
"平谷" 20161020 80.4166666666667 210.083333333333 1.2375 42 31.8333333333333 10.9583333333333 "郊区环境评价点" 117.1 40.143
"平谷" 20160220 23.7083333333333 25.9565217391304 0.591666666666667 13.5 68.25 10.125 "郊区环境评价点" 117.1 40.143
"平谷" 20160419 64.1578947368421 70 1.33684210526316 41 54.1052631578947 8.16666666666667 "郊区环境评价点" 117.1 40.143
"平谷" 20160426 74.5833333333333 111.583333333333 1.37083333333333 34.75 107.291666666667 25 "郊区环境评价点" 117.1 40.143
"平谷" 20160227 43.5416666666667 73.75 0.879166666666667 23.7083333333333 56.0833333333333 11.0833333333333 "郊区环境评价点" 117.1 40.143
"平谷" 20160708 61.3333333333333 101 1.2 21.0833333333333 102.416666666667 8.20833333333333 "郊区环境评价点" 117.1 40.143
"平谷" 20160905 22.5416666666667 64.375 0.258333333333333 20.3333333333333 68 2.20833333333333 "郊区环境评价点" 117.1 40.143
"平谷" 20160113 18.2916666666667 25.8333333333333 0.533333333333333 15.7083333333333 66.7083333333333 8.25 "郊区环境评价点" 117.1 40.143
"平谷" 20160715 31.7916666666667 57.125 0.608333333333333 17.1666666666667 71.2083333333333 2 "郊区环境评价点" 117.1 40.143
"平谷" 20160608 105.791666666667 104.333333333333 1.1375 24.5416666666667 135.166666666667 3.25 "郊区环境评价点" 117.1 40.143
"平谷" 20160919 10 22.2916666666667 0.204166666666667 19.4166666666667 39 2.25 "郊区环境评价点" 117.1 40.143
"平谷" 20160722 72.1363636363636 83.25 1.1125 14.4583333333333 88.6666666666667 2.04166666666667 "郊区环境评价点" 117.1 40.143
"平谷" 20160615 14.875 45.125 0.375 11.25 91.625 2 "郊区环境评价点" 117.1 40.143
"平谷" 20160203 71.7083333333333 83.8333333333333 2.30833333333333 33.2916666666667 42.5833333333333 17.5 "郊区环境评价点" 117.1 40.143
"平谷" 20160607 45.625 82.5416666666667 0.754166666666667 16.125 112.041666666667 2.58333333333333 "郊区环境评价点" 117.1 40.143
"平谷" 20160210 91.4583333333333 80 2.22916666666667 33.4166666666667 52.9166666666667 42.125 "郊区环境评价点" 117.1 40.143
"平谷" 20160812 63.8666666666667 92.4615384615385 0.793333333333333 17.4666666666667 53.9333333333333 2.06666666666667 "郊区环境评价点" 117.1 40.143
"平谷" 20160614 22.695652173913 49.4782608695652 0.443478260869565 13.0869565217391 87.3913043478261 2 "郊区环境评价点" 117.1 40.143
"平谷" 20161222 156.75 367.333333333333 3.27083333333333 52.25 35.1666666666667 7.54166666666667 "郊区环境评价点" 117.1 40.143
"平谷" 20161024 43.375 54.5 0.833333333333333 51.375 6.375 4.625 "郊区环境评价点" 117.1 40.143
"平谷" 20160621 111.782608695652 126.958333333333 1.03333333333333 15.7083333333333 165.333333333333 2.79166666666667 "郊区环境评价点" 117.1 40.143
"平谷" 20160917 32.4583333333333 88.1666666666667 0.604166666666667 22.5833333333333 34 2.41666666666667 "郊区环境评价点" 117.1 40.143
"平谷" 20160302 135.958333333333 181.25 1.6625 41.7083333333333 57 25.7916666666667 "郊区环境评价点" 117.1 40.143
"平谷" 20160110 74 108.826086956522 1.82083333333333 38.0416666666667 38.4166666666667 21 "郊区环境评价点" 117.1 40.143
"平谷" 20160201 14.25 29.0416666666667 0.916666666666667 7.66666666666667 84.7916666666667 2.83333333333333 "郊区环境评价点" 117.1 40.143
"平谷" 20160309 9.375 23.6363636363636 0.291666666666667 5.41666666666667 74.6666666666667 4.90909090909091 "郊区环境评价点" 117.1 40.143
"平谷" 20160916 112.916666666667 129.458333333333 1.01666666666667 21.375 116.166666666667 10 "郊区环境评价点" 117.1 40.143
"平谷" 20160719 101.291666666667 96.0416666666667 1.34166666666667 20.4583333333333 63.7083333333333 3.45833333333333 "郊区环境评价点" 117.1 40.143
"平谷" 20160612 66.3333333333333 82.2083333333333 1.35833333333333 19.375 156.958333333333 11.1666666666667 "郊区环境评价点" 117.1 40.143
"平谷" 20160414 34.304347826087 110.136363636364 0.308695652173913 12.8695652173913 90.4782608695652 5.1304347826087 "郊区环境评价点" 117.1 40.143
"平谷" 20160726 12.7826086956522 35.125 0.4375 8.45833333333333 97.5416666666667 2.25 "郊区环境评价点" 117.1 40.143
"平谷" 20160323 16.875 95.875 0.325 14.0416666666667 74.2083333333333 3.75 "郊区环境评价点" 117.1 40.143
"平谷" 20161205 80.7916666666667 224.521739130435 1.4375 40 34.9583333333333 9.70833333333333 "郊区环境评价点" 117.1 40.143
"平谷" 20160428 71.8095238095238 102.916666666667 0.825 26.3333333333333 103.125 9.75 "郊区环境评价点" 117.1 40.143
"平谷" 20160229 25.0416666666667 37.625 0.525 14.7083333333333 70.7916666666667 8 "郊区环境评价点" 117.1 40.143
"平谷" 20161021 33.9583333333333 60.4166666666667 0.583333333333333 29.0416666666667 15.625 3.41666666666667 "郊区环境评价点" 117.1 40.143
"平谷" 20160221 62.7083333333333 60.2916666666667 1.14166666666667 28.0416666666667 50.25 25.4166666666667 "郊区环境评价点" 117.1 40.143
"平谷" 20160420 55.625 80.2142857142857 0.788888888888889 17.9090909090909 84.1052631578947 24.7368421052632 "郊区环境评价点" 117.1 40.143
"平谷" 20160206 30.7916666666667 27.7916666666667 0.720833333333333 12.8333333333333 71.4166666666667 10.75 "郊区环境评价点" 117.1 40.143
"平谷" 20160228 34.1666666666667 60.625 0.658333333333333 13.625 62.375 6.125 "郊区环境评价点" 117.1 40.143
"平谷" 20160709 74.5416666666667 87.75 0.895833333333333 18.375 115.5 6.125 "郊区环境评价点" 117.1 40.143
"平谷" 20160906 22.6666666666667 40.4705882352941 0.288888888888889 25.3333333333333 53.7777777777778 2.77777777777778 "郊区环境评价点" 117.1 40.143
"平谷" 20160114 64.125 57.1666666666667 1.725 43.625 34.7916666666667 23.625 "郊区环境评价点" 117.1 40.143
"平谷" 20160716 28.75 49.25 0.541666666666667 22.125 80.2083333333333 2.91666666666667 "郊区环境评价点" 117.1 40.143
"平谷" 20160731 35.5416666666667 81.7083333333333 0.975 11.5833333333333 81.125 2 "郊区环境评价点" 117.1 40.143
"平谷" 20160920 14.875 28.2916666666667 0.2375 26.3333333333333 54.4166666666667 3.375 "郊区环境评价点" 117.1 40.143
"平谷" 20160723 84.125 101.666666666667 1.0625 12.375 106.25 2 "郊区环境评价点" 117.1 40.143
"平谷" 20160616 25.1666666666667 63.1666666666667 0.458333333333333 18.6666666666667 124.75 2.29166666666667 "郊区环境评价点" 117.1 40.143
"平谷" 20160204 24.3478260869565 67.8333333333333 0.679166666666667 10 81.25 6.95833333333333 "郊区环境评价点" 117.1 40.143
"平谷" 20161026 48.3333333333333 102.473684210526 0.785714285714286 36.5714285714286 26.6190476190476 5.38095238095238 "郊区环境评价点" 117.1 40.143
"平谷" 20160211 212.708333333333 210.125 4.19166666666667 50.2083333333333 22.7916666666667 62.9166666666667 "郊区环境评价点" 117.1 40.143
"平谷" 20160813 17.8333333333333 54.6666666666667 0.5375 15.375 31.4583333333333 2 "郊区环境评价点" 117.1 40.143
"平谷" 20160304 424.958333333333 401.833333333333 5.66666666666667 99.25 8.91666666666667 41.0833333333333 "郊区环境评价点" 117.1 40.143
"平谷" 20161223 23.7222222222222 73.9375 0.65 26.6111111111111 41.6111111111111 7.16666666666667 "郊区环境评价点" 117.1 40.143
"平谷" 20161025 86.2916666666667 92 1.10833333333333 64.125 9.33333333333333 4.91666666666667 "郊区环境评价点" 117.1 40.143
"平谷" 20160622 46.875 107.416666666667 0.645833333333333 14.9583333333333 158.375 2.16666666666667 "郊区环境评价点" 117.1 40.143
"平谷" 20160918 16.7916666666667 32.8636363636364 0.316666666666667 17.4166666666667 18.5 2.20833333333333 "郊区环境评价点" 117.1 40.143
"平谷" 20160303 255.875 213 3.04583333333333 61.6666666666667 60.875 59.9166666666667 "郊区环境评价点" 117.1 40.143
"平谷" 20160111 10.3333333333333 50.5833333333333 0.3875 7.125 76.9583333333333 3.125 "郊区环境评价点" 117.1 40.143
"平谷" 20160202 29.0454545454545 30.1666666666667 1.24583333333333 12.6666666666667 80.75 8.78260869565217 "郊区环境评价点" 117.1 40.143
"平谷" 20160310 9.95833333333333 25.1666666666667 0.333333333333333 6 73.75 7.66666666666667 "郊区环境评价点" 117.1 40.143
"平谷" 20160325 25.6363636363636 50.1904761904762 0.654545454545455 26.5 59.7727272727273 7.63636363636364 "郊区环境评价点" 117.1 40.143
"平谷" 20160720 21.6666666666667 92.6666666666667 0.479166666666667 6.625 51.125 2.33333333333333 "郊区环境评价点" 117.1 40.143
"平谷" 20160613 39.75 75.125 0.554166666666667 14.7083333333333 113.333333333333 2.375 "郊区环境评价点" 117.1 40.143
"平谷" 20160415 58.4166666666667 66.0416666666667 1.31666666666667 36.5 65.5 22.125 "郊区环境评价点" 117.1 40.143
"平谷" 20160727 46.6666666666667 74.375 0.6625 11.25 154.541666666667 2.08333333333333 "郊区环境评价点" 117.1 40.143
"平谷" 20160324 10.875 28.5 0.345833333333333 14.9583333333333 73.2083333333333 2.375 "郊区环境评价点" 117.1 40.143
"平谷" 20161206 77.4166666666667 60.4583333333333 1.76666666666667 66.375 14.75 18.2083333333333 "郊区环境评价点" 117.1 40.143
"平谷" 20160429 98.125 99.0833333333333 1.35 27.25 123.25 20.875 "郊区环境评价点" 117.1 40.143
"平谷" 20160301 104.333333333333 90.125 1.49166666666667 43.3809523809524 37.7 24.9047619047619 "郊区环境评价点" 117.1 40.143
"平谷" 20161022 11.9166666666667 32.9166666666667 0.420833333333333 18.2916666666667 24.4166666666667 2.25 "郊区环境评价点" 117.1 40.143
"平谷" 20160619 55.1666666666667 87.2916666666667 0.670833333333333 24.0833333333333 163.5 4.20833333333333 "郊区环境评价点" 117.1 40.143
"平谷" 20160421 86 97.1818181818182 0.454545454545455 14.0909090909091 91 14 "郊区环境评价点" 117.1 40.143
"平谷" 20160207 70.25 79.6666666666667 1.2375 17.5 61.375 19.6666666666667 "郊区环境评价点" 117.1 40.143
"平谷" 20160802 26.5 56.55 0.645454545454545 9.22727272727273 115.590909090909 2.13636363636364 "郊区环境评价点" 117.1 40.143
"平谷" 20160922 78.9130434782609 81.0869565217391 0.869565217391304 28.6521739130435 95.6086956521739 14.4347826086957 "郊区环境评价点" 117.1 40.143
"平谷" 20160816 NA NA NA NA NA NA "郊区环境评价点" 117.1 40.143
"平谷" 20160115 122.916666666667 119.916666666667 2.53333333333333 61.1666666666667 29.1666666666667 37.6666666666667 "郊区环境评价点" 117.1 40.143
"平谷" 20160327 21.2083333333333 43.125 0.4625 24.75 59.375 4.04166666666667 "郊区环境评价点" 117.1 40.143
"平谷" 20160801 35.75 53.2083333333333 0.995833333333333 10.125 81.5833333333333 2.54166666666667 "郊区环境评价点" 117.1 40.143
"平谷" 20160921 48.2916666666667 50.5833333333333 0.8 35.3333333333333 52.625 8.58333333333333 "郊区环境评价点" 117.1 40.143
"平谷" 20160815 32.4166666666667 58.3333333333333 1.275 19.4166666666667 59.5 4.58333333333333 "郊区环境评价点" 117.1 40.143
"平谷" 20160617 24.875 62.0833333333333 0.420833333333333 21.8333333333333 88.2631578947368 3.08333333333333 "郊区环境评价点" 117.1 40.143
"平谷" 20160205 9.75 28.8333333333333 0.329166666666667 3.45833333333333 90.4583333333333 2.75 "郊区环境评价点" 117.1 40.143
"平谷" 20160822 58.2083333333333 86.75 1.00416666666667 19.1666666666667 126.291666666667 4.5 "郊区环境评价点" 117.1 40.143
"平谷" 20160328 85.7916666666667 76.9583333333333 0.920833333333333 40.875 66.9166666666667 22.5416666666667 "郊区环境评价点" 117.1 40.143
"平谷" 20160814 19.125 59.4166666666667 0.579166666666667 13.7916666666667 100.5 2.58333333333333 "郊区环境评价点" 117.1 40.143
"平谷" 20160305 43.9166666666667 290.625 0.375 9.75 76.3333333333333 6.16666666666667 "郊区环境评价点" 117.1 40.143
"平谷" 20161224 81.7916666666667 72.2083333333333 1.8125 61.5 9.08333333333333 17.625 "郊区环境评价点" 117.1 40.143
"平谷" 20160418 21.75 52.5 0.275 15.25 78.7 2.45 "郊区环境评价点" 117.1 40.143
"平谷" 20160623 106.375 122 1.57083333333333 27.9583333333333 113.041666666667 6.58333333333333 "郊区环境评价点" 117.1 40.143
"平谷" 20160804 106.625 111.541666666667 1.75833333333333 12.0833333333333 145.541666666667 3.04166666666667 "郊区环境评价点" 117.1 40.143
"平谷" 20161209 21.4782608695652 50.5714285714286 0.682608695652174 32.304347826087 38.5217391304348 6.65217391304348 "郊区环境评价点" 117.1 40.143
"平谷" 20160112 14.25 24.0869565217391 0.430434782608696 10.1666666666667 72.4166666666667 5.66666666666667 "郊区环境评价点" 117.1 40.143
"平谷" 20160417 13.25 43.5714285714286 0.266666666666667 19.4583333333333 76.7916666666667 3.58333333333333 "郊区环境评价点" 117.1 40.143
"平谷" 20160311 19.9583333333333 48.2083333333333 0.525 16.4166666666667 65.9166666666667 6.58333333333333 "郊区环境评价点" 117.1 40.143
"平谷" 20160326 18.3333333333333 45.5833333333333 0.445833333333333 23.6666666666667 60.1666666666667 3.75 "郊区环境评价点" 117.1 40.143
"平谷" 20160721 33.1818181818182 21 0.791666666666667 12.7916666666667 38.5833333333333 2 "郊区环境评价点" 117.1 40.143
"平谷" 20160402 6.20833333333333 50.25 0.216666666666667 5.40909090909091 84.5 5.33333333333333 "郊区环境评价点" 117.1 40.143
"平谷" 20160416 23.2916666666667 83.2916666666667 0.275 11.2916666666667 76.9583333333333 5.08333333333333 "郊区环境评价点" 117.1 40.143
"平谷" 20160728 42.6666666666667 76.7916666666667 0.577272727272727 13.1666666666667 132.583333333333 2.08333333333333 "郊区环境评价点" 117.1 40.143
"平谷" 20160819 18.2083333333333 48.5 0.6625 12.5416666666667 79.6666666666667 2.04166666666667 "郊区环境评价点" 117.1 40.143
"平谷" 20161207 96.9565217391304 126.391304347826 1.92173913043478 65.3913043478261 12.8260869565217 22.4782608695652 "郊区环境评价点" 117.1 40.143
"平谷" 20160430 103.875 148.541666666667 1.0625 25.75 133.791666666667 12.2083333333333 "郊区环境评价点" 117.1 40.143
"平谷" 20160618 35.875 80.2083333333333 0.525 24 134.458333333333 5.45833333333333 "郊区环境评价点" 117.1 40.143
"平谷" 20161023 11.0833333333333 26.0833333333333 0.4625 33.875 19.625 4.54166666666667 "郊区环境评价点" 117.1 40.143
"平谷" 20160620 90.7083333333333 112.208333333333 0.895833333333333 17.8333333333333 190.375 5.66666666666667 "郊区环境评价点" 117.1 40.143
"平谷" 20160422 44.8333333333333 153.958333333333 0.204166666666667 6.63636363636364 103.083333333333 2.08333333333333 "郊区环境评价点" 117.1 40.143
"平谷" 20160208 262.2 260.166666666667 1.20833333333333 21.2083333333333 61.1666666666667 72.0833333333333 "郊区环境评价点" 117.1 40.143
"平谷" 20160803 52.1904761904762 79.1666666666667 0.847619047619048 12.3333333333333 140.761904761905 2.14285714285714 "郊区环境评价点" 117.1 40.143
"平谷" 20160923 134.291666666667 154.875 0.983333333333333 33.5416666666667 109.625 6.41666666666667 "郊区环境评价点" 117.1 40.143
"平谷" 20160817 61.0833333333333 58.5 0.75 26.1666666666667 81.5 3.16666666666667 "郊区环境评价点" 117.1 40.143
"平谷" 20160116 188.708333333333 216.583333333333 3.79583333333333 73.0833333333333 16.9166666666667 50 "郊区环境评价点" 117.1 40.143
"平谷" 20160805 57.5 100.291666666667 0.691666666666667 11.6666666666667 104.958333333333 2.04166666666667 "郊区环境评价点" 117.1 40.143
"平谷" 20160824 69.1666666666667 83.5416666666667 0.695833333333333 23.8333333333333 111.083333333333 3.375 "郊区环境评价点" 117.1 40.143
"平谷" 20160330 28.375 54.625 0.5625 24.75 64 39.7916666666667 "郊区环境评价点" 117.1 40.143
"平谷" 20160118 10.2083333333333 35.375 0.4875 3.5 82.0416666666667 2.04166666666667 "郊区环境评价点" 117.1 40.143
"平谷" 20160730 99.4761904761905 157.2 1.88095238095238 12.1904761904762 119.809523809524 2.47619047619048 "郊区环境评价点" 117.1 40.143
"平谷" 20160821 55.7083333333333 76.75 0.766666666666667 20.5833333333333 136.333333333333 2.70833333333333 "郊区环境评价点" 117.1 40.143
"平谷" 20160823 59.5 76.875 0.879166666666667 26.2083333333333 95.7916666666667 7.95833333333333 "郊区环境评价点" 117.1 40.143
"平谷" 20160329 13.6363636363636 86.9545454545455 0.304166666666667 15.625 74.875 10.625 "郊区环境评价点" 117.1 40.143
"平谷" 20160117 50.4583333333333 158.458333333333 1.12083333333333 23.4583333333333 59.6666666666667 12.1666666666667 "郊区环境评价点" 117.1 40.143
"平谷" 20160306 75.0416666666667 111.875 1.425 40.5 39.3333333333333 29.5833333333333 "郊区环境评价点" 117.1 40.143
"平谷" 20160504 20.4166666666667 56.875 0.320833333333333 25.4166666666667 81.125 3.29166666666667 "郊区环境评价点" 117.1 40.143
"平谷" 20161208 84.9166666666667 148.826086956522 1.3875 43.0416666666667 35.0833333333333 11.5416666666667 "郊区环境评价点" 117.1 40.143
"平谷" 20160501 173.041666666667 180.625 2.1 31.9583333333333 157.041666666667 27.9583333333333 "郊区环境评价点" 117.1 40.143
"平谷" 20160209 46.6666666666667 92.3333333333333 1.1625 17.5 70.2083333333333 20.5416666666667 "郊区环境评价点" 117.1 40.143
"平谷" 20160423 17.9166666666667 75.6666666666667 0.354166666666667 16.7916666666667 79.75 3.79166666666667 "郊区环境评价点" 117.1 40.143
"平谷" 20160503 21.875 52.7916666666667 0.225 11.3333333333333 88.0416666666667 2.20833333333333 "郊区环境评价点" 117.1 40.143
"平谷" 20160403 18.25 51.0833333333333 0.270833333333333 15.9166666666667 74.5833333333333 9.54166666666667 "郊区环境评价点" 117.1 40.143
"平谷" 20160502 32.625 144.375 0.283333333333333 8.79166666666667 87.4166666666667 3.375 "郊区环境评价点" 117.1 40.143
"平谷" 20160425 78.2916666666667 104.541666666667 0.766666666666667 20.6666666666667 130.25 16.2083333333333 "郊区环境评价点" 117.1 40.143
"平谷" 20160924 121 153.791666666667 0.8875 25.7083333333333 124.25 8.41666666666667 "郊区环境评价点" 117.1 40.143
"平谷" 20160331 102.875 107.333333333333 1.09583333333333 27.875 95.0416666666667 36.75 "郊区环境评价点" 117.1 40.143
"平谷" 20160119 51.8181818181818 36.6666666666667 1.46666666666667 36.5833333333333 43.75 11.8333333333333 "郊区环境评价点" 117.1 40.143
"平谷" 20160729 113.5 107.25 1.62916666666667 11.25 160.333333333333 2.66666666666667 "郊区环境评价点" 117.1 40.143
"平谷" 20160820 34.125 49.5833333333333 0.791666666666667 24.0833333333333 85.0833333333333 2.08333333333333 "郊区环境评价点" 117.1 40.143
"平谷" 20160925 146.25 202.791666666667 1.55833333333333 27.75 114.958333333333 13.5833333333333 "郊区环境评价点" 117.1 40.143
"平谷" 20160818 62.6086956521739 88.3478260869565 1.4 17.2608695652174 46.304347826087 3.21739130434783 "郊区环境评价点" 117.1 40.143
"平谷" 20160401 39.0416666666667 142.625 0.445833333333333 12.25 82.25 10.7916666666667 "郊区环境评价点" 117.1 40.143
"平谷" 20160806 82.1739130434783 98.8571428571429 0.839130434782609 12.695652173913 129.217391304348 2 "郊区环境评价点" 117.1 40.143
"平谷" 20160825 28.375 80.75 0.245833333333333 15.4166666666667 63.0416666666667 2.08333333333333 "郊区环境评价点" 117.1 40.143
"平谷" 20160424 55.0869565217391 70.2083333333333 0.6375 26.2916666666667 96.5416666666667 19.5 "郊区环境评价点" 117.1 40.143
