"东四环" 20160405 121.291666666667 142.458333333333 1.075 64.9166666666667 49.375 22.7083333333333 "交通污染监控点" 116.483 39.939
"东四环" 20160930 111.041666666667 118.416666666667 1.10416666666667 113.5 42.375 9.41666666666667 "交通污染监控点" 116.483 39.939
"东四环" 20160404 72.9130434782609 71.0434782608696 0.595652173913043 54 64.304347826087 17.2173913043478 "交通污染监控点" 116.483 39.939
"东四环" 20160707 104.5 128.222222222222 0.866666666666667 80 160.555555555556 3.88888888888889 "交通污染监控点" 116.483 39.939
"东四环" 20160928 20.125 41.6666666666667 0.6625 64.0416666666667 15.5416666666667 5.58333333333333 "交通污染监控点" 116.483 39.939
"东四环" 20160929 64.9166666666667 70.1666666666667 0.9625 92.2916666666667 30.5 11.2083333333333 "交通污染监控点" 116.483 39.939
"东四环" 20160716 44.5652173913044 56.9130434782609 0.591304347826087 50.6086956521739 45.9130434782609 2.17391304347826 "交通污染监控点" 116.483 39.939
"东四环" 20160715 44.5416666666667 69.375 0.645833333333333 66.2916666666667 34.125 2.08333333333333 "交通污染监控点" 116.483 39.939
"东四环" 20160304 336.391304347826 396.25 5.4625 97.2916666666667 2.41666666666667 51.3333333333333 "交通污染监控点" 116.483 39.939
"东四环" 20161001 169.708333333333 190.416666666667 1.57916666666667 130.125 32.375 13.1666666666667 "交通污染监控点" 116.483 39.939
"东四环" 20161002 194.375 232.041666666667 1.35833333333333 110.291666666667 29.1666666666667 6.83333333333333 "交通污染监控点" 116.483 39.939
"东四环" 20160316 244 245.521739130435 2.61304347826087 112.04347826087 35.2173913043478 46 "交通污染监控点" 116.483 39.939
"东四环" 20160709 78.9583333333333 111.583333333333 0.5875 54.5833333333333 76 2.08333333333333 "交通污染监控点" 116.483 39.939
"东四环" 20160713 24.9166666666667 53.0416666666667 0.441666666666667 56.3333333333333 79.75 2.45833333333333 "交通污染监控点" 116.483 39.939
"东四环" 20160326 12.304347826087 56.4782608695652 0.321739130434783 31.2173913043478 59.7391304347826 3.39130434782609 "交通污染监控点" 116.483 39.939
"东四环" 20160325 23.7727272727273 55.9047619047619 0.668181818181818 58.2272727272727 39.0909090909091 8.13636363636364 "交通污染监控点" 116.483 39.939
"东四环" 20160406 145.458333333333 142.652173913043 2.09583333333333 84.3333333333333 27.4583333333333 36.2083333333333 "交通污染监控点" 116.483 39.939
"东四环" 20160708 88.25 118.708333333333 1.1125 71.5 68.875 2.16666666666667 "交通污染监控点" 116.483 39.939
"东四环" 20160101 234.708333333333 209 5.15416666666667 106.291666666667 2.20833333333333 38.0833333333333 "交通污染监控点" 116.483 39.939
"东四环" 20160307 40.7083333333333 124.541666666667 1.17826086956522 34.4782608695652 42.1304347826087 15.6818181818182 "交通污染监控点" 116.483 39.939
"东四环" 20160710 84.7083333333333 121.826086956522 0.558333333333333 41.7916666666667 89.6666666666667 2 "交通污染监控点" 116.483 39.939
"东四环" 20160831 24.5 66.1666666666667 0.475 51.5 46.5 4.5 "交通污染监控点" 116.483 39.939
"东四环" 20161004 35.6666666666667 105.958333333333 0.825 51.2083333333333 9.875 4.375 "交通污染监控点" 116.483 39.939
"东四环" 20160115 141.958333333333 155.125 4.14166666666667 96.125 4.95833333333333 50.5416666666667 "交通污染监控点" 116.483 39.939
"东四环" 20160717 93.4782608695652 88.8260869565217 1.0304347826087 84.8260869565217 78.2173913043478 2.82608695652174 "交通污染监控点" 116.483 39.939
"东四环" 20160714 46.1818181818182 66.2916666666667 0.9 79.5833333333333 62.7916666666667 5.41666666666667 "交通污染监控点" 116.483 39.939
"东四环" 20160210 112.958333333333 106.291666666667 3.4 74.875 10.125 57.2916666666667 "交通污染监控点" 116.483 39.939
"东四环" 20160205 8.95652173913044 25.6521739130435 0.347826086956522 18.6086956521739 60.4782608695652 6.65217391304348 "交通污染监控点" 116.483 39.939
"东四环" 20160313 23.1666666666667 97.0416666666667 0.525 26.75 69.7916666666667 8.25 "交通污染监控点" 116.483 39.939
"东四环" 20160731 59.8333333333333 128.291666666667 NA 65.0833333333333 37.5 2 "交通污染监控点" 116.483 39.939
"东四环" 20160310 10 35.5 0.433333333333333 19.25 63.625 2 "交通污染监控点" 116.483 39.939
"东四环" 20161005 58.8181818181818 62.7272727272727 1.12727272727273 54.8636363636364 17.6363636363636 3.95454545454545 "交通污染监控点" 116.483 39.939
"东四环" 20160327 16.0909090909091 49.2272727272727 0.104545454545455 38.1363636363636 58.2272727272727 4.40909090909091 "交通污染监控点" 116.483 39.939
"东四环" 20160312 102.083333333333 81.5833333333333 1.85416666666667 89.9583333333333 13.6666666666667 41.75 "交通污染监控点" 116.483 39.939
"东四环" 20161210 58.1666666666667 67.5833333333333 1.75833333333333 83.0833333333333 7.5 16.2916666666667 "交通污染监控点" 116.483 39.939
"东四环" 20160206 25.375 34.0833333333333 0.841666666666667 46.25 36.25 13.9583333333333 "交通污染监控点" 116.483 39.939
"东四环" 20160502 48.9090909090909 154.5 0.329166666666667 19.625 62 3.25 "交通污染监控点" 116.483 39.939
"东四环" 20160828 14.5416666666667 53.375 0.404166666666667 62.1304347826087 4.04166666666667 4.58333333333333 "交通污染监控点" 116.483 39.939
"东四环" 20160306 88.2916666666667 131.791666666667 2.15 76.75 6.58333333333333 39.5 "交通污染监控点" 116.483 39.939
"东四环" 20161112 84.6666666666667 120.333333333333 1.89583333333333 80.5 6 15.7916666666667 "交通污染监控点" 116.483 39.939
"东四环" 20160904 81.1666666666667 86.125 0.9125 61.125 69.2083333333333 6.45833333333333 "交通污染监控点" 116.483 39.939
"东四环" 20161003 116 195.086956521739 1.04347826086957 73.8260869565217 28.1739130434783 5.56521739130435 "交通污染监控点" 116.483 39.939
"东四环" 20161109 189.125 154.458333333333 3.34583333333333 84.125 2.04347826086957 19.2083333333333 "交通污染监控点" 116.483 39.939
"东四环" 20160305 55.625 246.541666666667 0.470833333333333 20.4583333333333 59.5416666666667 6.25 "交通污染监控点" 116.483 39.939
"东四环" 20160202 26.125 33.375 0.9125 60.2083333333333 24.625 16.5416666666667 "交通污染监控点" 116.483 39.939
"东四环" 20160728 51.695652173913 66.2173913043478 0.571428571428571 45.6521739130435 77.1739130434783 3.19047619047619 "交通污染监控点" 116.483 39.939
"东四环" 20160317 263.714285714286 282.583333333333 2.36666666666667 115.083333333333 34.2083333333333 38.7916666666667 "交通污染监控点" 116.483 39.939
"东四环" 20160209 49 73.9583333333333 1.52916666666667 57.1666666666667 24.2916666666667 25.625 "交通污染监控点" 116.483 39.939
"东四环" 20160211 170.583333333333 210.791666666667 3.52083333333333 70.8333333333333 4.625 43.8333333333333 "交通污染监控点" 116.483 39.939
"东四环" 20160309 7.95454545454545 23.05 0.4 20.9090909090909 57.6363636363636 3.47368421052632 "交通污染监控点" 116.483 39.939
"东四环" 20160712 36.0416666666667 89.0833333333333 0.4625 46.0833333333333 47.2083333333333 2.04166666666667 "交通污染监控点" 116.483 39.939
"东四环" 20160407 112.695652173913 221.458333333333 1.12916666666667 48.7083333333333 46.5416666666667 8.41666666666667 "交通污染监控点" 116.483 39.939
"东四环" 20160112 15.5416666666667 29.8695652173913 0.670833333333333 36.9166666666667 37 10.8333333333333 "交通污染监控点" 116.483 39.939
"东四环" 20160102 335.083333333333 337.652173913043 5.80833333333333 119.416666666667 2.16666666666667 43 "交通污染监控点" 116.483 39.939
"东四环" 20160308 11 41.6428571428571 0.45 25.6666666666667 59.2777777777778 4 "交通污染监控点" 116.483 39.939
"东四环" 20160711 84 102.666666666667 0.458333333333333 41.25 91.9166666666667 2 "交通污染监控点" 116.483 39.939
"东四环" 20160901 9.75 47.9583333333333 0.341666666666667 44.9583333333333 29.7083333333333 3.29166666666667 "交通污染监控点" 116.483 39.939
"东四环" 20160207 52.5416666666667 70 1.775 48.5 34.8333333333333 22.875 "交通污染监控点" 116.483 39.939
"东四环" 20160116 121.791666666667 164.791666666667 2.65 75.0833333333333 3.20833333333333 49.7916666666667 "交通污染监控点" 116.483 39.939
"东四环" 20160718 119.666666666667 152.333333333333 1.38333333333333 97.875 28.2916666666667 2.79166666666667 "交通污染监控点" 116.483 39.939
"东四环" 20160505 64.125 79.3333333333333 1.20869565217391 94.375 42.2083333333333 18.125 "交通污染监控点" 116.483 39.939
"东四环" 20161113 110 108.5 2.72916666666667 56.7083333333333 2 13.875 "交通污染监控点" 116.483 39.939
"东四环" 20160314 77.7391304347826 73.3913043478261 1.41739130434783 68.2173913043478 33.1304347826087 26.8695652173913 "交通污染监控点" 116.483 39.939
"东四环" 20161120 57.9583333333333 118.208333333333 1.22916666666667 39.5 5.45833333333333 6 "交通污染监控点" 116.483 39.939
"东四环" 20160801 66.375 84.5416666666667 1.68461538461538 63.5416666666667 54.4166666666667 2.29166666666667 "交通污染监控点" 116.483 39.939
"东四环" 20160321 136.173913043478 135.347826086957 1.46086956521739 103.608695652174 48.7391304347826 29.2608695652174 "交通污染监控点" 116.483 39.939
"东四环" 20161006 70.0833333333333 101.541666666667 1.6125 60.2916666666667 3 6.04166666666667 "交通污染监控点" 116.483 39.939
"东四环" 20160328 85.2083333333333 91.875 0.875 81.2083333333333 35.9583333333333 23.9166666666667 "交通污染监控点" 116.483 39.939
"东四环" 20161119 125.181818181818 233.272727272727 1.95 59.1363636363636 14.5714285714286 10.1363636363636 "交通污染监控点" 116.483 39.939
"东四环" 20161211 230.833333333333 180.347826086957 4.6875 115.5 5 41.5 "交通污染监控点" 116.483 39.939
"东四环" 20160212 157.083333333333 197.541666666667 2.37083333333333 57.125 14 24.6666666666667 "交通污染监控点" 116.483 39.939
"东四环" 20160503 20.375 61.1666666666667 0.345833333333333 26.7916666666667 58.2916666666667 3.33333333333333 "交通污染监控点" 116.483 39.939
"东四环" 20160829 22.5416666666667 52.875 0.5375 70.1666666666667 17.8333333333333 4.41666666666667 "交通污染监控点" 116.483 39.939
"东四环" 20160425 97.0416666666667 122.25 0.75 49.9583333333333 84.6521739130435 16.4583333333333 "交通污染监控点" 116.483 39.939
"东四环" 20160113 22.3636363636364 36.9166666666667 1.00833333333333 51 29.7916666666667 16.4166666666667 "交通污染监控点" 116.483 39.939
"东四环" 20160905 28.4166666666667 72.5 0.333333333333333 43.8333333333333 62.625 2.45833333333333 "交通污染监控点" 116.483 39.939
"东四环" 20160319 75.7083333333333 138.041666666667 1.24583333333333 70.75 30.875 21.4583333333333 "交通污染监控点" 116.483 39.939
"东四环" 20161110 154.916666666667 247.875 1.86666666666667 50.2083333333333 9.45833333333333 9.125 "交通污染监控点" 116.483 39.939
"东四环" 20160311 24.5652173913043 57.4347826086956 0.973913043478261 53.2608695652174 39.304347826087 4.95652173913043 "交通污染监控点" 116.483 39.939
"东四环" 20160203 38.9166666666667 50.6666666666667 1.31666666666667 70.3333333333333 13.3333333333333 23.9583333333333 "交通污染监控点" 116.483 39.939
"东四环" 20160729 121.708333333333 124.875 NA 83.3333333333333 70.125 2.08333333333333 "交通污染监控点" 116.483 39.939
"东四环" 20160318 209.208333333333 336.416666666667 2.1 104.958333333333 31.4583333333333 17.5416666666667 "交通污染监控点" 116.483 39.939
"东四环" 20160805 64.4166666666667 110.458333333333 0.7375 66.2083333333333 51.25 3.375 "交通污染监控点" 116.483 39.939
"东四环" 20160918 21.9583333333333 54.1818181818182 0.458333333333333 48.7083333333333 6.45833333333333 2.45833333333333 "交通污染监控点" 116.483 39.939
"东四环" 20160217 43.875 43.4166666666667 1.1375 55.125 30.9166666666667 17.2916666666667 "交通污染监控点" 116.483 39.939
"东四环" 20161010 102.125 98.1666666666667 1.45909090909091 140.095238095238 5.20833333333333 17.9047619047619 "交通污染监控点" 116.483 39.939
"东四环" 20160408 34.8333333333333 86.5833333333333 0.358333333333333 46.25 61.4166666666667 5.08333333333333 "交通污染监控点" 116.483 39.939
"东四环" 20160430 189.5 239.789473684211 4.65789473684211 96.0526315789474 44.4736842105263 20.5263157894737 "交通污染监控点" 116.483 39.939
"东四环" 20160103 236 399.458333333333 3.575 75.4583333333333 5.20833333333333 24.75 "交通污染监控点" 116.483 39.939
"东四环" 20160302 193.083333333333 225.958333333333 3.775 113.25 17.125 45.0833333333333 "交通污染监控点" 116.483 39.939
"东四环" 20160507 18 55.2916666666667 0.420833333333333 44.1666666666667 71.8333333333333 3.54166666666667 "交通污染监控点" 116.483 39.939
"东四环" 20160902 16.75 52.7916666666667 0.4 43.3333333333333 16.375 5 "交通污染监控点" 116.483 39.939
"东四环" 20160208 150.791666666667 178.541666666667 1.2 41.8333333333333 38.4583333333333 35.875 "交通污染监控点" 116.483 39.939
"东四环" 20160117 37.25 115.541666666667 0.716666666666667 35.125 44.1666666666667 11.5833333333333 "交通污染监控点" 116.483 39.939
"东四环" 20160719 82.6666666666667 131.458333333333 1.24166666666667 55.0416666666667 6.58333333333333 2.29166666666667 "交通污染监控点" 116.483 39.939
"东四环" 20160506 75.1304347826087 160.521739130435 0.226086956521739 13.9565217391304 82.7826086956522 2 "交通污染监控点" 116.483 39.939
"东四环" 20161114 53.6521739130435 147.608695652174 1.22608695652174 36.4782608695652 32.695652173913 6.43478260869565 "交通污染监控点" 116.483 39.939
"东四环" 20160315 128.4 122.1 1.535 73.1 31.55 51.55 "交通污染监控点" 116.483 39.939
"东四环" 20161121 10.8181818181818 60.4347826086956 0.356521739130435 27.3913043478261 46.5909090909091 2.47826086956522 "交通污染监控点" 116.483 39.939
"东四环" 20160802 56.6818181818182 96.8 1.09545454545455 68.6363636363636 62.6363636363636 2.36363636363636 "交通污染监控点" 116.483 39.939
"东四环" 20160322 123.041666666667 192.791666666667 1.7875 95.4583333333333 19.625 35.4166666666667 "交通污染监控点" 116.483 39.939
"东四环" 20161007 41.9166666666667 70.9583333333333 1.58333333333333 49.9166666666667 4.625 3.375 "交通污染监控点" 116.483 39.939
"东四环" 20160329 21.8260869565217 123.190476190476 0.434782608695652 36.8695652173913 61.4545454545455 7.34782608695652 "交通污染监控点" 116.483 39.939
"东四环" 20160427 97.2380952380952 115.652173913043 1.10833333333333 111.208333333333 46.3333333333333 15.2083333333333 "交通污染监控点" 116.483 39.939
"东四环" 20161212 239.947368421053 291.105263157895 3.22631578947368 85.8421052631579 3.42105263157895 40 "交通污染监控点" 116.483 39.939
"东四环" 20160213 9.16666666666667 112.5 0.225 12.2916666666667 58.0833333333333 4.5 "交通污染监控点" 116.483 39.939
"东四环" 20160504 32.7916666666667 55.2083333333333 0.795833333333333 99.3333333333333 36.2916666666667 8.5 "交通污染监控点" 116.483 39.939
"东四环" 20160830 34.0416666666667 67.6666666666667 0.645833333333333 62.8333333333333 90.4583333333333 5.20833333333333 "交通污染监控点" 116.483 39.939
"东四环" 20160426 88.695652173913 133.541666666667 1.55833333333333 95.7916666666667 51.875 30.9583333333333 "交通污染监控点" 116.483 39.939
"东四环" 20160114 75.1304347826087 76.0434782608696 2.39130434782609 79.6521739130435 16.3478260869565 32.1739130434783 "交通污染监控点" 116.483 39.939
"东四环" 20160906 24 57.4117647058824 0.422222222222222 52.8888888888889 32 4.5 "交通污染监控点" 116.483 39.939
"东四环" 20160320 67.875 89.5416666666667 1.09166666666667 72.2083333333333 37.7083333333333 14.2083333333333 "交通污染监控点" 116.483 39.939
"东四环" 20161111 90.375 136.541666666667 2.04583333333333 65.375 2.8695652173913 13.5833333333333 "交通污染监控点" 116.483 39.939
"东四环" 20160920 27.0833333333333 56.5416666666667 0.7375 71.7083333333333 26.5833333333333 4.70833333333333 "交通污染监控点" 116.483 39.939
"东四环" 20160204 16.6666666666667 43 0.658333333333333 41.7916666666667 38.4583333333333 11.2916666666667 "交通污染监控点" 116.483 39.939
"东四环" 20160730 154.65 195.947368421053 NA 63.45 42.05 2 "交通污染监控点" 116.483 39.939
"东四环" 20160410 62.5 145.75 0.995833333333333 67.4583333333333 37.375 18.125 "交通污染监控点" 116.483 39.939
"东四环" 20160806 109.565217391304 126.238095238095 0.873913043478261 68.8695652173913 67.4347826086957 2.52173913043478 "交通污染监控点" 116.483 39.939
"东四环" 20160919 12.1666666666667 33.2083333333333 0.358333333333333 45.2916666666667 23.875 2.33333333333333 "交通污染监控点" 116.483 39.939
"东四环" 20160218 16.2916666666667 51.3333333333333 0.491666666666667 24.9583333333333 60.3333333333333 7.95833333333333 "交通污染监控点" 116.483 39.939
"东四环" 20161011 129.541666666667 173.375 1.55217391304348 79.25 10.1666666666667 12.5416666666667 "交通污染监控点" 116.483 39.939
"东四环" 20160409 106.958333333333 118.875 0.95 80.1666666666667 33.4583333333333 17.9583333333333 "交通污染监控点" 116.483 39.939
"东四环" 20160501 188.913043478261 230.608695652174 2.01739130434783 64.1739130434783 101.826086956522 25.4347826086957 "交通污染监控点" 116.483 39.939
"东四环" 20160104 52.5652173913044 175.869565217391 1.08333333333333 43.0833333333333 36.6666666666667 8.125 "交通污染监控点" 116.483 39.939
"东四环" 20160303 303.208333333333 268.916666666667 4.325 111.333333333333 7.75 55.2916666666667 "交通污染监控点" 116.483 39.939
"东四环" 20160508 64.9130434782609 87.5 0.883333333333333 69.9166666666667 68.4583333333333 20.5 "交通污染监控点" 116.483 39.939
"东四环" 20160903 22.3333333333333 47.0416666666667 0.341666666666667 42.7916666666667 56.4166666666667 3.5 "交通污染监控点" 116.483 39.939
"东四环" 20160910 19.0416666666667 45.0416666666667 0.445833333333333 59.2083333333333 40.375 3.5 "交通污染监控点" 116.483 39.939
"东四环" 20160118 10.625 38.4583333333333 0.429166666666667 22.5416666666667 51.5 5.70833333333333 "交通污染监控点" 116.483 39.939
"东四环" 20160720 31.9166666666667 77.2083333333333 0.604166666666667 30.3333333333333 21.5 2.08333333333333 "交通污染监控点" 116.483 39.939
"东四环" 20160324 15.625 42.25 0.491666666666667 55.1666666666667 37.5416666666667 5.33333333333333 "交通污染监控点" 116.483 39.939
"东四环" 20161115 59.9545454545455 53 1.85454545454545 77.6666666666667 7.04761904761905 18.1363636363636 "交通污染监控点" 116.483 39.939
"东四环" 20160909 20.5 54.0833333333333 0.404166666666667 50.75 34.125 3.25 "交通污染监控点" 116.483 39.939
"东四环" 20161122 8.08333333333333 36.125 0.283333333333333 21.625 57.5416666666667 3.875 "交通污染监控点" 116.483 39.939
"东四环" 20160803 62.3333333333333 79.1666666666667 0.866666666666667 64.3809523809524 108.238095238095 2.33333333333333 "交通污染监控点" 116.483 39.939
"东四环" 20160323 24.0416666666667 98.9166666666667 0.691666666666667 53.9166666666667 33.1666666666667 6.29166666666667 "交通污染监控点" 116.483 39.939
"东四环" 20161008 14.0416666666667 41.0416666666667 0.508333333333333 31.0416666666667 38.4583333333333 3.33333333333333 "交通污染监控点" 116.483 39.939
"东四环" 20160330 30 63.3333333333333 0.7125 69.2916666666667 38 11.1666666666667 "交通污染监控点" 116.483 39.939
"东四环" 20160428 92.4583333333333 139.916666666667 1.2 97.6666666666667 63.0416666666667 12.0416666666667 "交通污染监控点" 116.483 39.939
"东四环" 20161213 75.2352941176471 238.176470588235 1.48823529411765 48.4705882352941 25.3125 12.1764705882353 "交通污染监控点" 116.483 39.939
"东四环" 20160214 6.83333333333333 20.9583333333333 0.1625 14.4583333333333 64.9583333333333 3.95833333333333 "交通污染监控点" 116.483 39.939
"东四环" 20161022 18.25 49.625 0.7125 46.125 11.0909090909091 3.16666666666667 "交通污染监控点" 116.483 39.939
"东四环" 20160108 38.1363636363636 30.9583333333333 1.05416666666667 54.5416666666667 21 15.0833333333333 "交通污染监控点" 116.483 39.939
"东四环" 20160907 43.0714285714286 65.75 0.742857142857143 77.9285714285714 72.5 7.78571428571429 "交通污染监控点" 116.483 39.939
"东四环" 20160512 40.7 150 0.445833333333333 39.5217391304348 53.875 2.83333333333333 "交通污染监控点" 116.483 39.939
"东四环" 20161227 38.2608695652174 39.4347826086956 0.795652173913043 48.4782608695652 21.8636363636364 10.0434782608696 "交通污染监控点" 116.483 39.939
"东四环" 20160122 20.1363636363636 110.041666666667 0.595833333333333 20.3333333333333 51.6666666666667 6 "交通污染监控点" 116.483 39.939
"东四环" 20160519 86.9130434782609 104.652173913043 0.795652173913043 78.5652173913043 139.521739130435 16.5217391304348 "交通污染监控点" 116.483 39.939
"东四环" 20160921 77.875 81.75 1.3 104.833333333333 5.625 7.75 "交通污染监控点" 116.483 39.939
"东四环" 20160129 58 125.583333333333 2.00833333333333 58.4166666666667 7.79166666666667 43.1666666666667 "交通污染监控点" 116.483 39.939
"东四环" 20161013 169.208333333333 157.041666666667 1.80833333333333 96.2916666666667 18.4583333333333 11 "交通污染监控点" 116.483 39.939
"东四环" 20160411 39.0434782608696 100.947368421053 0.730434782608696 67.1739130434783 33.1739130434783 11.8695652173913 "交通污染监控点" 116.483 39.939
"东四环" 20160807 23.2173913043478 83.05 0.51304347826087 44.0434782608696 66.0869565217391 2.1304347826087 "交通污染监控点" 116.483 39.939
"东四环" 20160106 31.875 67.375 1.10833333333333 44.25 31.4583333333333 12.9166666666667 "交通污染监控点" 116.483 39.939
"东四环" 20160219 17.4782608695652 38.4166666666667 0.929166666666667 42.8333333333333 37.2083333333333 10.0833333333333 "交通污染监控点" 116.483 39.939
"东四环" 20161012 80.7916666666667 122.208333333333 1.1375 70.4583333333333 17.7083333333333 8.70833333333333 "交通污染监控点" 116.483 39.939
"东四环" 20160616 28.5833333333333 58.625 0.4375 66.25 67.0416666666667 3.41666666666667 "交通污染监控点" 116.483 39.939
"东四环" 20161019 238.458333333333 226.208333333333 2.61666666666667 120.416666666667 5 10.4166666666667 "交通污染监控点" 116.483 39.939
"东四环" 20160105 32.0416666666667 34.5416666666667 0.920833333333333 50.5416666666667 28.5833333333333 10 "交通污染监控点" 116.483 39.939
"东四环" 20160623 80.2272727272727 104.818181818182 1.10909090909091 81.9090909090909 64.2272727272727 3.54545454545455 "交通污染监控点" 116.483 39.939
"东四环" 20160509 39 84.5416666666667 0.5875 65.5 33.875 7 "交通污染监控点" 116.483 39.939
"东四环" 20161224 135.791666666667 111.583333333333 3.09166666666667 111.125 3.83333333333333 29.1666666666667 "交通污染监控点" 116.483 39.939
"东四环" 20160911 41.4166666666667 72.0416666666667 0.820833333333333 66.7916666666667 48.7916666666667 3.125 "交通污染监控点" 116.483 39.939
"东四环" 20160119 64.7916666666667 66.0416666666667 1.94782608695652 76.125 10.0416666666667 26 "交通污染监控点" 116.483 39.939
"东四环" 20160721 40.8461538461538 31.7391304347826 0.865217391304348 43.6818181818182 11.3913043478261 2 "交通污染监控点" 116.483 39.939
"东四环" 20160126 26.9583333333333 44.4583333333333 0.679166666666667 40.375 40.2083333333333 16.8333333333333 "交通污染监控点" 116.483 39.939
"东四环" 20161116 123.363636363636 133 2.81363636363636 60.1818181818182 4.13636363636364 16.8181818181818 "交通污染监控点" 116.483 39.939
"东四环" 20160401 38.8333333333333 166.75 0.404166666666667 36 43.2916666666667 8.25 "交通污染监控点" 116.483 39.939
"东四环" 20161123 13.9583333333333 21.125 0.408333333333333 27.5833333333333 39.3478260869565 6.79166666666667 "交通污染监控点" 116.483 39.939
"东四环" 20160804 107.541666666667 111.625 1.47916666666667 81.4583333333333 89 2.375 "交通污染监控点" 116.483 39.939
"东四环" 20160216 7.56521739130435 51.2173913043478 0.373913043478261 15.9130434782609 66.0869565217391 4.34782608695652 "交通污染监控点" 116.483 39.939
"东四环" 20161009 41.5416666666667 64.25 0.970833333333333 104.833333333333 9.54166666666667 9.29166666666667 "交通污染监控点" 116.483 39.939
"东四环" 20160331 136.227272727273 126.041666666667 1.55416666666667 92.4166666666667 44.0416666666667 40.1666666666667 "交通污染监控点" 116.483 39.939
"东四环" 20160429 132.958333333333 111.083333333333 2.02916666666667 91.1304347826087 58.75 22.9583333333333 "交通污染监控点" 116.483 39.939
"东四环" 20161214 41.6666666666667 41 0.816666666666667 52.4166666666667 30 12.75 "交通污染监控点" 116.483 39.939
"东四环" 20160215 6.83333333333333 26.6666666666667 0.316666666666667 11.2916666666667 66.2916666666667 4.5 "交通污染监控点" 116.483 39.939
"东四环" 20161023 33.5 54.8333333333333 0.825 65.6666666666667 11.5833333333333 6.20833333333333 "交通污染监控点" 116.483 39.939
"东四环" 20160109 81.5416666666667 96.8333333333333 2.04166666666667 76.7083333333333 7.58333333333333 24.25 "交通污染监控点" 116.483 39.939
"东四环" 20160908 26.2916666666667 60.7916666666667 0.5625 52.5 47.3333333333333 4.16666666666667 "交通污染监控点" 116.483 39.939
"东四环" 20160513 40.1666666666667 88.0833333333333 0.85 113.791666666667 50.2916666666667 10.375 "交通污染监控点" 116.483 39.939
"东四环" 20161228 72.4583333333333 108.583333333333 0.970833333333333 32.375 29.4583333333333 9.25 "交通污染监控点" 116.483 39.939
"东四环" 20160123 11.1666666666667 32.25 0.491666666666667 26.125 47.625 5.41666666666667 "交通污染监控点" 116.483 39.939
"东四环" 20160520 94.3636363636364 124.5 1.13636363636364 123.681818181818 86.9545454545455 20.5 "交通污染监控点" 116.483 39.939
"东四环" 20160922 107.958333333333 119.625 1.1875 88.0833333333333 22.1666666666667 6.66666666666667 "交通污染监控点" 116.483 39.939
"东四环" 20160130 44.5 66.0416666666667 1.34166666666667 58.6666666666667 18.9166666666667 22.6666666666667 "交通污染监控点" 116.483 39.939
"东四环" 20161014 233.208333333333 270.291666666667 2.225 94.4583333333333 17.8333333333333 11.2916666666667 "交通污染监控点" 116.483 39.939
"东四环" 20160412 62.75 80.375 0.8875 69.125 21.3333333333333 10.625 "交通污染监控点" 116.483 39.939
"东四环" 20160808 36.8333333333333 60.8823529411765 0.75 62.1666666666667 48.8333333333333 2.33333333333333 "交通污染监控点" 116.483 39.939
"东四环" 20160107 11.4166666666667 30.7826086956522 0.520833333333333 26.9583333333333 44.2083333333333 8.125 "交通污染监控点" 116.483 39.939
"东四环" 20160220 12.9583333333333 28.4782608695652 0.4375 25.5833333333333 56.875 6 "交通污染监控点" 116.483 39.939
"东四环" 20160511 150.583333333333 127.833333333333 1 67.7083333333333 98.4166666666667 10.5833333333333 "交通污染监控点" 116.483 39.939
"东四环" 20160617 27.0416666666667 62.3333333333333 0.470833333333333 74.2083333333333 33.5416666666667 3.33333333333333 "交通污染监控点" 116.483 39.939
"东四环" 20161020 105.5 254.041666666667 1.50454545454545 73.2727272727273 4.5 6.81818181818182 "交通污染监控点" 116.483 39.939
"东四环" 20160121 133.666666666667 181.916666666667 3.0625 56.1666666666667 3.08333333333333 31.625 "交通污染监控点" 116.483 39.939
"东四环" 20160624 22.4583333333333 77.125 0.326086956521739 43.5 51.75 2.79166666666667 "交通污染监控点" 116.483 39.939
"东四环" 20160510 46.75 69.8333333333333 0.616666666666667 50.4583333333333 76.4166666666667 5.54166666666667 "交通污染监控点" 116.483 39.939
"东四环" 20161225 183 214.166666666667 3.55 108.25 4 37.4166666666667 "交通污染监控点" 116.483 39.939
"东四环" 20160912 42.0833333333333 58.75 0.795833333333333 70.2916666666667 40 3.91666666666667 "交通污染监控点" 116.483 39.939
"东四环" 20160120 152.416666666667 153.5 4.51666666666667 79 3.66666666666667 70.875 "交通污染监控点" 116.483 39.939
"东四环" 20160722 83.7058823529412 81.3529411764706 1.01764705882353 62.4705882352941 39.2352941176471 4.88235294117647 "交通污染监控点" 116.483 39.939
"东四环" 20160127 116.208333333333 93.25 3.0375 96.2083333333333 4.625 52.5 "交通污染监控点" 116.483 39.939
"东四环" 20161117 136.708333333333 181.708333333333 3.1 66.7727272727273 2.39130434782609 24.6666666666667 "交通污染监控点" 116.483 39.939
"东四环" 20160402 9 91.0416666666667 0.354166666666667 30.2083333333333 48.0833333333333 3.41666666666667 "交通污染监控点" 116.483 39.939
"东四环" 20161124 77.2916666666667 52.8333333333333 1.84583333333333 82.7916666666667 8.58333333333333 20.5 "交通污染监控点" 116.483 39.939
"东四环" 20161216 121.75 81.7083333333333 2.81666666666667 112.041666666667 4.04166666666667 28.25 "交通污染监控点" 116.483 39.939
"东四环" 20160416 20.625 88.4166666666667 0.258333333333333 25.125 55.8333333333333 3.33333333333333 "交通污染监控点" 116.483 39.939
"东四环" 20160812 76.5333333333333 106.692307692308 0.66 43.4666666666667 35.3333333333333 2 "交通污染监控点" 116.483 39.939
"东四环" 20160423 30.5833333333333 70.7083333333333 0.541666666666667 61.2083333333333 42.0833333333333 6.08333333333333 "交通污染监控点" 116.483 39.939
"东四环" 20160224 27.9166666666667 44.25 1.08333333333333 54.9583333333333 35.8333333333333 15.7083333333333 "交通污染监控点" 116.483 39.939
"东四环" 20161215 35.5416666666667 64.4166666666667 1.02916666666667 42.625 35.0869565217391 11.125 "交通污染监控点" 116.483 39.939
"东四环" 20160826 11.7916666666667 41.3333333333333 0.341666666666667 57.0416666666667 37.75 2.41666666666667 "交通污染监控点" 116.483 39.939
"东四环" 20161024 77.1666666666667 75.2083333333333 1.38333333333333 65.1666666666667 2.5 10.6666666666667 "交通污染监控点" 116.483 39.939
"东四环" 20160110 64.125 99.304347826087 2.1625 70.625 8.41666666666667 30.2916666666667 "交通污染监控点" 116.483 39.939
"东四环" 20160628 77.7083333333333 90.75 0.579166666666667 69.0833333333333 33.4583333333333 2 "交通污染监控点" 116.483 39.939
"东四环" 20160514 40.875 65.4166666666667 0.579166666666667 67.8333333333333 44.0416666666667 2.625 "交通污染监控点" 116.483 39.939
"东四环" 20160705 98.8333333333333 145.458333333333 0.766666666666667 57.6666666666667 111.291666666667 3.20833333333333 "交通污染监控点" 116.483 39.939
"东四环" 20160124 10.1666666666667 52.6666666666667 0.370833333333333 20.4166666666667 53.625 6.33333333333333 "交通污染监控点" 116.483 39.939
"东四环" 20160521 76.375 113.666666666667 0.958333333333333 98.304347826087 81.4583333333333 19.875 "交通污染监控点" 116.483 39.939
"东四环" 20160923 139.8 159.095238095238 1.41904761904762 105.2 46.3333333333333 3.47619047619048 "交通污染监控点" 116.483 39.939
"东四环" 20160131 12.1666666666667 40.125 0.441666666666667 30.5 50.25 7.83333333333333 "交通污染监控点" 116.483 39.939
"东四环" 20161015 183.913043478261 256.130434782609 2.54347826086957 89.695652173913 2 12.7826086956522 "交通污染监控点" 116.483 39.939
"东四环" 20160413 127.583333333333 143.25 1.25416666666667 78.2083333333333 40.4583333333333 11.9583333333333 "交通污染监控点" 116.483 39.939
"东四环" 20160809 65.6363636363636 68.7333333333333 1.29333333333333 63.2666666666667 111.333333333333 6.33333333333333 "交通污染监控点" 116.483 39.939
"东四环" 20161220 370.708333333333 360.217391304348 8.00833333333333 117.458333333333 3.79166666666667 12.8333333333333 "交通污染监控点" 116.483 39.939
"东四环" 20160221 92.375 76.125 2.19166666666667 64.8333333333333 21.7083333333333 31.625 "交通污染监控点" 116.483 39.939
"东四环" 20161029 31.3333333333333 51.5 0.833333333333333 72.7916666666667 14.7916666666667 9.54166666666667 "交通污染监控点" 116.483 39.939
"东四环" 20160618 49.9166666666667 74.6666666666667 0.620833333333333 60.3333333333333 91.4166666666667 6.45833333333333 "交通污染监控点" 116.483 39.939
"东四环" 20161021 49.75 75.25 0.991666666666667 57.5833333333333 5.29166666666667 2.5 "交通污染监控点" 116.483 39.939
"东四环" 20161105 199.75 288.826086956522 3.10833333333333 91.8333333333333 11.6086956521739 7 "交通污染监控点" 116.483 39.939
"东四环" 20160625 21.1666666666667 46.6666666666667 0.408333333333333 64.6086956521739 60.9166666666667 3.16666666666667 "交通污染监控点" 116.483 39.939
"东四环" 20160526 27.6666666666667 67.1666666666667 0.420833333333333 48.5833333333333 81.7083333333333 3.91666666666667 "交通污染监控点" 116.483 39.939
"东四环" 20161226 64 172.04347826087 1.4 65.1363636363636 12.3913043478261 20.7826086956522 "交通污染监控点" 116.483 39.939
"东四环" 20160913 95.9166666666667 99 1.17916666666667 83.9565217391304 38.875 4.79166666666667 "交通污染监控点" 116.483 39.939
"东四环" 20161126 308.875 312.875 4.6625 104.458333333333 6.375 22.125 "交通污染监控点" 116.483 39.939
"东四环" 20160723 24.5 91.75 1.15 55.5 38.75 2 "交通污染监控点" 116.483 39.939
"东四环" 20160128 163.875 216 3.775 89.5416666666667 7.41666666666667 52.5833333333333 "交通污染监控点" 116.483 39.939
"东四环" 20161118 210.565217391304 212.695652173913 4.38260869565217 87.9565217391304 2.21739130434783 26.1739130434783 "交通污染监控点" 116.483 39.939
"东四环" 20160403 17.625 57.1666666666667 0.45 37.4166666666667 56.8333333333333 4.41666666666667 "交通污染监控点" 116.483 39.939
"东四环" 20161125 179.958333333333 183.75 3.19583333333333 98.375 5.39130434782609 22.7916666666667 "交通污染监控点" 116.483 39.939
"东四环" 20161217 250.291666666667 236.416666666667 4.12916666666667 107.291666666667 3.81818181818182 34.5416666666667 "交通污染监控点" 116.483 39.939
"东四环" 20160417 10.4166666666667 56.5238095238095 0.225 14.25 84.2083333333333 2.08333333333333 "交通污染监控点" 116.483 39.939
"东四环" 20160813 24.9166666666667 57.7916666666667 0.520833333333333 45.7083333333333 18.9583333333333 3.5 "交通污染监控点" 116.483 39.939
"东四环" 20160424 89.125 84.25 0.9625 59.7916666666667 66.7916666666667 26.0833333333333 "交通污染监控点" 116.483 39.939
"东四环" 20160225 20.7083333333333 51.9583333333333 0.804166666666667 45.6666666666667 39.4166666666667 12.125 "交通污染监控点" 116.483 39.939
"东四环" 20160516 38.8260869565217 90.9166666666667 0.6375 74 65.4583333333333 7.5 "交通污染监控点" 116.483 39.939
"东四环" 20160827 19.9166666666667 63.1666666666667 0.504166666666667 80.5416666666667 30.25 5.45833333333333 "交通污染监控点" 116.483 39.939
"东四环" 20161025 119.25 133.5 1.74166666666667 49 2.125 11.7083333333333 "交通污染监控点" 116.483 39.939
"东四环" 20160111 12.7916666666667 51.0416666666667 0.545833333333333 31.9583333333333 44.7916666666667 8.5 "交通污染监控点" 116.483 39.939
"东四环" 20160629 114 129.125 0.758333333333333 59.2916666666667 47.4166666666667 2 "交通污染监控点" 116.483 39.939
"东四环" 20160515 39.0416666666667 67.0416666666667 0.65 51.5833333333333 35.2916666666667 3.83333333333333 "交通污染监控点" 116.483 39.939
"东四环" 20160706 62.1666666666667 123.166666666667 0.616666666666667 54.3333333333333 74.6666666666667 3.5 "交通污染监控点" 116.483 39.939
"东四环" 20160125 18.875 43.9583333333333 0.608333333333333 41.9583333333333 40.9583333333333 16 "交通污染监控点" 116.483 39.939
"东四环" 20160522 55.0416666666667 99.2083333333333 0.854166666666667 79.375 92.9583333333333 11.375 "交通污染监控点" 116.483 39.939
"东四环" 20160924 126.291666666667 159.75 1.02916666666667 100.375 50.6666666666667 4.33333333333333 "交通污染监控点" 116.483 39.939
"东四环" 20160201 14.4090909090909 28.875 0.654166666666667 39.1666666666667 38.9583333333333 12.1666666666667 "交通污染监控点" 116.483 39.939
"东四环" 20161016 116.291666666667 201.958333333333 1.05833333333333 59.5 22.5416666666667 4.79166666666667 "交通污染监控点" 116.483 39.939
"东四环" 20160414 31.9565217391304 108.863636363636 0.465217391304348 60.3913043478261 47.7391304347826 5.21739130434783 "交通污染监控点" 116.483 39.939
"东四环" 20160810 79.7368421052632 96.4 0.713636363636364 38.2272727272727 83.5909090909091 2.04545454545455 "交通污染监控点" 116.483 39.939
"东四环" 20161221 389.083333333333 412.458333333333 7.92083333333333 131.304347826087 3.17391304347826 15.4583333333333 "交通污染监控点" 116.483 39.939
"东四环" 20160222 69.8333333333333 125.782608695652 1.35 39.125 40.75 16.9583333333333 "交通污染监控点" 116.483 39.939
"东四环" 20161030 58.125 75.375 1 55.0416666666667 18.7083333333333 10.4583333333333 "交通污染监控点" 116.483 39.939
"东四环" 20160619 68.0416666666667 86.625 0.566666666666667 49.4583333333333 136.125 4.25 "交通污染监控点" 116.483 39.939
"东四环" 20160229 33.875 51.3333333333333 0.95 61.25 27.3333333333333 14.7916666666667 "交通污染监控点" 116.483 39.939
"东四环" 20161106 70.7916666666667 172.541666666667 1.30416666666667 60.0416666666667 13.5 9.20833333333333 "交通污染监控点" 116.483 39.939
"东四环" 20160626 46.0833333333333 66.0416666666667 0.433333333333333 69.95 57.5 4.04761904761905 "交通污染监控点" 116.483 39.939
"东四环" 20160527 63.1818181818182 76.8333333333333 0.616666666666667 67.5833333333333 93.75 14.8333333333333 "交通污染监控点" 116.483 39.939
"东四环" 20160816 27.1666666666667 47 0.5125 45.7916666666667 73.4583333333333 2.91666666666667 "交通污染监控点" 116.483 39.939
"东四环" 20160914 99.875 135.583333333333 1.12916666666667 72.25 57.8333333333333 5.70833333333333 "交通污染监控点" 116.483 39.939
"东四环" 20161127 113.791666666667 284.208333333333 2.2125 57.375 28.1739130434783 12.2083333333333 "交通污染监控点" 116.483 39.939
"东四环" 20160724 71.0555555555556 125.944444444444 0.783333333333333 44.5833333333333 54.4583333333333 7.75 "交通污染监控点" 116.483 39.939
"东四环" 20160419 82.8125 108.1875 1.46111111111111 82.8888888888889 18.6666666666667 22.6111111111111 "交通污染监控点" 116.483 39.939
"东四环" 20160815 29.1666666666667 72 0.495833333333333 49.8333333333333 57.2083333333333 2.625 "交通污染监控点" 116.483 39.939
"东四环" 20161204 320.708333333333 409.25 4.80833333333333 90.3333333333333 4.33333333333333 17.625 "交通污染监控点" 116.483 39.939
"东四环" 20160227 22.9130434782609 51.304347826087 0.71304347826087 51.8260869565217 34.695652173913 13.5652173913043 "交通污染监控点" 116.483 39.939
"东四环" 20161218 264.083333333333 340.666666666667 4.60416666666667 97.625 3.875 24.625 "交通污染监控点" 116.483 39.939
"东四环" 20160418 12.2 39 0.29 27.55 78.75 3.1 "交通污染监控点" 116.483 39.939
"东四环" 20160814 24 51.75 0.625 69.9166666666667 53.8333333333333 3.83333333333333 "交通污染监控点" 116.483 39.939
"东四环" 20160525 13.5652173913043 53.6521739130435 0.295652173913043 40.1304347826087 79.7391304347826 3.1304347826087 "交通污染监控点" 116.483 39.939
"东四环" 20160226 34.375 44.9583333333333 1.00416666666667 41.9583333333333 49.5 17.5 "交通污染监控点" 116.483 39.939
"东四环" 20160517 65.4583333333333 91.25 0.745833333333333 86.8333333333333 101.875 13.8333333333333 "交通污染监控点" 116.483 39.939
"东四环" 20160821 59.7083333333333 88.7083333333333 0.9 71.5 104.625 3.08333333333333 "交通污染监控点" 116.483 39.939
"东四环" 20161026 51.2380952380952 120.947368421053 1.02857142857143 39.9523809523809 13.4761904761905 6.09523809523809 "交通污染监控点" 116.483 39.939
"东四环" 20160524 21.1666666666667 65.3333333333333 0.433333333333333 36 78.1666666666667 6 "交通污染监控点" 116.483 39.939
"东四环" 20160630 62.9166666666667 118.75 0.558333333333333 67.4782608695652 72.2916666666667 2.04166666666667 "交通污染监控点" 116.483 39.939
"东四环" 20160531 79.1333333333333 213.882352941176 0.882352941176471 76.5294117647059 46.7058823529412 13.7058823529412 "交通污染监控点" 116.483 39.939
"东四环" 20161018 118.583333333333 111.875 2.27916666666667 116.642857142857 2 9.25 "交通污染监控点" 116.483 39.939
"东四环" 20160622 58 101.208333333333 0.620833333333333 65.625 98.7083333333333 2.04166666666667 "交通污染监控点" 116.483 39.939
"东四环" 20160523 66 87.875 0.95 66.0416666666667 77.9583333333333 16.6666666666667 "交通污染监控点" 116.483 39.939
"东四环" 20160925 185.083333333333 232.125 1.54166666666667 93.9583333333333 38.625 4.875 "交通污染监控点" 116.483 39.939
"东四环" 20160530 122 97.125 1.17916666666667 100.416666666667 95.9166666666667 18.7083333333333 "交通污染监控点" 116.483 39.939
"东四环" 20161017 79.0909090909091 125 1.30416666666667 42.9230769230769 12.1666666666667 6.25 "交通污染监控点" 116.483 39.939
"东四环" 20160415 58.6190476190476 85 1.2375 81.0833333333333 40.5416666666667 23.7083333333333 "交通污染监控点" 116.483 39.939
"东四环" 20160811 78.3809523809524 99.3333333333333 0.691666666666667 38.125 80.8333333333333 2.375 "交通污染监控点" 116.483 39.939
"东四环" 20161222 91.2727272727273 325.916666666667 1.82916666666667 39.8333333333333 39.3333333333333 6.20833333333333 "交通污染监控点" 116.483 39.939
"东四环" 20160223 11.3333333333333 44.4166666666667 0.479166666666667 26.5833333333333 57.5416666666667 7.875 "交通污染监控点" 116.483 39.939
"东四环" 20161031 8.1304347826087 41.8695652173913 0.291304347826087 21.8695652173913 44.2173913043478 2.26086956521739 "交通污染监控点" 116.483 39.939
"东四环" 20160620 85.1904761904762 113.333333333333 0.875 78.9583333333333 119.666666666667 4.54166666666667 "交通污染监控点" 116.483 39.939
"东四环" 20160301 119.625 101.708333333333 2.02916666666667 80.75 20.9166666666667 35.5 "交通污染监控点" 116.483 39.939
"东四环" 20161107 44.875 87.875 0.75 44 23.4782608695652 3.375 "交通污染监控点" 116.483 39.939
"东四环" 20160627 64.875 75.2916666666667 0.6125 85.5833333333333 66.4583333333333 2.04166666666667 "交通污染监控点" 116.483 39.939
"东四环" 20160528 42.875 77.6666666666667 0.5125 40.9166666666667 116.75 9.875 "交通污染监控点" 116.483 39.939
"东四环" 20160817 72.1739130434783 70.5217391304348 1.04347826086957 87.7826086956522 17.6521739130435 4.08695652173913 "交通污染监控点" 116.483 39.939
"东四环" 20160915 88.4583333333333 109.416666666667 0.933333333333333 70.5 68.2083333333333 3.79166666666667 "交通污染监控点" 116.483 39.939
"东四环" 20161128 92 90.625 3.11666666666667 94.3333333333333 4.75 24.375 "交通污染监控点" 116.483 39.939
"东四环" 20160725 45.7692307692308 97.2 0.7 39.8695652173913 37.3478260869565 2 "交通污染监控点" 116.483 39.939
"东四环" 20160420 75 105.9375 0.728571428571429 51.6190476190476 66.3333333333333 11.7142857142857 "交通污染监控点" 116.483 39.939
"东四环" 20160601 31 76.125 0.658333333333333 75.7916666666667 72 7.79166666666667 "交通污染监控点" 116.483 39.939
"东四环" 20161205 56.9166666666667 211.826086956522 1.31666666666667 43.4583333333333 29.3478260869565 8 "交通污染监控点" 116.483 39.939
"东四环" 20160228 32.6086956521739 55.5652173913044 0.943478260869565 42.3478260869565 41.4347826086956 10.6086956521739 "交通污染监控点" 116.483 39.939
"东四环" 20161219 249.416666666667 294.541666666667 5.01666666666667 114.958333333333 5.1304347826087 25.0416666666667 "交通污染监控点" 116.483 39.939
"东四环" 20160823 63.125 70.1666666666667 0.741666666666667 76.625 54.125 6.54166666666667 "交通污染监控点" 116.483 39.939
"东四环" 20161028 11.8695652173913 47.3913043478261 0.456521739130435 32.0434782608696 27.6086956521739 2.39130434782609 "交通污染监控点" 116.483 39.939
"东四环" 20161102 122.727272727273 115.782608695652 1.73478260869565 83.6086956521739 4.60869565217391 14.4347826086957 "交通污染监控点" 116.483 39.939
"东四环" 20160702 54.625 67.25 0.4 88.2083333333333 90.5416666666667 2.125 "交通污染监控点" 116.483 39.939
"东四环" 20160518 61 88.7083333333333 0.520833333333333 52.4782608695652 121.166666666667 9 "交通污染监控点" 116.483 39.939
"东四环" 20160822 54.5909090909091 83.1666666666667 0.891666666666667 59.9166666666667 90.1666666666667 5.20833333333333 "交通污染监控点" 116.483 39.939
"东四环" 20161027 37.3333333333333 62.6666666666667 1.40833333333333 57.3333333333333 2.16666666666667 7.625 "交通污染监控点" 116.483 39.939
"东四环" 20161203 280.583333333333 224.666666666667 4.825 125.583333333333 4.73913043478261 28.625 "交通污染监控点" 116.483 39.939
"东四环" 20160701 15.5454545454545 63.125 0.145833333333333 49.6086956521739 73.375 2 "交通污染监控点" 116.483 39.939
"东四环" 20160917 46.7916666666667 127.5 0.733333333333333 63.0833333333333 11.5833333333333 3.41666666666667 "交通污染监控点" 116.483 39.939
"东四环" 20161103 220.791666666667 212.375 2.98333333333333 94.8333333333333 2.26086956521739 19.0833333333333 "交通污染监控点" 116.483 39.939
"东四环" 20160727 56.75 71.5416666666667 0.716666666666667 39.5416666666667 104.333333333333 2.04166666666667 "交通污染监控点" 116.483 39.939
"东四环" 20161202 115.458333333333 98.9583333333333 2.39583333333333 110.208333333333 6.125 19.625 "交通污染监控点" 116.483 39.939
"东四环" 20160926 62.5 145.347826086957 0.95 75 17.25 2.91666666666667 "交通污染监控点" 116.483 39.939
"东四环" 20161209 24.4347826086957 55.9047619047619 0.673913043478261 50.1818181818182 23.1818181818182 7.08695652173913 "交通污染监控点" 116.483 39.939
"东四环" 20161129 107.625 144.583333333333 3.12083333333333 69.7916666666667 3.21739130434783 26.2083333333333 "交通污染监控点" 116.483 39.939
"东四环" 20160820 54.25 62.4583333333333 1.05 68.9583333333333 85.5833333333333 2.70833333333333 "交通污染监控点" 116.483 39.939
"东四环" 20161201 29.7083333333333 76.8333333333333 0.829166666666667 51.375 32.7826086956522 9.04166666666667 "交通污染监控点" 116.483 39.939
"东四环" 20161223 36.8333333333333 45.8125 0.805555555555556 65.0555555555556 8.76470588235294 8.38888888888889 "交通污染监控点" 116.483 39.939
"东四环" 20161208 105.916666666667 202.391304347826 1.83333333333333 50.1666666666667 30.4583333333333 10.875 "交通污染监控点" 116.483 39.939
"东四环" 20161101 47.2916666666667 44.2916666666667 0.883333333333333 56.125 16.0833333333333 11 "交通污染监控点" 116.483 39.939
"东四环" 20160621 106.291666666667 123.25 0.733333333333333 69.0833333333333 101.833333333333 2 "交通污染监控点" 116.483 39.939
"东四环" 20160927 26.5833333333333 70.9583333333333 0.408333333333333 35.375 29.5416666666667 2.375 "交通污染监控点" 116.483 39.939
"东四环" 20161108 46.7826086956522 49.8260869565217 1.1047619047619 69.7142857142857 8.3 12.1904761904762 "交通污染监控点" 116.483 39.939
"东四环" 20161130 94.5833333333333 141.958333333333 2.525 49.6666666666667 24.0416666666667 18.7916666666667 "交通污染监控点" 116.483 39.939
"东四环" 20160529 43.7916666666667 70.5416666666667 0.483333333333333 51.25 84.7083333333333 5.29166666666667 "交通污染监控点" 116.483 39.939
"东四环" 20160818 84.75 122.708333333333 1.7125 66.1666666666667 7.66666666666667 2.75 "交通污染监控点" 116.483 39.939
"东四环" 20160916 154.791666666667 183 1.10416666666667 82.5 54.5 3.83333333333333 "交通污染监控点" 116.483 39.939
"东四环" 20161207 159.136363636364 196.954545454545 3.28181818181818 136 3 28.5454545454545 "交通污染监控点" 116.483 39.939
"东四环" 20160726 19.0416666666667 46.7083333333333 0.470833333333333 28.3333333333333 73.25 2.95833333333333 "交通污染监控点" 116.483 39.939
"东四环" 20160421 120.409090909091 136.409090909091 1.09545454545455 73.5909090909091 54.6818181818182 12.1363636363636 "交通污染监控点" 116.483 39.939
"东四环" 20160602 52.9565217391304 81.1304347826087 0.8 87.1304347826087 89.2608695652174 11.9565217391304 "交通污染监控点" 116.483 39.939
"东四环" 20161206 106.318181818182 85.6666666666667 2.90833333333333 143.875 5.125 26.4166666666667 "交通污染监控点" 116.483 39.939
"东四环" 20160704 148.583333333333 182.208333333333 1.12083333333333 83.7083333333333 76.2916666666667 2.25 "交通污染监控点" 116.483 39.939
"东四环" 20160824 84.7916666666667 100.208333333333 1.02083333333333 90.6666666666667 46.875 4 "交通污染监控点" 116.483 39.939
"东四环" 20160819 22 62.2916666666667 0.779166666666667 49.8333333333333 53.125 2.125 "交通污染监控点" 116.483 39.939
"东四环" 20160609 104.142857142857 188.15 0.866666666666667 63.2857142857143 106.095238095238 6.09523809523809 "交通污染监控点" 116.483 39.939
"东四环" 20161104 267.875 307.75 3.9375 93.1666666666667 2.04166666666667 17.2916666666667 "交通污染监控点" 116.483 39.939
"东四环" 20160703 85.0434782608696 88.7391304347826 0.782608695652174 107.913043478261 95.8260869565217 4.30434782608696 "交通污染监控点" 116.483 39.939
"东四环" 20160603 89.625 92.7083333333333 1.4125 119.083333333333 81.3333333333333 25.125 "交通污染监控点" 116.483 39.939
"东四环" 20160608 136.142857142857 98.4166666666667 1.125 65.6086956521739 97.9166666666667 2.375 "交通污染监控点" 116.483 39.939
"东四环" 20160611 13.0416666666667 53.0833333333333 0.316666666666667 46.8333333333333 57.9166666666667 2.29166666666667 "交通污染监控点" 116.483 39.939
"东四环" 20160615 23.6666666666667 48.3333333333333 0.466666666666667 67.5833333333333 52.75 2.70833333333333 "交通污染监控点" 116.483 39.939
"东四环" 20160610 59.7083333333333 102.916666666667 0.4125 49 88 2 "交通污染监控点" 116.483 39.939
"东四环" 20160605 87.1666666666667 122.916666666667 0.820833333333333 71.5416666666667 90.3333333333333 14.375 "交通污染监控点" 116.483 39.939
"东四环" 20160607 59.3571428571429 134.541666666667 0.7 56.25 72.5833333333333 2.375 "交通污染监控点" 116.483 39.939
"东四环" 20160614 42.5416666666667 70.875 0.470833333333333 56.875 38.6666666666667 2.04166666666667 "交通污染监控点" 116.483 39.939
"东四环" 20160604 91.25 122.125 0.829166666666667 61.0833333333333 127.916666666667 16.4583333333333 "交通污染监控点" 116.483 39.939
"东四环" 20160606 118.458333333333 123.458333333333 0.825 67.875 103.041666666667 9.45833333333333 "交通污染监控点" 116.483 39.939
"东四环" 20160422 47.9583333333333 124.791666666667 0.3625 41.625 68.0416666666667 4 "交通污染监控点" 116.483 39.939
"东四环" 20160613 54.125 88.7083333333333 0.541666666666667 67.7083333333333 50.1666666666667 2.125 "交通污染监控点" 116.483 39.939
"东四环" 20160825 19.9166666666667 80.6666666666667 0.366666666666667 42.9166666666667 39.375 2.29166666666667 "交通污染监控点" 116.483 39.939
"东四环" 20160612 78.0833333333333 76.375 0.966666666666667 78.1304347826087 85.75 5.25 "交通污染监控点" 116.483 39.939
