"房山" 20160919 7.08695652173913 27.5416666666667 0.208695652173913 30.6086956521739 37.9166666666667 2.78260869565217 "郊区环境评价点" 116.136 39.742
"房山" 20160928 13.0416666666667 38.1666666666667 0.366666666666667 44.9583333333333 38.9583333333333 2.29166666666667 "郊区环境评价点" 116.136 39.742
"房山" 20160920 15.4583333333333 36.25 0.304166666666667 36.625 54.0416666666667 3.75 "郊区环境评价点" 116.136 39.742
"房山" 20160130 83.125 84.375 2.20416666666667 63.25 13.4166666666667 37.125 "郊区环境评价点" 116.136 39.742
"房山" 20160929 50.1666666666667 60.9166666666667 0.6125 61.4583333333333 54 7.83333333333333 "郊区环境评价点" 116.136 39.742
"房山" 20160404 76.75 68.75 0.75 60.375 70.125 13.5 "郊区环境评价点" 116.136 39.742
"房山" 20160129 63.875 130.166666666667 1.94583333333333 61.7916666666667 17.9583333333333 47 "郊区环境评价点" 116.136 39.742
"房山" 20160903 26.5833333333333 62.7916666666667 0.3125 52.0833333333333 74.5833333333333 6.625 "郊区环境评价点" 116.136 39.742
"房山" 20160116 145.541666666667 188.083333333333 2.2625 79.7083333333333 5.16666666666667 51.5 "郊区环境评价点" 116.136 39.742
"房山" 20160410 74.6086956521739 160.583333333333 0.841666666666667 44.4583333333333 73.0416666666667 11.9583333333333 "郊区环境评价点" 116.136 39.742
"房山" 20160828 3.08333333333333 49.4166666666667 0.554166666666667 54.7083333333333 44.9166666666667 6.75 "郊区环境评价点" 116.136 39.742
"房山" 20161004 32.1666666666667 98.625 0.9125 36.0833333333333 23.4166666666667 2.83333333333333 "郊区环境评价点" 116.136 39.742
"房山" 20160115 98.4347826086957 112.666666666667 2.9 97.2083333333333 7.83333333333333 51.25 "郊区环境评价点" 116.136 39.742
"房山" 20160117 46.625 137.666666666667 0.745833333333333 37.375 46.0833333333333 22.3333333333333 "郊区环境评价点" 116.136 39.742
"房山" 20160409 175.52380952381 143.291666666667 0.9 68.375 56.7916666666667 12.2916666666667 "郊区环境评价点" 116.136 39.742
"房山" 20161211 193.958333333333 161.130434782609 3.63333333333333 103.875 9.21739130434783 50.0833333333333 "郊区环境评价点" 116.136 39.742
"房山" 20160918 22.4761904761905 48.5 0.558333333333333 32.4166666666667 22.5833333333333 3.08333333333333 "郊区环境评价点" 116.136 39.742
"房山" 20160827 5.16666666666667 51.5833333333333 0.545833333333333 43.5833333333333 48.4166666666667 7.08333333333333 "郊区环境评价点" 116.136 39.742
"房山" 20160131 72.9583333333333 103.958333333333 1.76666666666667 53.2916666666667 40.0416666666667 25.2083333333333 "郊区环境评价点" 116.136 39.742
"房山" 20160930 94.3333333333333 105.708333333333 0.929166666666667 73.8333333333333 87.7083333333333 12.125 "郊区环境评价点" 116.136 39.742
"房山" 20161210 74 78.6666666666667 2.025 72.5833333333333 10.9130434782609 31.2083333333333 "郊区环境评价点" 116.136 39.742
"房山" 20160405 123.75 144.583333333333 1.08333333333333 65.625 84.9583333333333 18.7083333333333 "郊区环境评价点" 116.136 39.742
"房山" 20160826 11.5909090909091 55.0869565217391 0.334782608695652 53.4782608695652 47.7826086956522 6.21739130434783 "郊区环境评价点" 116.136 39.742
"房山" 20160907 35.5 68.5833333333333 0.364285714285714 40.5 104.642857142857 5.35714285714286 "郊区环境评价点" 116.136 39.742
"房山" 20161212 224.684210526316 272 2.94210526315789 112.263157894737 6.38888888888889 53.4210526315789 "郊区环境评价点" 116.136 39.742
"房山" 20160112 47.625 31.8260869565217 1.77083333333333 60.0833333333333 27.4583333333333 44.9583333333333 "郊区环境评价点" 116.136 39.742
"房山" 20160412 81.6666666666667 96.4583333333333 0.895833333333333 80.0833333333333 36.625 8.54166666666667 "郊区环境评价点" 116.136 39.742
"房山" 20160830 33.7619047619048 70 0.629166666666667 81.0416666666667 90.9583333333333 6.95833333333333 "郊区环境评价点" 116.136 39.742
"房山" 20160921 59.25 68.5416666666667 0.8 76.8333333333333 36.7083333333333 8.33333333333333 "郊区环境评价点" 116.136 39.742
"房山" 20160114 82.45 132.375 3.15416666666667 83.2083333333333 15.5 49.75 "郊区环境评价点" 116.136 39.742
"房山" 20160406 146.833333333333 146.565217391304 2.0625 83.4583333333333 60.8333333333333 33.5 "郊区环境评价点" 116.136 39.742
"房山" 20160411 70.5625 103.842105263158 0.773913043478261 45.0869565217391 73.0434782608696 11.8260869565217 "郊区环境评价点" 116.136 39.742
"房山" 20160829 15.15 56.9166666666667 0.733333333333333 61.5833333333333 63.2916666666667 8.16666666666667 "郊区环境评价点" 116.136 39.742
"房山" 20161005 52.2916666666667 51.75 1.24166666666667 47.125 27.7083333333333 2.25 "郊区环境评价点" 116.136 39.742
"房山" 20160113 153.136363636364 168.666666666667 4.57916666666667 98.2916666666667 6.625 60.5416666666667 "郊区环境评价点" 116.136 39.742
"房山" 20160831 18.5833333333333 66.4166666666667 0.160869565217391 59.8260869565217 41.1666666666667 7 "郊区环境评价点" 116.136 39.742
"房山" 20160616 35.1666666666667 49.875 0.508333333333333 64.2083333333333 66.8333333333333 2.08333333333333 "郊区环境评价点" 116.136 39.742
"房山" 20160120 157.166666666667 187.5 4.13333333333333 95.3333333333333 3.79166666666667 81.9565217391304 "郊区环境评价点" 116.136 39.742
"房山" 20161217 206.041666666667 244.958333333333 3.22916666666667 117.5 8.39130434782609 41.9166666666667 "郊区环境评价点" 116.136 39.742
"房山" 20160105 56.375 83.5 1.67083333333333 51.7083333333333 25.5416666666667 28.7083333333333 "郊区环境评价点" 116.136 39.742
"房山" 20160813 3 47.2916666666667 0.8125 21.375 43.4166666666667 6.20833333333333 "郊区环境评价点" 116.136 39.742
"房山" 20160904 62.4166666666667 77.7916666666667 0.645833333333333 66.7916666666667 82.5 8.16666666666667 "郊区环境评价点" 116.136 39.742
"房山" 20160119 118.791666666667 90.2916666666667 2.58260869565217 75.5 16.1739130434783 43.8260869565217 "郊区环境评价点" 116.136 39.742
"房山" 20160807 24.2608695652174 75.45 0.665217391304348 19.7826086956522 82.5217391304348 5.26086956521739 "郊区环境评价点" 116.136 39.742
"房山" 20161109 172.208333333333 141.666666666667 2.32916666666667 90.0416666666667 4.08333333333333 31.6666666666667 "郊区环境评价点" 116.136 39.742
"房山" 20160812 88.7333333333333 119.461538461538 1.05333333333333 22.8666666666667 41.2 4.86666666666667 "郊区环境评价点" 116.136 39.742
"房山" 20160721 25.75 27.2916666666667 0.845833333333333 32.6666666666667 35.25 4.5 "郊区环境评价点" 116.136 39.742
"房山" 20160408 23.9130434782609 50.0416666666667 0.516666666666667 35.375 80.2916666666667 4.875 "郊区环境评价点" 116.136 39.742
"房山" 20160118 16 33.5 0.558333333333333 28.625 53.2916666666667 21.4583333333333 "郊区环境评价点" 116.136 39.742
"房山" 20161002 189.708333333333 237.875 1.53333333333333 79.2916666666667 70.625 14.0416666666667 "郊区环境评价点" 116.136 39.742
"房山" 20160811 87.4166666666667 114.125 1.08333333333333 18.0416666666667 90.0833333333333 5.375 "郊区环境评价点" 116.136 39.742
"房山" 20160902 22.0416666666667 58.875 0.304166666666667 56.125 38.5 7.45833333333333 "郊区环境评价点" 116.136 39.742
"房山" 20160407 100.208333333333 216.958333333333 1.06666666666667 54.1666666666667 57 5.29166666666667 "郊区环境评价点" 116.136 39.742
"房山" 20160201 115.041666666667 156.208333333333 3.3 70.7916666666667 30.4166666666667 41.2083333333333 "郊区环境评价点" 116.136 39.742
"房山" 20161001 162.916666666667 169.916666666667 1.40833333333333 95.9166666666667 63.9166666666667 23.1666666666667 "郊区环境评价点" 116.136 39.742
"房山" 20160810 81 85.8947368421053 1.02857142857143 23.2857142857143 106 5.19047619047619 "郊区环境评价点" 116.136 39.742
"房山" 20161003 120.541666666667 206.166666666667 1.16666666666667 70.3333333333333 62.625 6.08333333333333 "郊区环境评价点" 116.136 39.742
"房山" 20160901 10.3333333333333 53.5833333333333 0.120833333333333 51.2083333333333 47.0416666666667 6.29166666666667 "郊区环境评价点" 116.136 39.742
"房山" 20160908 17.4583333333333 51.3333333333333 0.241666666666667 50.875 64.875 2.41666666666667 "郊区环境评价点" 116.136 39.742
"房山" 20161213 114.791666666667 239.958333333333 2.27916666666667 74.4583333333333 10.4782608695652 21.0416666666667 "郊区环境评价点" 116.136 39.742
"房山" 20160809 40.9333333333333 68.5333333333333 1.05333333333333 25.4666666666667 122.4 7.2 "郊区环境评价点" 116.136 39.742
"房山" 20160413 142.708333333333 163.791666666667 0.991666666666667 71.2083333333333 71.3333333333333 10.5833333333333 "郊区环境评价点" 116.136 39.742
"房山" 20160718 126.545454545455 122 1.06666666666667 58.5833333333333 99 2 "郊区环境评价点" 116.136 39.742
"房山" 20160922 100.363636363636 106.166666666667 1.14583333333333 82.8333333333333 52.1666666666667 9.70833333333333 "郊区环境评价点" 116.136 39.742
"房山" 20160512 40.1666666666667 163.958333333333 0.483333333333333 25.375 79.5833333333333 2.125 "郊区环境评价点" 116.136 39.742
"房山" 20160808 31.8333333333333 49.7058823529412 0.766666666666667 22.7777777777778 79.2777777777778 5.55555555555556 "郊区环境评价点" 116.136 39.742
"房山" 20160122 24.6666666666667 131.583333333333 0.741666666666667 19.2916666666667 60.2916666666667 14.2916666666667 "郊区环境评价点" 116.136 39.742
"房山" 20160717 81.75 73.75 0.825 81.75 17.75 2 "郊区环境评价点" 116.136 39.742
"房山" 20161006 66.8333333333333 93.3333333333333 1.4125 55.3333333333333 5.16666666666667 4.25 "郊区环境评价点" 116.136 39.742
"房山" 20160526 20.5 43.2083333333333 0.25 34.3333333333333 92 2.33333333333333 "郊区环境评价点" 116.136 39.742
"房山" 20161119 173.136363636364 231 2.62916666666667 79.6666666666667 21 25.4583333333333 "郊区环境评价点" 116.136 39.742
"房山" 20160617 28 50.9166666666667 0.541666666666667 66.2916666666667 45.2083333333333 2.16666666666667 "郊区环境评价点" 116.136 39.742
"房山" 20160121 163.958333333333 214.291666666667 3.32916666666667 85.0416666666667 3.08333333333333 44.2916666666667 "郊区环境评价点" 116.136 39.742
"房山" 20161218 235.708333333333 281.125 3.475 104.833333333333 11.125 35.9166666666667 "郊区环境评价点" 116.136 39.742
"房山" 20160106 84.5 129.708333333333 2.4625 53.25 26.8333333333333 29.3333333333333 "郊区环境评价点" 116.136 39.742
"房山" 20160814 3.17391304347826 51.125 0.7125 32.5416666666667 74.7916666666667 6.04166666666667 "郊区环境评价点" 116.136 39.742
"房山" 20160905 40.875 70 0.458333333333333 52.4166666666667 97.6666666666667 6.29166666666667 "郊区环境评价点" 116.136 39.742
"房山" 20160204 18.0833333333333 64.375 1.075 44.0416666666667 49.0833333333333 37.3888888888889 "郊区环境评价点" 116.136 39.742
"房山" 20160517 57.5 74.375 0.695833333333333 61.7916666666667 116.041666666667 13.5 "郊区环境评价点" 116.136 39.742
"房山" 20161110 195.541666666667 248.916666666667 2.025 67.5 8 29.75 "郊区环境评价点" 116.136 39.742
"房山" 20160509 43.1818181818182 94.125 0.575 47.5 61.875 5.5 "郊区环境评价点" 116.136 39.742
"房山" 20160722 63.6666666666667 66.9166666666667 0.65 32.9583333333333 68.3333333333333 5.25 "郊区环境评价点" 116.136 39.742
"房山" 20160203 78.0833333333333 111 2.31666666666667 71.375 26.7916666666667 45.6666666666667 "郊区环境评价点" 116.136 39.742
"房山" 20160516 23.875 55.5 0.429166666666667 50.6666666666667 63.9166666666667 3.83333333333333 "郊区环境评价点" 116.136 39.742
"房山" 20160402 7.54166666666667 46.9583333333333 0.3375 25.0416666666667 69.9583333333333 2.375 "郊区环境评价点" 116.136 39.742
"房山" 20160126 70.1666666666667 129.75 1.91666666666667 60.7083333333333 36.4166666666667 44.125 "郊区环境评价点" 116.136 39.742
"房山" 20160416 17.875 75.9166666666667 0.45 21.125 74.5833333333333 2.125 "郊区环境评价点" 116.136 39.742
"房山" 20160925 179.5 227.333333333333 1.54166666666667 68.2916666666667 69.5416666666667 4.66666666666667 "郊区环境评价点" 116.136 39.742
"房山" 20160202 101.454545454545 122.75 3.9375 81.4166666666667 19.625 55.625 "郊区环境评价点" 116.136 39.742
"房山" 20161215 69.3333333333333 86.5 1.3 53.3333333333333 37.5652173913044 24.8333333333333 "郊区环境评价点" 116.136 39.742
"房山" 20160103 289.666666666667 380.541666666667 4.3625 95.5833333333333 5.91666666666667 31.0416666666667 "郊区环境评价点" 116.136 39.742
"房山" 20160415 60.9583333333333 63.4583333333333 1.07916666666667 68 58.9166666666667 16.1666666666667 "郊区环境评价点" 116.136 39.742
"房山" 20160110 83.0833333333333 168.478260869565 2.72916666666667 76.9583333333333 10.875 44.7916666666667 "郊区环境评价点" 116.136 39.742
"房山" 20160909 20.3333333333333 50.75 0.258333333333333 64.75 35.2083333333333 2.58333333333333 "郊区环境评价点" 116.136 39.742
"房山" 20161214 39.6666666666667 73.5833333333333 0.904166666666667 59.9166666666667 23.2173913043478 23.8333333333333 "郊区环境评价点" 116.136 39.742
"房山" 20160102 306.291666666667 324.217391304348 5.99166666666667 157.541666666667 11.8333333333333 54.5 "郊区环境评价点" 116.136 39.742
"房山" 20160414 31.3478260869565 110.090909090909 0.504347826086956 30.0434782608696 82.5217391304348 3.95652173913043 "郊区环境评价点" 116.136 39.742
"房山" 20160719 91.1666666666667 148.583333333333 1.19166666666667 51.5416666666667 38.3333333333333 3.625 "郊区环境评价点" 116.136 39.742
"房山" 20160923 84.7916666666667 113.583333333333 1.0375 43.4583333333333 115.958333333333 4.41666666666667 "郊区环境评价点" 116.136 39.742
"房山" 20160513 28.4583333333333 38.5416666666667 0.466666666666667 44.375 66.5 6.625 "郊区环境评价点" 116.136 39.742
"房山" 20160101 215.541666666667 196.25 4.27083333333333 117.416666666667 3.83333333333333 56.0833333333333 "郊区环境评价点" 116.136 39.742
"房山" 20160123 13.4583333333333 31.625 0.754166666666667 18.5 57.7916666666667 14.2083333333333 "郊区环境评价点" 116.136 39.742
"房山" 20160207 150.833333333333 125.75 2.35416666666667 58.7083333333333 39.9583333333333 55.625 "郊区环境评价点" 116.136 39.742
"房山" 20161007 33.5833333333333 67.0416666666667 1.4125 39.1666666666667 15.9583333333333 2.375 "郊区环境评价点" 116.136 39.742
"房山" 20160527 44.75 60.0833333333333 0.5875 64.2083333333333 91.25 12.2083333333333 "郊区环境评价点" 116.136 39.742
"房山" 20161120 55 151.708333333333 1.19583333333333 48.8333333333333 4.83333333333333 7.25 "郊区环境评价点" 116.136 39.742
"房山" 20160618 41 62.7083333333333 0.641666666666667 54.5 100.083333333333 3.875 "郊区环境评价点" 116.136 39.742
"房山" 20160206 75.9583333333333 50.125 1.75416666666667 52.2083333333333 45.0833333333333 36.3333333333333 "郊区环境评价点" 116.136 39.742
"房山" 20161219 299.625 311.791666666667 4.10416666666667 110.666666666667 15.1739130434783 29.4583333333333 "郊区环境评价点" 116.136 39.742
"房山" 20160107 46.5416666666667 55.304347826087 1.60416666666667 44.25 40.5416666666667 20.5416666666667 "郊区环境评价点" 116.136 39.742
"房山" 20160815 3.1 48.5833333333333 0.458333333333333 13.0666666666667 68 5.625 "郊区环境评价点" 116.136 39.742
"房山" 20160906 31.1111111111111 63.4117647058824 0.433333333333333 63.1111111111111 64.2777777777778 5.94444444444444 "郊区环境评价点" 116.136 39.742
"房山" 20160205 8.125 25.75 0.691666666666667 12.8333333333333 77.5416666666667 9.72727272727273 "郊区环境评价点" 116.136 39.742
"房山" 20160518 65.9583333333333 89.0833333333333 0.620833333333333 48.3333333333333 121.708333333333 14.2083333333333 "郊区环境评价点" 116.136 39.742
"房山" 20161111 100.791666666667 201.833333333333 1.8625 71.5833333333333 6.08333333333333 19.125 "郊区环境评价点" 116.136 39.742
"房山" 20160510 45.0416666666667 62.125 0.6 46.9166666666667 102.416666666667 3.66666666666667 "郊区环境评价点" 116.136 39.742
"房山" 20160723 110.909090909091 121.916666666667 0.7 37 72.5 4.91666666666667 "郊区环境评价点" 116.136 39.742
"房山" 20160927 24.9166666666667 66.9583333333333 0.608333333333333 27.7083333333333 43.5833333333333 2 "郊区环境评价点" 116.136 39.742
"房山" 20160601 48.2916666666667 63.1666666666667 0.645833333333333 55.375 91.625 4.375 "郊区环境评价点" 116.136 39.742
"房山" 20160403 19.6666666666667 31.5416666666667 0.4375 38.375 64.7083333333333 3.5 "郊区环境评价点" 116.136 39.742
"房山" 20160127 148.041666666667 137.041666666667 3.30833333333333 90.1666666666667 12.0416666666667 68.75 "郊区环境评价点" 116.136 39.742
"房山" 20160417 7.79166666666667 43.0952380952381 0.2625 15.2083333333333 89.625 2 "郊区环境评价点" 116.136 39.742
"房山" 20160926 53.4166666666667 137.782608695652 1.12916666666667 47.8333333333333 58.0416666666667 2.20833333333333 "郊区环境评价点" 116.136 39.742
"房山" 20160531 39.625 95.4166666666667 0.55 36.7083333333333 79.25 5.29166666666667 "郊区环境评价点" 116.136 39.742
"房山" 20161216 213 175.208333333333 3.24583333333333 107 13.2083333333333 50.75 "郊区环境评价点" 116.136 39.742
"房山" 20160104 158.478260869565 282.95652173913 3.82083333333333 67.0416666666667 17.5 23.3333333333333 "郊区环境评价点" 116.136 39.742
"房山" 20160508 68.85 102.666666666667 0.695833333333333 51.9583333333333 85.5833333333333 19.2916666666667 "郊区环境评价点" 116.136 39.742
"房山" 20160111 9.75 55.5416666666667 1.025 32.1666666666667 45.9166666666667 45.9583333333333 "郊区环境评价点" 116.136 39.742
"房山" 20160910 17.875 54.5833333333333 0.279166666666667 66.0833333333333 36.8333333333333 3.625 "郊区环境评价点" 116.136 39.742
"房山" 20160515 44.9583333333333 78.3333333333333 0.575 38.4166666666667 44.4583333333333 2.29166666666667 "郊区环境评价点" 116.136 39.742
"房山" 20160713 31.9583333333333 66.3333333333333 0.579166666666667 48.1666666666667 92.75 5 "郊区环境评价点" 116.136 39.742
"房山" 20160507 17.7142857142857 42.1666666666667 0.295833333333333 37.2916666666667 84.7916666666667 3.66666666666667 "郊区环境评价点" 116.136 39.742
"房山" 20160720 39.2083333333333 93.5833333333333 0.716666666666667 17.8333333333333 49.625 4.79166666666667 "郊区环境评价点" 116.136 39.742
"房山" 20160924 143.375 155.666666666667 1.29166666666667 63.5416666666667 101.666666666667 4.875 "郊区环境评价点" 116.136 39.742
"房山" 20160514 46 52.2083333333333 0.554166666666667 38.4166666666667 65.1666666666667 2.70833333333333 "郊区环境评价点" 116.136 39.742
"房山" 20160712 54.2857142857143 108.5 0.618181818181818 40.8636363636364 56.9545454545455 3.18181818181818 "郊区环境评价点" 116.136 39.742
"房山" 20160124 40.1666666666667 41.25 1.25833333333333 41.2083333333333 38.875 32.625 "郊区环境评价点" 116.136 39.742
"房山" 20160208 303.625 385.166666666667 2.725 50.125 37.625 83.625 "郊区环境评价点" 116.136 39.742
"房山" 20161008 8.66666666666667 33.7916666666667 0.370833333333333 30.5833333333333 44.7916666666667 2.5 "郊区环境评价点" 116.136 39.742
"房山" 20160528 42.5416666666667 70.9583333333333 0.645833333333333 49.625 115.833333333333 10.375 "郊区环境评价点" 116.136 39.742
"房山" 20161121 5.95833333333333 39.9583333333333 0.379166666666667 28.2916666666667 47.2083333333333 5.25 "郊区环境评价点" 116.136 39.742
"房山" 20160619 55.5833333333333 75.4583333333333 0.683333333333333 55.9166666666667 122.625 2.83333333333333 "郊区环境评价点" 116.136 39.742
"房山" 20160505 69.875 59.2083333333333 1.02916666666667 53.9166666666667 89.5416666666667 16.0833333333333 "郊区环境评价点" 116.136 39.742
"房山" 20161220 503.333333333333 483.869565217391 8.81666666666667 147.333333333333 5.41666666666667 7.75 "郊区环境评价点" 116.136 39.742
"房山" 20160108 131.681818181818 150.166666666667 3.55 75.4166666666667 12.9583333333333 40.125 "郊区环境评价点" 116.136 39.742
"房山" 20160816 NA 35.3333333333333 0.6125 NA 69.2083333333333 5.25 "郊区环境评价点" 116.136 39.742
"房山" 20160710 82.5454545454545 127.454545454545 0.865217391304348 30.9130434782609 117.739130434783 2 "郊区环境评价点" 116.136 39.742
"房山" 20160914 83.375 98.4166666666667 0.95 53.1666666666667 89.9583333333333 5.79166666666667 "郊区环境评价点" 116.136 39.742
"房山" 20160519 90.375 111.75 0.783333333333333 51.4583333333333 153.125 16.0833333333333 "郊区环境评价点" 116.136 39.742
"房山" 20161112 78 100.708333333333 1.67083333333333 62.875 19.875 22.0833333333333 "郊区环境评价点" 116.136 39.742
"房山" 20160511 171.791666666667 137.5 1.31666666666667 44.3333333333333 129.25 18.5416666666667 "郊区环境评价点" 116.136 39.742
"房山" 20160724 73 117.333333333333 0.370833333333333 42.0476190476191 81.2083333333333 8.125 "郊区环境评价点" 116.136 39.742
"房山" 20160328 89.4583333333333 84.8333333333333 0.875 70.875 55.6666666666667 21.0416666666667 "郊区环境评价点" 116.136 39.742
"房山" 20160602 57.2916666666667 86.5833333333333 0.683333333333333 58.9166666666667 116.375 8 "郊区环境评价点" 116.136 39.742
"房山" 20161126 357.958333333333 337.041666666667 4.41666666666667 124.958333333333 5.25 42.125 "郊区环境评价点" 116.136 39.742
"房山" 20160128 136.75 210.833333333333 3.075 99.2083333333333 9.95833333333333 72.7916666666667 "郊区环境评价点" 116.136 39.742
"房山" 20160418 18.9 32.8333333333333 0.31 30.8 81 2.85 "郊区环境评价点" 116.136 39.742
"房山" 20161012 69.125 112.375 1.0375 59.875 28.2083333333333 9.375 "郊区环境评价点" 116.136 39.742
"房山" 20160425 76.3809523809524 115.375 0.679166666666667 37 111.583333333333 13.9166666666667 "郊区环境评价点" 116.136 39.742
"房山" 20161019 211.791666666667 218.125 1.8 65.7916666666667 20.5416666666667 6.33333333333333 "郊区环境评价点" 116.136 39.742
"房山" 20160623 81.6818181818182 91.0833333333333 0.95 55.875 95.2083333333333 2.29166666666667 "郊区环境评价点" 116.136 39.742
"房山" 20160304 337.416666666667 393.5 4.95833333333333 133.416666666667 6.58333333333333 66.25 "郊区环境评价点" 116.136 39.742
"房山" 20160707 116.217391304348 181.958333333333 1.16666666666667 42.3333333333333 156.666666666667 2 "郊区环境评价点" 116.136 39.742
"房山" 20160911 27.7916666666667 58.5 0.520833333333333 51.7916666666667 75.25 2.125 "郊区环境评价点" 116.136 39.742
"房山" 20161102 116.791666666667 109.875 1.61666666666667 85.375 12.875 16.7916666666667 "郊区环境评价点" 116.136 39.742
"房山" 20160714 39.4583333333333 58.7916666666667 0.8 40.7916666666667 74.8333333333333 2.25 "郊区环境评价点" 116.136 39.742
"房山" 20160318 116.769230769231 150.846153846154 1.04166666666667 78.8461538461538 80.5 10.1666666666667 "郊区环境评价点" 116.136 39.742
"房山" 20160523 73.4166666666667 91.6666666666667 0.816666666666667 50.9583333333333 87.5 14.125 "郊区环境评价点" 116.136 39.742
"房山" 20160325 26.1818181818182 47.3333333333333 0.631818181818182 55.2727272727273 54.3181818181818 6.09090909090909 "郊区环境评价点" 116.136 39.742
"房山" 20160530 88.5 93.6666666666667 1.11666666666667 62.0833333333333 144 14.0416666666667 "郊区环境评价点" 116.136 39.742
"房山" 20161123 83.8695652173913 67.5217391304348 2.3 69.3913043478261 10.695652173913 24.1739130434783 "郊区环境评价点" 116.136 39.742
"房山" 20160125 133.173913043478 120.913043478261 4.58235294117647 89.2608695652174 16.1304347826087 60.7619047619048 "郊区环境评价点" 116.136 39.742
"房山" 20160209 77.1666666666667 146.791666666667 2.35416666666667 48.5 44.0833333333333 46.3333333333333 "郊区环境评价点" 116.136 39.742
"房山" 20161009 27.5416666666667 56 0.641666666666667 48.5 15.9166666666667 6.04166666666667 "郊区环境评价点" 116.136 39.742
"房山" 20160529 38.4166666666667 66.0833333333333 0.470833333333333 42.4166666666667 95.625 3.45833333333333 "郊区环境评价点" 116.136 39.742
"房山" 20161122 9.95833333333333 22.875 0.575 28.625 47.5416666666667 7.45833333333333 "郊区环境评价点" 116.136 39.742
"房山" 20160620 82.4583333333333 109.5 0.904166666666667 33.4166666666667 137.25 2.08333333333333 "郊区环境评价点" 116.136 39.742
"房山" 20160506 63.1739130434783 139.25 0.225 17.5833333333333 93.7916666666667 2 "郊区环境评价点" 116.136 39.742
"房山" 20161221 422.291666666667 460.875 8.19583333333333 156.833333333333 5.08695652173913 13.1666666666667 "郊区环境评价点" 116.136 39.742
"房山" 20160109 144.25 167.166666666667 3.55416666666667 93.9583333333333 6.20833333333333 50.2083333333333 "郊区环境评价点" 116.136 39.742
"房山" 20160817 NA 57.5833333333333 1.06666666666667 91.5833333333333 26.375 6.04166666666667 "郊区环境评价点" 116.136 39.742
"房山" 20160711 94.5454545454545 106.625 0.8125 39.625 115.875 2 "郊区环境评价点" 116.136 39.742
"房山" 20160915 83.9166666666667 103.916666666667 0.770833333333333 65.1666666666667 90.1666666666667 3.95833333333333 "郊区环境评价点" 116.136 39.742
"房山" 20160520 102.041666666667 127.25 1.0375 73.6666666666667 129.916666666667 17.375 "郊区环境评价点" 116.136 39.742
"房山" 20161113 93.4545454545455 103.75 2.27826086956522 77.3913043478261 2.78260869565217 14.9130434782609 "郊区环境评价点" 116.136 39.742
"房山" 20161029 25.7916666666667 53.0833333333333 0.645833333333333 46.3333333333333 20.5833333333333 6.75 "郊区环境评价点" 116.136 39.742
"房山" 20160725 40.3076923076923 85 0.182608695652174 31.25 59.3913043478261 4.8695652173913 "郊区环境评价点" 116.136 39.742
"房山" 20160329 26.8333333333333 78 0.4625 47.1666666666667 67.2083333333333 6.45833333333333 "郊区环境评价点" 116.136 39.742
"房山" 20160603 89.9583333333333 99.3333333333333 1.10833333333333 78.75 115.833333333333 15.7916666666667 "郊区环境评价点" 116.136 39.742
"房山" 20161127 56.125 273.833333333333 1.1 43.5416666666667 38.9166666666667 11.6666666666667 "郊区环境评价点" 116.136 39.742
"房山" 20160321 131.416666666667 146.291666666667 1.4125 93.2083333333333 56.1666666666667 24.9583333333333 "郊区环境评价点" 116.136 39.742
"房山" 20160419 76.1538461538462 66.7142857142857 1.17857142857143 75.9285714285714 41.2857142857143 17.7857142857143 "郊区环境评价点" 116.136 39.742
"房山" 20161013 148.375 141.625 1.40416666666667 68.9583333333333 45.0833333333333 7.66666666666667 "郊区环境评价点" 116.136 39.742
"房山" 20160426 89.7916666666667 114.666666666667 1.175 52.875 95.7083333333333 18.2916666666667 "郊区环境评价点" 116.136 39.742
"房山" 20161020 92.3333333333333 224.666666666667 1.33333333333333 53.3333333333333 18.7916666666667 5.875 "郊区环境评价点" 116.136 39.742
"房山" 20160624 19.5416666666667 80.9583333333333 0.329166666666667 35.375 52.7916666666667 2.29166666666667 "郊区环境评价点" 116.136 39.742
"房山" 20160305 73.2083333333333 250.916666666667 1.20416666666667 33.0833333333333 61.25 12.5833333333333 "郊区环境评价点" 116.136 39.742
"房山" 20160708 101.95652173913 360.217391304348 1.08695652173913 36.5217391304348 115 2 "郊区环境评价点" 116.136 39.742
"房山" 20160912 41.4782608695652 57.695652173913 0.821739130434783 36.0434782608696 76.2173913043478 3.04347826086957 "郊区环境评价点" 116.136 39.742
"房山" 20161103 208.125 204.416666666667 2.725 102.416666666667 9.66666666666667 12.125 "郊区环境评价点" 116.136 39.742
"房山" 20160715 37.5 52.2916666666667 0.620833333333333 41.125 52.7083333333333 2 "郊区环境评价点" 116.136 39.742
"房山" 20160319 65.0833333333333 117.208333333333 0.895833333333333 45.4166666666667 68.5 14.8333333333333 "郊区环境评价点" 116.136 39.742
"房山" 20160524 22.2916666666667 60.7916666666667 0.395833333333333 40.5416666666667 79.125 2.625 "郊区环境评价点" 116.136 39.742
"房山" 20160326 21.125 53 0.570833333333333 44.1666666666667 57.9583333333333 4.83333333333333 "郊区环境评价点" 116.136 39.742
"房山" 20160218 33.2916666666667 75.375 1.35416666666667 32.6666666666667 59.3333333333333 16.4166666666667 "郊区环境评价点" 116.136 39.742
"房山" 20161124 132.130434782609 149.416666666667 2.9375 74.0416666666667 13.2083333333333 30.9583333333333 "郊区环境评价点" 116.136 39.742
"房山" 20160210 109.708333333333 108.166666666667 3.53333333333333 79.3333333333333 18.8333333333333 64.375 "郊区环境评价点" 116.136 39.742
"房山" 20160805 63 104.125 0.833333333333333 22.7083333333333 100 5.54166666666667 "郊区环境评价点" 116.136 39.742
"房山" 20161010 81.75 80.2916666666667 1.11666666666667 73.125 15.5 12.0416666666667 "郊区环境评价点" 116.136 39.742
"房山" 20160217 72.2916666666667 66.4583333333333 2.26666666666667 61.0416666666667 33.9166666666667 29.875 "郊区环境评价点" 116.136 39.742
"房山" 20160819 16.0833333333333 53.5833333333333 1.0125 32.8333333333333 82.5416666666667 5.375 "郊区环境评价点" 116.136 39.742
"房山" 20160621 87.2083333333333 102.541666666667 0.825 51.8333333333333 125.625 2 "郊区环境评价点" 116.136 39.742
"房山" 20160430 161.75 216.375 1.39166666666667 83.625 129.083333333333 10.1666666666667 "郊区环境评价点" 116.136 39.742
"房山" 20161222 102.166666666667 339.041666666667 2.125 50.5833333333333 48.4166666666667 14.5416666666667 "郊区环境评价点" 116.136 39.742
"房山" 20160302 205.916666666667 243.125 3.70416666666667 125.916666666667 24.375 47.0833333333333 "郊区环境评价点" 116.136 39.742
"房山" 20160818 51.2857142857143 82.5416666666667 1.60833333333333 53.625 29.2916666666667 5 "郊区环境评价点" 116.136 39.742
"房山" 20160705 78.5 113.916666666667 0.8875 37.2083333333333 128.5 2 "郊区环境评价点" 116.136 39.742
"房山" 20160916 137.375 139.583333333333 1.08333333333333 50.6666666666667 92.1666666666667 4.20833333333333 "郊区环境评价点" 116.136 39.742
"房山" 20160521 80.5416666666667 123.541666666667 0.8875 62.25 119.125 16.8333333333333 "郊区环境评价点" 116.136 39.742
"房山" 20161114 46.25 134.041666666667 1.0375 43.4166666666667 40.2916666666667 22.75 "郊区环境评价点" 116.136 39.742
"房山" 20161030 46.3333333333333 75.1666666666667 0.733333333333333 50.0416666666667 21 10.6666666666667 "郊区环境评价点" 116.136 39.742
"房山" 20160726 25.8333333333333 58.5416666666667 0.1375 38.8333333333333 90.6666666666667 6.33333333333333 "郊区环境评价点" 116.136 39.742
"房山" 20160330 45.25 55.625 0.7375 57.7083333333333 63.4583333333333 11.2916666666667 "郊区环境评价点" 116.136 39.742
"房山" 20160604 85.2916666666667 125.125 0.795833333333333 44.2916666666667 135.458333333333 13.4166666666667 "郊区环境评价点" 116.136 39.742
"房山" 20161128 86.1904761904762 67.2857142857143 2.11428571428571 75.2857142857143 12.4285714285714 28.6666666666667 "郊区环境评价点" 116.136 39.742
"房山" 20160322 113.875 182.041666666667 1.30833333333333 85.2083333333333 39.375 23.7083333333333 "郊区环境评价点" 116.136 39.742
"房山" 20160420 83.0476190476191 116.25 0.952380952380952 58.8571428571429 80.3809523809524 10.0952380952381 "郊区环境评价点" 116.136 39.742
"房山" 20161014 215.083333333333 232.791666666667 1.90833333333333 90.8333333333333 34.3333333333333 9.70833333333333 "郊区环境评价点" 116.136 39.742
"房山" 20160427 92.7083333333333 116.913043478261 1.01666666666667 74.8333333333333 62.4166666666667 9.29166666666667 "郊区环境评价点" 116.136 39.742
"房山" 20161021 42.1666666666667 66.25 0.9875 48.2083333333333 12.8333333333333 2 "郊区环境评价点" 116.136 39.742
"房山" 20160625 19.2916666666667 57.4166666666667 0.270588235294118 42.4 64.8333333333333 2.625 "郊区环境评价点" 116.136 39.742
"房山" 20160306 83.3333333333333 109.041666666667 2.3625 83.0833333333333 13.2916666666667 44.9166666666667 "郊区环境评价点" 116.136 39.742
"房山" 20160709 94.2380952380952 134.909090909091 0.904545454545455 40.7727272727273 124.363636363636 2 "郊区环境评价点" 116.136 39.742
"房山" 20160913 64.4166666666667 78.3333333333333 1.05 45.4166666666667 73.875 4.66666666666667 "郊区环境评价点" 116.136 39.742
"房山" 20161104 238.583333333333 292.958333333333 3.22083333333333 116.75 7.83333333333333 9.95833333333333 "郊区环境评价点" 116.136 39.742
"房山" 20160716 49.3636363636364 60.5416666666667 0.716666666666667 48.125 57.4583333333333 2.04166666666667 "郊区环境评价点" 116.136 39.742
"房山" 20160320 81.2916666666667 90 1.025 78.625 47.7916666666667 13.2916666666667 "郊区环境评价点" 116.136 39.742
"房山" 20160525 9.91666666666667 31.5416666666667 0.2875 30.5833333333333 88.6666666666667 2.20833333333333 "郊区环境评价点" 116.136 39.742
"房山" 20160327 23.7083333333333 50.4583333333333 0.575 56.5 52.7083333333333 5.41666666666667 "郊区环境评价点" 116.136 39.742
"房山" 20160219 34.9583333333333 57.0416666666667 1.6 39.5416666666667 47.4166666666667 18.9583333333333 "郊区环境评价点" 116.136 39.742
"房山" 20161125 189.083333333333 194.208333333333 3 97 4.625 37.125 "郊区环境评价点" 116.136 39.742
"房山" 20160211 152.333333333333 184.166666666667 3.73333333333333 82.9166666666667 5.58333333333333 54.2083333333333 "郊区环境评价点" 116.136 39.742
"房山" 20160806 86.2608695652174 96.1904761904762 0.995652173913044 26.8695652173913 105.478260869565 5 "郊区环境评价点" 116.136 39.742
"房山" 20161011 116.541666666667 146.458333333333 1.40833333333333 70.125 30.0416666666667 10.7916666666667 "郊区环境评价点" 116.136 39.742
"房山" 20160630 72.2916666666667 134.666666666667 0.8375 40.75 108.083333333333 2 "郊区环境评价点" 116.136 39.742
"房山" 20160820 51.2083333333333 68 1.1375 52.875 104.458333333333 5 "郊区环境评价点" 116.136 39.742
"房山" 20160622 54.4166666666667 100.583333333333 0.625 39.375 108.583333333333 2.04166666666667 "郊区环境评价点" 116.136 39.742
"房山" 20160501 172.458333333333 218.791666666667 1.65 50.125 134.541666666667 19.0416666666667 "郊区环境评价点" 116.136 39.742
"房山" 20161223 48.7777777777778 53.125 1.05 66.1666666666667 15.1176470588235 22.9444444444444 "郊区环境评价点" 116.136 39.742
"房山" 20160303 304.791666666667 285.041666666667 4.88333333333333 145.833333333333 13.2916666666667 63.8333333333333 "郊区环境评价点" 116.136 39.742
"房山" 20161101 54.2083333333333 59.6666666666667 0.85 57.6666666666667 21.9166666666667 11.4166666666667 "郊区环境评价点" 116.136 39.742
"房山" 20160706 69.625 120.25 0.829166666666667 40.7083333333333 128.375 2.125 "郊区环境评价点" 116.136 39.742
"房山" 20160917 36.3846153846154 88.5416666666667 0.8875 50.625 46.75 4.75 "郊区环境评价点" 116.136 39.742
"房山" 20160522 50.4583333333333 88.6666666666667 0.591666666666667 69.25 107.875 7.29166666666667 "郊区环境评价点" 116.136 39.742
"房山" 20161115 44.0416666666667 68.125 1.59583333333333 73.125 11.7916666666667 22.9166666666667 "郊区环境评价点" 116.136 39.742
"房山" 20161031 6.95833333333333 50.5833333333333 0.279166666666667 26.875 46.5416666666667 3.33333333333333 "郊区环境评价点" 116.136 39.742
"房山" 20160727 50.4166666666667 74.0416666666667 0.216666666666667 53.6 109.083333333333 5.04166666666667 "郊区环境评价点" 116.136 39.742
"房山" 20160331 160.541666666667 144.416666666667 1.54583333333333 100.416666666667 66.2083333333333 37.875 "郊区环境评价点" 116.136 39.742
"房山" 20160605 87.875 116.458333333333 0.870833333333333 51.125 126.125 8.95833333333333 "郊区环境评价点" 116.136 39.742
"房山" 20161129 167.444444444444 198.333333333333 5.3 108.333333333333 2.22222222222222 40.7777777777778 "郊区环境评价点" 116.136 39.742
"房山" 20160323 27.5 87.0416666666667 0.55 41.4583333333333 60.0833333333333 4.75 "郊区环境评价点" 116.136 39.742
"房山" 20160421 81.6818181818182 112.681818181818 0.722727272727273 76.4090909090909 61.5454545454545 6.90909090909091 "郊区环境评价点" 116.136 39.742
"房山" 20161015 205.541666666667 270.958333333333 1.9125 82.75 2.125 5.58333333333333 "郊区环境评价点" 116.136 39.742
"房山" 20160428 66.875 109.166666666667 0.879166666666667 55.5416666666667 93.75 8.54166666666667 "郊区环境评价点" 116.136 39.742
"房山" 20161022 13.7916666666667 42.375 0.616666666666667 39.9166666666667 13.7916666666667 2.20833333333333 "郊区环境评价点" 116.136 39.742
"房山" 20160626 42 82.0833333333333 0.541666666666667 59.4090909090909 98.125 4.83333333333333 "郊区环境评价点" 116.136 39.742
"房山" 20160307 39.0416666666667 104.25 1.29583333333333 35.4166666666667 57.1666666666667 21.25 "郊区环境评价点" 116.136 39.742
"房山" 20161227 59.4166666666667 71.875 0.9875 49.2083333333333 31.2608695652174 14.4166666666667 "郊区环境评价点" 116.136 39.742
"房山" 20160314 88 81.8260869565217 1.42608695652174 79.2173913043478 38.695652173913 29.5217391304348 "郊区环境评价点" 116.136 39.742
"房山" 20161105 145.304347826087 220.95652173913 3.2625 112.041666666667 14.625 8.5 "郊区环境评价点" 116.136 39.742
"房山" 20160801 88.125 105.125 0.620833333333333 36.7916666666667 83.625 5.20833333333333 "郊区环境评价点" 116.136 39.742
"房山" 20160213 8.375 103.166666666667 0.7375 9.875 68.25 10.2916666666667 "郊区环境评价点" 116.136 39.742
"房山" 20160610 63.4166666666667 113.458333333333 0.633333333333333 25.25 108.25 2.04166666666667 "郊区环境评价点" 116.136 39.742
"房山" 20161204 239.5 310.708333333333 3.33333333333333 122.333333333333 8.65217391304348 26.25 "郊区环境评价点" 116.136 39.742
"房山" 20160220 16.4166666666667 30.7826086956522 1.1 23.0833333333333 64.625 13.9583333333333 "郊区环境评价点" 116.136 39.742
"房山" 20160731 65.5 103.916666666667 0.466666666666667 40.7083333333333 70.2916666666667 4.95833333333333 "郊区环境评价点" 116.136 39.742
"房山" 20160212 157.25 187.434782608696 2.89565217391304 65.1739130434783 21.4782608695652 33.7391304347826 "郊区环境评价点" 116.136 39.742
"房山" 20160609 127.380952380952 223.2 1.20952380952381 48.2380952380952 126.47619047619 4.61904761904762 "郊区环境评价点" 116.136 39.742
"房山" 20161203 210 205.416666666667 2.7125 124.916666666667 7.54166666666667 29.4166666666667 "郊区环境评价点" 116.136 39.742
"房山" 20160701 19.9090909090909 63.2916666666667 0.4875 38.5 88.125 2 "郊区环境评价点" 116.136 39.742
"房山" 20160821 47.875 80.9583333333333 0.975 50.125 111.041666666667 5.70833333333333 "郊区环境评价点" 116.136 39.742
"房山" 20160730 113.428571428571 177.45 0.428571428571429 28.4285714285714 74.8095238095238 4.90476190476191 "郊区环境评价点" 116.136 39.742
"房山" 20160502 47.1666666666667 128.583333333333 0.3375 20.9166666666667 74.7916666666667 2.54166666666667 "郊区环境评价点" 116.136 39.742
"房山" 20161224 141.458333333333 139.916666666667 2.85833333333333 89 10.2083333333333 46.7916666666667 "郊区环境评价点" 116.136 39.742
"房山" 20161117 93.1666666666667 139.375 2.0125 68.2916666666667 3.04166666666667 27.125 "郊区环境评价点" 116.136 39.742
"房山" 20160311 33.4583333333333 47.5416666666667 0.741666666666667 45 55.75 24.1666666666667 "郊区环境评价点" 116.136 39.742
"房山" 20160729 104.347826086957 106.041666666667 0.5375 32.4545454545455 118.208333333333 4.79166666666667 "郊区环境评价点" 116.136 39.742
"房山" 20161018 124.791666666667 113.166666666667 1.54166666666667 76.0416666666667 11.9166666666667 7.625 "郊区环境评价点" 116.136 39.742
"房山" 20160607 66.5833333333333 121.416666666667 0.933333333333333 29.0416666666667 104.583333333333 2 "郊区环境评价点" 116.136 39.742
"房山" 20161116 104.869565217391 109.227272727273 2.24782608695652 92.8260869565217 7.60869565217391 42.4782608695652 "郊区环境评价点" 116.136 39.742
"房山" 20160614 40.75 68.8333333333333 0.670833333333333 29.9583333333333 61.875 2.125 "郊区环境评价点" 116.136 39.742
"房山" 20160728 51.5833333333333 65.375 0.186363636363636 16 83.3333333333333 5.16666666666667 "郊区环境评价点" 116.136 39.742
"房山" 20160401 41.75 151.666666666667 0.420833333333333 32.4166666666667 72.625 6.33333333333333 "郊区环境评价点" 116.136 39.742
"房山" 20160606 110.875 121 0.933333333333333 45.5 127.166666666667 6.16666666666667 "郊区环境评价点" 116.136 39.742
"房山" 20161130 140.208333333333 208.833333333333 4.59166666666667 84.125 20.875 31.125 "郊区环境评价点" 116.136 39.742
"房山" 20160324 18.375 34.75 0.4375 45.2916666666667 60.125 4.29166666666667 "郊区环境评价点" 116.136 39.742
"房山" 20160422 29.4166666666667 75.9583333333333 0.333333333333333 21.2916666666667 101.875 2.25 "郊区环境评价点" 116.136 39.742
"房山" 20161016 101.826086956522 202.666666666667 0.933333333333333 49 33.5 8.5 "郊区环境评价点" 116.136 39.742
"房山" 20160429 116.166666666667 100.458333333333 1.17083333333333 83.2916666666667 89.6666666666667 15.4583333333333 "郊区环境评价点" 116.136 39.742
"房山" 20161023 30 49.5 0.641666666666667 48.4583333333333 21.25 4.625 "郊区环境评价点" 116.136 39.742
"房山" 20160627 70.2083333333333 88.1666666666667 0.7375 46.75 110.458333333333 4.04166666666667 "郊区环境评价点" 116.136 39.742
"房山" 20160308 10.375 28.6923076923077 0.429411764705882 17.8823529411765 71 30.4705882352941 "郊区环境评价点" 116.136 39.742
"房山" 20161228 124.208333333333 169.583333333333 1.81666666666667 49.6666666666667 44.0416666666667 15.4347826086957 "郊区环境评价点" 116.136 39.742
"房山" 20160315 164 154.047619047619 1.75714285714286 92.8095238095238 25.1428571428571 69.9523809523809 "郊区环境评价点" 116.136 39.742
"房山" 20161106 76.875 151.666666666667 0.883333333333333 50.875 34.5 11.4166666666667 "郊区环境评价点" 116.136 39.742
"房山" 20160802 54.5454545454545 103.2 0.331818181818182 29.2727272727273 99.6363636363636 4.86363636363636 "郊区环境评价点" 116.136 39.742
"房山" 20160214 4.625 25.5833333333333 0.745833333333333 7.75 80.125 6.70833333333333 "郊区环境评价点" 116.136 39.742
"房山" 20160611 15 54.6666666666667 0.395833333333333 36.9583333333333 72.4166666666667 2 "郊区环境评价点" 116.136 39.742
"房山" 20161205 73.9166666666667 215.782608695652 1.425 55.5 32.5416666666667 15.75 "郊区环境评价点" 116.136 39.742
"房山" 20160221 81.7083333333333 59.5833333333333 2.03333333333333 59.0416666666667 26.4583333333333 37.0833333333333 "郊区环境评价点" 116.136 39.742
"房山" 20160823 78.5833333333333 82.5833333333333 0.908333333333333 58.7083333333333 72.8333333333333 6.20833333333333 "郊区环境评价点" 116.136 39.742
"房山" 20161202 138.541666666667 149.833333333333 3.12608695652174 91.9130434782609 16.2608695652174 32.4347826086956 "郊区环境评价点" 116.136 39.742
"房山" 20160504 29.9166666666667 50.8333333333333 0.483333333333333 58.875 66.1666666666667 3.875 "郊区环境评价点" 116.136 39.742
"房山" 20161226 80.8095238095238 164.772727272727 1.20454545454545 61.6363636363636 20.5 22.8636363636364 "郊区环境评价点" 116.136 39.742
"房山" 20160702 41.4782608695652 54.8333333333333 0.566666666666667 43.6666666666667 92.625 2.08333333333333 "郊区环境评价点" 116.136 39.742
"房山" 20160822 51.0909090909091 73.75 0.95 54.1666666666667 100.25 7.52173913043478 "郊区环境评价点" 116.136 39.742
"房山" 20161201 75.8695652173913 113.173913043478 3.22727272727273 56.6818181818182 37.7727272727273 25.6818181818182 "郊区环境评价点" 116.136 39.742
"房山" 20160503 30.5217391304348 67.5416666666667 0.341666666666667 34.4583333333333 63.0416666666667 2.29166666666667 "郊区环境评价点" 116.136 39.742
"房山" 20161225 161.615384615385 196.461538461538 2.88461538461538 108.615384615385 4.69230769230769 41.6153846153846 "郊区环境评价点" 116.136 39.742
"房山" 20161118 166.291666666667 154.625 3.60416666666667 89.0416666666667 2.125 31.375 "郊区环境评价点" 116.136 39.742
"房山" 20160312 122.875 103.916666666667 1.75416666666667 85 32.8333333333333 46.5 "郊区环境评价点" 116.136 39.742
"房山" 20161024 71.2083333333333 73.9583333333333 1.19583333333333 60.0416666666667 2.54166666666667 5.29166666666667 "郊区环境评价点" 116.136 39.742
"房山" 20160628 77 92.6666666666667 0.7 36.5 53.125 2 "郊区环境评价点" 116.136 39.742
"房山" 20160608 167.75 148.041666666667 1.34583333333333 47.5833333333333 99.625 2.08333333333333 "郊区环境评价点" 116.136 39.742
"房山" 20160613 49.4583333333333 70.9583333333333 0.658333333333333 40 75.0416666666667 2.08333333333333 "郊区环境评价点" 116.136 39.742
"房山" 20160615 24.4166666666667 44.25 0.55 39.9166666666667 88.9583333333333 2 "郊区环境评价点" 116.136 39.742
"房山" 20160424 84.1666666666667 76.1666666666667 0.933333333333333 67.0833333333333 74.0416666666667 23 "郊区环境评价点" 116.136 39.742
"房山" 20160803 58.0952380952381 88.7222222222222 0.233333333333333 27.4761904761905 139.285714285714 5.23809523809524 "郊区环境评价点" 116.136 39.742
"房山" 20160225 41.375 53.75 1.675 36.6666666666667 50.125 20.7916666666667 "郊区环境评价点" 116.136 39.742
"房山" 20160612 61.695652173913 65.9583333333333 0.808333333333333 49.8333333333333 95.5 2.70833333333333 "郊区环境评价点" 116.136 39.742
"房山" 20160629 129.142857142857 149.458333333333 0.995833333333333 49.4166666666667 67.6666666666667 2 "郊区环境评价点" 116.136 39.742
"房山" 20160423 26.7083333333333 50.7083333333333 0.383333333333333 46.6666666666667 60.875 3.41666666666667 "郊区环境评价点" 116.136 39.742
"房山" 20161017 68.4347826086957 112.875 1.1 62.5833333333333 21.8333333333333 7.95833333333333 "郊区环境评价点" 116.136 39.742
"房山" 20160224 40.5 45.8333333333333 1.6875 42.0833333333333 43.4583333333333 22.6666666666667 "郊区环境评价点" 116.136 39.742
"房山" 20160229 32.7 50.2 2.1 63.5 16.9 20.1 "郊区环境评价点" 116.136 39.742
"房山" 20161108 42.25 45.75 0.808333333333333 55.4166666666667 23.5 10.625 "郊区环境评价点" 116.136 39.742
"房山" 20160309 13.7083333333333 24.2272727272727 0.420833333333333 16.1666666666667 69.2083333333333 8.83333333333333 "郊区环境评价点" 116.136 39.742
"房山" 20160226 60.125 60.25 1.7 50.7083333333333 47.7083333333333 26.2916666666667 "郊区环境评价点" 116.136 39.742
"房山" 20160316 247.625 255.6875 3.04375 111.375 28.4375 44.125 "郊区环境评价点" 116.136 39.742
"房山" 20161107 43.1666666666667 95.4583333333333 0.658333333333333 44 29.8333333333333 8.375 "郊区环境评价点" 116.136 39.742
"房山" 20160228 45.1666666666667 66.375 1.78333333333333 42.3333333333333 43.75 18.75 "郊区环境评价点" 116.136 39.742
"房山" 20160215 15.7916666666667 25.1666666666667 1.07916666666667 27.2083333333333 58.4166666666667 13.0833333333333 "郊区环境评价点" 116.136 39.742
"房山" 20160313 35.5416666666667 117 0.695833333333333 38.8333333333333 75.125 12.375 "郊区环境评价点" 116.136 39.742
"房山" 20161206 86.695652173913 74.2083333333333 1.95 81.25 15.5652173913043 29.25 "郊区环境评价点" 116.136 39.742
"房山" 20160222 103.5 162.130434782609 2.19166666666667 55.4166666666667 38.7916666666667 32.0416666666667 "郊区环境评价点" 116.136 39.742
"房山" 20160824 85.1666666666667 111.125 1.10416666666667 70.2916666666667 66.5416666666667 5.20833333333333 "郊区环境评价点" 116.136 39.742
"房山" 20161027 29.25 66.2916666666667 0.933333333333333 58.25 2.54166666666667 4.41666666666667 "郊区环境评价点" 116.136 39.742
"房山" 20160317 NA NA NA NA NA NA "郊区环境评价点" 116.136 39.742
"房山" 20161208 115.583333333333 222.913043478261 2.07916666666667 65.375 41.7391304347826 25.9166666666667 "郊区环境评价点" 116.136 39.742
"房山" 20160703 58.875 83.9166666666667 0.8125 57.1666666666667 127.125 2.66666666666667 "郊区环境评价点" 116.136 39.742
"房山" 20160216 31.75 42.9583333333333 1.4125 33.4583333333333 57.6666666666667 22.0833333333333 "郊区环境评价点" 116.136 39.742
"房山" 20161026 47.6190476190476 112.105263157895 0.842857142857143 53.3809523809524 20.5714285714286 5.23809523809524 "郊区环境评价点" 116.136 39.742
"房山" 20161207 147.521739130435 154.478260869565 3.06086956521739 109.434782608696 13.1818181818182 32.5217391304348 "郊区环境评价点" 116.136 39.742
"房山" 20160223 10.7272727272727 54.0833333333333 0.9375 14 73.0833333333333 9.66666666666667 "郊区环境评价点" 116.136 39.742
"房山" 20161028 7.45833333333333 43.2916666666667 0.375 36.1666666666667 37.0416666666667 3.125 "郊区环境评价点" 116.136 39.742
"房山" 20161209 33 63.6190476190476 0.956521739130435 58.2608695652174 23.3181818181818 45.1304347826087 "郊区环境评价点" 116.136 39.742
"房山" 20161025 95.3333333333333 112.833333333333 1.62083333333333 64.25 8.58333333333333 6.5 "郊区环境评价点" 116.136 39.742
"房山" 20160301 163.153846153846 156.769230769231 2.41666666666667 105.666666666667 35.5384615384615 44.25 "郊区环境评价点" 116.136 39.742
"房山" 20160227 28.625 69.2083333333333 1.375 44.25 45.4583333333333 20 "郊区环境评价点" 116.136 39.742
"房山" 20160825 23.375 85.375 0.433333333333333 39.9583333333333 47.75 6.45833333333333 "郊区环境评价点" 116.136 39.742
"房山" 20160704 100.291666666667 119.791666666667 0.916666666666667 40.1666666666667 122.041666666667 2 "郊区环境评价点" 116.136 39.742
"房山" 20160804 86.125 94.8333333333333 1.06666666666667 27.2916666666667 127.291666666667 4.95833333333333 "郊区环境评价点" 116.136 39.742
"房山" 20160310 19.2083333333333 31.0833333333333 0.4 20.4583333333333 75.625 9.41666666666667 "郊区环境评价点" 116.136 39.742
