"八达岭" 20160427 67.75 97.0434782608696 0.716666666666667 92.5 50.0909090909091 8 "对照点及区域点" 115.988 40.365
"八达岭" 20160425 83.5454545454545 122.833333333333 0.775 45.75 101.708333333333 9.625 "对照点及区域点" 115.988 40.365
"八达岭" 20160424 77.0454545454545 68.3478260869565 0.756521739130435 69.6521739130435 60 14.8260869565217 "对照点及区域点" 115.988 40.365
"八达岭" 20160523 56.5416666666667 76.7916666666667 0.645833333333333 63.2916666666667 76.75 7.91666666666667 "对照点及区域点" 115.988 40.365
"八达岭" 20160519 88.3333333333333 113.791666666667 0.595833333333333 51.6190476190476 167.375 4.91666666666667 "对照点及区域点" 115.988 40.365
"八达岭" 20160520 98.5833333333333 129.666666666667 0.845833333333333 59.75 170.708333333333 10.2083333333333 "对照点及区域点" 115.988 40.365
"八达岭" 20160512 36.4545454545455 152.583333333333 0.270833333333333 24.6666666666667 86.9047619047619 2 "对照点及区域点" 115.988 40.365
"八达岭" 20160505 64.625 64.5416666666667 0.504166666666667 51.8333333333333 61.5416666666667 8.875 "对照点及区域点" 115.988 40.365
"八达岭" 20160717 NA NA NA NA NA NA "对照点及区域点" 115.988 40.365
"八达岭" 20160522 46 94.4166666666667 0.4375 41 149.916666666667 5.54166666666667 "对照点及区域点" 115.988 40.365
"八达岭" 20160521 83.9130434782609 128.95652173913 0.752173913043478 57.695652173913 151.391304347826 11.2173913043478 "对照点及区域点" 115.988 40.365
"八达岭" 20160426 81.6666666666667 104.375 1.2 62.25 85.9583333333333 20.9583333333333 "对照点及区域点" 115.988 40.365
"八达岭" 20160416 27.9130434782609 71.9583333333333 0.329166666666667 14.25 61.3333333333333 2.54166666666667 "对照点及区域点" 115.988 40.365
"八达岭" 20160419 63.3684210526316 54.7647058823529 1.13157894736842 63.4210526315789 28.6842105263158 13.1578947368421 "对照点及区域点" 115.988 40.365
"八达岭" 20160418 11.05 37.2777777777778 0.245 33 57.65 3.15 "对照点及区域点" 115.988 40.365
"八达岭" 20160101 91.6818181818182 92.3333333333333 1.70833333333333 83.375 4.33333333333333 55.625 "对照点及区域点" 115.988 40.365
"八达岭" 20160525 15.9166666666667 41 0.304166666666667 35 82.4583333333333 4.08333333333333 "对照点及区域点" 115.988 40.365
"八达岭" 20160415 41.2727272727273 63.7083333333333 0.65 43.875 45.9565217391304 9.125 "对照点及区域点" 115.988 40.365
"八达岭" 20160420 67.3809523809524 107.0625 0.804761904761905 61 53.6666666666667 11.0952380952381 "对照点及区域点" 115.988 40.365
"八达岭" 20160821 61.7916666666667 81.9583333333333 2.1625 39.5416666666667 102.541666666667 4.75 "对照点及区域点" 115.988 40.365
"八达岭" 20160524 15.7916666666667 56.8333333333333 0.316666666666667 33.2083333333333 77.5 4.91666666666667 "对照点及区域点" 115.988 40.365
"八达岭" 20160417 10.7916666666667 47.1428571428571 0.358333333333333 21.5416666666667 61.9583333333333 3.20833333333333 "对照点及区域点" 115.988 40.365
"八达岭" 20160509 38.9375 67.7916666666667 0.3625 57.8695652173913 36.5416666666667 2.57142857142857 "对照点及区域点" 115.988 40.365
"八达岭" 20160504 32.875 50.4166666666667 0.345833333333333 53.9166666666667 58.8333333333333 5.54166666666667 "对照点及区域点" 115.988 40.365
"八达岭" 20161109 NA NA NA NA NA NA "对照点及区域点" 115.988 40.365
"八达岭" 20160205 10.0833333333333 36.7083333333333 0.370833333333333 8.70833333333333 76.2916666666667 8.20833333333333 "对照点及区域点" 115.988 40.365
"八达岭" 20160518 66.3333333333333 95.0833333333333 0.5625 52.4583333333333 157.875 5.33333333333333 "对照点及区域点" 115.988 40.365
"八达岭" 20160428 72 96.75 0.825 64 104 9.75 "对照点及区域点" 115.988 40.365
"八达岭" 20160503 39.2666666666667 70.9583333333333 0.104166666666667 54.375 61.3333333333333 3.15384615384615 "对照点及区域点" 115.988 40.365
"八达岭" 20160423 20.6521739130435 67.3478260869565 0.378260869565217 39.4782608695652 56.9565217391304 8.04347826086956 "对照点及区域点" 115.988 40.365
"八达岭" 20160814 16.5833333333333 32.375 0.504166666666667 35.3333333333333 52.0416666666667 3 "对照点及区域点" 115.988 40.365
"八达岭" 20160517 43.2083333333333 73.0833333333333 0.479166666666667 53.7916666666667 145.291666666667 7.95833333333333 "对照点及区域点" 115.988 40.365
"八达岭" 20161009 NA NA NA NA NA NA "对照点及区域点" 115.988 40.365
"八达岭" 20160115 43.625 50.125 0.908333333333333 65.3181818181818 16.1666666666667 29.5 "对照点及区域点" 115.988 40.365
"八达岭" 20160422 33.5833333333333 107.875 0.233333333333333 27.2916666666667 76.0833333333333 3.70833333333333 "对照点及区域点" 115.988 40.365
"八达岭" 20160818 58 93.0555555555556 1.48333333333333 23.9411764705882 49.5 2 "对照点及区域点" 115.988 40.365
"八达岭" 20160429 117.75 109.333333333333 0.9625 76.7916666666667 91.3333333333333 8.5 "对照点及区域点" 115.988 40.365
"八达岭" 20160102 93.35 128.272727272727 1.64545454545455 72.0869565217391 7.13636363636364 58.9090909090909 "对照点及区域点" 115.988 40.365
"八达岭" 20160506 66.5714285714286 170.708333333333 0.191666666666667 18.5833333333333 81.6666666666667 2.16666666666667 "对照点及区域点" 115.988 40.365
"八达岭" 20160501 211.238095238095 217.333333333333 1.52380952380952 49.4285714285714 143 6.28571428571429 "对照点及区域点" 115.988 40.365
"八达岭" 20160918 22.4090909090909 47.85 0.368181818181818 37.4545454545455 16.3636363636364 2 "对照点及区域点" 115.988 40.365
"八达岭" 20160513 25.875 43.1666666666667 0.258333333333333 37.375 90.875 2.75 "对照点及区域点" 115.988 40.365
"八达岭" 20160116 129.375 129 2.25416666666667 76.7916666666667 6.20833333333333 29.5833333333333 "对照点及区域点" 115.988 40.365
"八达岭" 20160718 134.454545454545 137.333333333333 2.65454545454545 52.3333333333333 126.363636363636 2.18181818181818 "对照点及区域点" 115.988 40.365
"八达岭" 20160430 147.541666666667 201.125 0.966666666666667 58.4166666666667 148.458333333333 5.45833333333333 "对照点及区域点" 115.988 40.365
"八达岭" 20160831 16.9166666666667 46.875 0.325 40.2083333333333 49.75 5.95833333333333 "对照点及区域点" 115.988 40.365
"八达岭" 20160527 37.75 59.8333333333333 0.395833333333333 45.7916666666667 112.833333333333 7.19047619047619 "对照点及区域点" 115.988 40.365
"八达岭" 20160206 11.0833333333333 40.625 0.354166666666667 11.0416666666667 68.9166666666667 11.2916666666667 "对照点及区域点" 115.988 40.365
"八达岭" 20160929 NA NA NA NA NA NA "对照点及区域点" 115.988 40.365
"八达岭" 20160122 7.375 46.9583333333333 0.3875 13.6666666666667 64.5 4.5 "对照点及区域点" 115.988 40.365
"八达岭" 20161119 NA NA NA NA NA NA "对照点及区域点" 115.988 40.365
"八达岭" 20160526 26.3181818181818 52.7826086956522 0.265217391304348 42.304347826087 74.4782608695652 4.17391304347826 "对照点及区域点" 115.988 40.365
"八达岭" 20160815 24.75 36.1666666666667 0.579166666666667 47.1304347826087 43.875 2.04347826086957 "对照点及区域点" 115.988 40.365
"八达岭" 20160421 28.2272727272727 77.3181818181818 0.327272727272727 32.8636363636364 79.1818181818182 5.95454545454545 "对照点及区域点" 115.988 40.365
"八达岭" 20160822 80.0833333333333 101.208333333333 1.51739130434783 59.2083333333333 75.0833333333333 3.54166666666667 "对照点及区域点" 115.988 40.365
"八达岭" 20160212 117.041666666667 134.333333333333 1.50416666666667 28.375 39.875 9 "对照点及区域点" 115.988 40.365
"八达岭" 20161210 47.5 52.2916666666667 1.24583333333333 56.75 11.2173913043478 27.5416666666667 "对照点及区域点" 115.988 40.365
"八达岭" 20160510 40.3846153846154 51.9583333333333 0.420833333333333 45.4583333333333 69.4166666666667 3.41666666666667 "对照点及区域点" 115.988 40.365
"八达岭" 20161019 NA NA NA NA NA NA "对照点及区域点" 115.988 40.365
"八达岭" 20161110 NA NA NA NA NA NA "对照点及区域点" 115.988 40.365
"八达岭" 20160502 62 167.166666666667 0.333333333333333 25.9166666666667 50.5833333333333 2.41666666666667 "对照点及区域点" 115.988 40.365
"八达岭" 20160828 47.4583333333333 61.7916666666667 1.68333333333333 21.5416666666667 45.3333333333333 5.54166666666667 "对照点及区域点" 115.988 40.365
"八达岭" 20160919 NA NA NA NA NA NA "对照点及区域点" 115.988 40.365
"八达岭" 20160516 17.9166666666667 39.5416666666667 0.283333333333333 43.5 80.8333333333333 3.41666666666667 "对照点及区域点" 115.988 40.365
"八达岭" 20160729 122.625 111.791666666667 1 50.8571428571429 119.875 2 "对照点及区域点" 115.988 40.365
"八达岭" 20160911 NA NA NA NA NA NA "对照点及区域点" 115.988 40.365
"八达岭" 20160928 NA NA NA NA NA NA "对照点及区域点" 115.988 40.365
"八达岭" 20161010 NA NA NA NA NA NA "对照点及区域点" 115.988 40.365
"八达岭" 20160202 15.2380952380952 29.2380952380952 0.457142857142857 21.2380952380952 59.9523809523809 14.6666666666667 "对照点及区域点" 115.988 40.365
"八达岭" 20160728 50.5 66.125 0.65 49.3333333333333 100.958333333333 2.80952380952381 "对照点及区域点" 115.988 40.365
"八达岭" 20160819 12.5714285714286 28.6428571428571 1.92307692307692 31.6923076923077 68.3076923076923 2 "对照点及区域点" 115.988 40.365
"八达岭" 20160209 28.6666666666667 31.125 0.733333333333333 23.6666666666667 63.3333333333333 16.5416666666667 "对照点及区域点" 115.988 40.365
"八达岭" 20160103 135 162.125 1.8875 78.6666666666667 17.8333333333333 20.5 "对照点及区域点" 115.988 40.365
"八达岭" 20160507 18.2272727272727 46.5416666666667 0.279166666666667 41.375 73.125 4.83333333333333 "对照点及区域点" 115.988 40.365
"八达岭" 20160216 8.79166666666667 66 0.2875 13.3333333333333 72.9583333333333 6.75 "对照点及区域点" 115.988 40.365
"八达岭" 20160902 8.54166666666667 28.4166666666667 0.245833333333333 23.8333333333333 24.6666666666667 2.58333333333333 "对照点及区域点" 115.988 40.365
"八达岭" 20160514 26.7916666666667 51.4166666666667 0.345833333333333 51.7083333333333 49.6666666666667 2 "对照点及区域点" 115.988 40.365
"八达岭" 20160117 23.0416666666667 98.625 0.575 25.125 54.125 12.0416666666667 "对照点及区域点" 115.988 40.365
"八达岭" 20160719 73.9166666666667 146 1.60526315789474 55.0416666666667 44.3333333333333 2.625 "对照点及区域点" 115.988 40.365
"八达岭" 20160119 15.125 52.4166666666667 0.454166666666667 30.4166666666667 41.4166666666667 14.375 "对照点及区域点" 115.988 40.365
"八达岭" 20160901 9.625 48.7916666666667 0.270833333333333 34.7916666666667 39.9545454545455 4.45833333333333 "对照点及区域点" 115.988 40.365
"八达岭" 20160528 70.5 92.4583333333333 0.770833333333333 53.25 145.166666666667 8.33333333333333 "对照点及区域点" 115.988 40.365
"八达岭" 20160207 19.2916666666667 43.25 0.354166666666667 9.45833333333333 78.875 14.4583333333333 "对照点及区域点" 115.988 40.365
"八达岭" 20160930 NA NA NA NA NA NA "对照点及区域点" 115.988 40.365
"八达岭" 20160123 7.33333333333333 37.2083333333333 0.304166666666667 11.4166666666667 61.7083333333333 5.66666666666667 "对照点及区域点" 115.988 40.365
"八达岭" 20161120 NA NA NA NA NA NA "对照点及区域点" 115.988 40.365
"八达岭" 20161212 171.684210526316 230.368421052632 2.27777777777778 93.9473684210526 10.5 24.0526315789474 "对照点及区域点" 115.988 40.365
"八达岭" 20160816 23.6086956521739 38.3333333333333 0.504166666666667 27.9583333333333 59.2916666666667 2 "对照点及区域点" 115.988 40.365
"八达岭" 20161021 NA NA NA NA NA NA "对照点及区域点" 115.988 40.365
"八达岭" 20160823 88.8333333333333 98.9166666666667 0.779166666666667 75.1666666666667 41.8333333333333 3.5 "对照点及区域点" 115.988 40.365
"八达岭" 20160213 10.4166666666667 83.875 0.420833333333333 8.29166666666667 69.125 6.16666666666667 "对照点及区域点" 115.988 40.365
"八达岭" 20161211 135.375 100.565217391304 2.04583333333333 97.0416666666667 7.625 22.0833333333333 "对照点及区域点" 115.988 40.365
"八达岭" 20160511 153.875 119.166666666667 1.04583333333333 75.5 82.625 6.16666666666667 "对照点及区域点" 115.988 40.365
"八达岭" 20161020 NA NA NA NA NA NA "对照点及区域点" 115.988 40.365
"八达岭" 20161111 NA NA NA NA NA NA "对照点及区域点" 115.988 40.365
"八达岭" 20160913 89.1666666666667 80.0416666666667 0.6625 57.7916666666667 56.25 2.08333333333333 "对照点及区域点" 115.988 40.365
"八达岭" 20160829 50.8333333333333 177.208333333333 1.09583333333333 35.1818181818182 56.2916666666667 5.375 "对照点及区域点" 115.988 40.365
"八达岭" 20160920 NA NA NA NA NA NA "对照点及区域点" 115.988 40.365
"八达岭" 20160204 13.7916666666667 31.0416666666667 0.458333333333333 16.125 66.3333333333333 13.5833333333333 "对照点及区域点" 115.988 40.365
"八达岭" 20160730 133.142857142857 191.4 1.22857142857143 46.6666666666667 88.7142857142857 2 "对照点及区域点" 115.988 40.365
"八达岭" 20160912 41.3333333333333 47.6363636363636 0.545454545454545 50.3636363636364 65.7272727272727 3.72727272727273 "对照点及区域点" 115.988 40.365
"八达岭" 20160120 62.125 49.7916666666667 1.44583333333333 71.2916666666667 7 34.25 "对照点及区域点" 115.988 40.365
"八达岭" 20161011 NA NA NA NA NA NA "对照点及区域点" 115.988 40.365
"八达岭" 20160203 27.75 35.6666666666667 0.5875 32.2083333333333 45.7916666666667 21.8333333333333 "对照点及区域点" 115.988 40.365
"八达岭" 20160218 14.9583333333333 38.8333333333333 0.3125 22.625 62.9166666666667 6.83333333333333 "对照点及区域点" 115.988 40.365
"八达岭" 20160820 41.125 39.5416666666667 1.97916666666667 38.7916666666667 67.4166666666667 2 "对照点及区域点" 115.988 40.365
"八达岭" 20160210 59.0833333333333 63.2083333333333 1.44583333333333 41.9166666666667 48.7083333333333 35.4583333333333 "对照点及区域点" 115.988 40.365
"八达岭" 20160104 12.5416666666667 93.6521739130435 0.429166666666667 18.6666666666667 56.7916666666667 7.54166666666667 "对照点及区域点" 115.988 40.365
"八达岭" 20160508 51.6666666666667 59.5833333333333 0.55 67.0416666666667 81.7083333333333 7.95833333333333 "对照点及区域点" 115.988 40.365
"八达岭" 20160217 18.1666666666667 35.5833333333333 0.354166666666667 23 63.6666666666667 16.75 "对照点及区域点" 115.988 40.365
"八达岭" 20160903 15.4210526315789 33 0.37 42.35 45.6842105263158 3.65 "对照点及区域点" 115.988 40.365
"八达岭" 20160515 23.25 42.5833333333333 0.3875 40.9166666666667 54 2.79166666666667 "对照点及区域点" 115.988 40.365
"八达岭" 20160118 8.5 42.6666666666667 0.470833333333333 13.7083333333333 63.3333333333333 3.125 "对照点及区域点" 115.988 40.365
"八达岭" 20160720 26.875 67.75 0.570833333333333 30.5416666666667 46.6666666666667 2.04166666666667 "对照点及区域点" 115.988 40.365
"八达岭" 20160125 18.3333333333333 74.7083333333333 0.404166666666667 19.7916666666667 56.5833333333333 17.375 "对照点及区域点" 115.988 40.365
"八达岭" 20161122 NA NA NA NA NA NA "对照点及区域点" 115.988 40.365
"八达岭" 20160529 22.25 67.4166666666667 0.383333333333333 59.8333333333333 75.875 4.75 "对照点及区域点" 115.988 40.365
"八达岭" 20160208 18.4583333333333 57.625 0.333333333333333 9.91666666666667 75.9166666666667 10.5833333333333 "对照点及区域点" 115.988 40.365
"八达岭" 20161001 NA NA NA NA NA NA "对照点及区域点" 115.988 40.365
"八达岭" 20160124 13.5416666666667 109.25 0.441666666666667 12.4583333333333 63 7.125 "对照点及区域点" 115.988 40.365
"八达岭" 20161121 NA NA NA NA NA NA "对照点及区域点" 115.988 40.365
"八达岭" 20161213 21.3913043478261 94.1304347826087 0.547826086956522 51.8695652173913 22.9565217391304 16.0869565217391 "对照点及区域点" 115.988 40.365
"八达岭" 20160817 66.1739130434783 61.5217391304348 0.734782608695652 30.0434782608696 36.1739130434783 2 "对照点及区域点" 115.988 40.365
"八达岭" 20161022 NA NA NA NA NA NA "对照点及区域点" 115.988 40.365
"八达岭" 20160824 82.5833333333333 128.125 0.8375 40.875 60.5833333333333 4.79166666666667 "对照点及区域点" 115.988 40.365
"八达岭" 20160214 7.95833333333333 22.5833333333333 0.345833333333333 8.95833333333333 69.5 5.08333333333333 "对照点及区域点" 115.988 40.365
"八达岭" 20160108 13.875 37.4166666666667 0.458333333333333 21.7916666666667 46.6666666666667 17.25 "对照点及区域点" 115.988 40.365
"八达岭" 20160907 NA NA NA NA NA NA "对照点及区域点" 115.988 40.365
"八达岭" 20161105 NA NA NA NA NA NA "对照点及区域点" 115.988 40.365
"八达岭" 20161112 NA NA NA NA NA NA "对照点及区域点" 115.988 40.365
"八达岭" 20160914 82.1666666666667 130.375 0.6125 43.7916666666667 71.7916666666667 2.875 "对照点及区域点" 115.988 40.365
"八达岭" 20160830 21.2272727272727 77.2173913043478 0.454545454545455 43.695652173913 68.6818181818182 4 "对照点及区域点" 115.988 40.365
"八达岭" 20160921 NA NA NA NA NA NA "对照点及区域点" 115.988 40.365
"八达岭" 20160404 39.5416666666667 47.2916666666667 0.433333333333333 38.5 70.8333333333333 9.70833333333333 "对照点及区域点" 115.988 40.365
"八达岭" 20160731 57.625 117.333333333333 0.754166666666667 48.7083333333333 59.4583333333333 2.66666666666667 "对照点及区域点" 115.988 40.365
"八达岭" 20160807 17.7391304347826 66 0.426086956521739 19.8260869565217 63.2608695652174 2 "对照点及区域点" 115.988 40.365
"八达岭" 20160121 73.75 118.666666666667 1.79166666666667 59.75 24.9166666666667 21.7083333333333 "对照点及区域点" 115.988 40.365
"八达岭" 20161012 NA NA NA NA NA NA "对照点及区域点" 115.988 40.365
"八达岭" 20160609 137.428571428571 191.75 2.39047619047619 63.8571428571429 129.666666666667 3.33333333333333 "对照点及区域点" 115.988 40.365
"八达岭" 20160219 14.7916666666667 38.7083333333333 0.3625 20.4166666666667 56.5416666666667 5.25 "对照点及区域点" 115.988 40.365
"八达岭" 20161217 69.2916666666667 70.9166666666667 1.58333333333333 67.9583333333333 9.16666666666667 57.1666666666667 "对照点及区域点" 115.988 40.365
"八达岭" 20160211 98.3333333333333 122.625 1.92916666666667 48.375 28.9583333333333 30.9166666666667 "对照点及区域点" 115.988 40.365
"八达岭" 20160105 10.875 41.25 0.366666666666667 16.4583333333333 50.75 5.70833333333333 "对照点及区域点" 115.988 40.365
"八达岭" 20160707 115.708333333333 126.125 2.34583333333333 53.7083333333333 152.416666666667 2.41666666666667 "对照点及区域点" 115.988 40.365
"八达岭" 20160112 13 45.304347826087 0.541666666666667 16.0416666666667 56.9166666666667 5.95833333333333 "对照点及区域点" 115.988 40.365
"八达岭" 20160904 93.75 75.1666666666667 0.7625 57.4583333333333 71.4583333333333 2.125 "对照点及区域点" 115.988 40.365
"八达岭" 20160714 39.8181818181818 48.75 0.6 46.5833333333333 82.125 2.16666666666667 "对照点及区域点" 115.988 40.365
"八达岭" 20160311 14.1666666666667 53.8333333333333 0.383333333333333 28.4583333333333 55.625 7 "对照点及区域点" 115.988 40.365
"八达岭" 20160721 16.375 19.9166666666667 0.5625 34.5833333333333 27.6666666666667 2.38095238095238 "对照点及区域点" 115.988 40.365
"八达岭" 20160126 22 48 0.4125 30.1666666666667 48.7916666666667 17.4166666666667 "对照点及区域点" 115.988 40.365
"八达岭" 20161123 NA NA NA NA NA NA "对照点及区域点" 115.988 40.365
"八达岭" 20160530 68.8333333333333 96.5833333333333 0.8 66.0833333333333 166.875 10.125 "对照点及区域点" 115.988 40.365
"八达岭" 20161130 NA NA NA NA NA NA "对照点及区域点" 115.988 40.365
"八达岭" 20161002 NA NA NA NA NA NA "对照点及区域点" 115.988 40.365
"八达岭" 20160811 127.125 142.625 1.0625 73.5 74.4166666666667 2 "对照点及区域点" 115.988 40.365
"八达岭" 20161207 23.8695652173913 55.5217391304348 0.543478260869565 45.695652173913 41.3478260869565 12.6086956521739 "对照点及区域点" 115.988 40.365
"八达岭" 20161214 17.9583333333333 44.625 0.620833333333333 44.1666666666667 32.1739130434783 19.75 "对照点及区域点" 115.988 40.365
"八达岭" 20160613 35.0476190476191 75.1818181818182 0.509090909090909 54.2727272727273 70.1363636363636 2 "对照点及区域点" 115.988 40.365
"八达岭" 20161023 NA NA NA NA NA NA "对照点及区域点" 115.988 40.365
"八达岭" 20160825 14.875 64.125 0.291666666666667 27.375 48.625 2.33333333333333 "对照点及区域点" 115.988 40.365
"八达岭" 20160215 9.04166666666667 43.375 0.341666666666667 7.91666666666667 75 4.45833333333333 "对照点及区域点" 115.988 40.365
"八达岭" 20160109 30.4117647058824 35.4347826086956 0.682608695652174 35.1739130434783 31.2173913043478 23.0869565217391 "对照点及区域点" 115.988 40.365
"八达岭" 20160908 NA NA NA NA NA NA "对照点及区域点" 115.988 40.365
"八达岭" 20161106 NA NA NA NA NA NA "对照点及区域点" 115.988 40.365
"八达岭" 20161113 NA NA NA NA NA NA "对照点及区域点" 115.988 40.365
"八达岭" 20160915 41.6666666666667 72.5416666666667 0.466666666666667 47.0833333333333 52.375 5.95833333333333 "对照点及区域点" 115.988 40.365
"八达岭" 20161205 38 107 0.8375 38.4166666666667 37.75 13.0833333333333 "对照点及区域点" 115.988 40.365
"八达岭" 20160922 NA NA NA NA NA NA "对照点及区域点" 115.988 40.365
"八达岭" 20160405 80.2083333333333 78 0.695833333333333 49.8333333333333 87.0416666666667 16.2083333333333 "对照点及区域点" 115.988 40.365
"八达岭" 20160801 60 82.9166666666667 1.6625 52.125 67.8333333333333 2.8695652173913 "对照点及区域点" 115.988 40.365
"八达岭" 20160808 24.7777777777778 31.7647058823529 0.482352941176471 15.5555555555556 71.7222222222222 2 "对照点及区域点" 115.988 40.365
"八达岭" 20161204 92.2916666666667 134.916666666667 1.89583333333333 76.3333333333333 8 40.7916666666667 "对照点及区域点" 115.988 40.365
"八达岭" 20161013 NA NA NA NA NA NA "对照点及区域点" 115.988 40.365
"八达岭" 20160610 28.5 95.9583333333333 1.725 33.0416666666667 95.0416666666667 2.08333333333333 "对照点及区域点" 115.988 40.365
"八达岭" 20160220 12.5 28.5652173913043 0.3625 28.7916666666667 50.1666666666667 5.625 "对照点及区域点" 115.988 40.365
"八达岭" 20161218 86.625 104.541666666667 1.6125 65.875 7.8695652173913 37.125 "对照点及区域点" 115.988 40.365
"八达岭" 20161203 95.1666666666667 89.875 1.9625 74.0833333333333 5.79166666666667 49.5416666666667 "对照点及区域点" 115.988 40.365
"八达岭" 20160106 18.4583333333333 47.4583333333333 0.5125 25.2916666666667 39.2083333333333 10.625 "对照点及区域点" 115.988 40.365
"八达岭" 20160708 133.260869565217 167.130434782609 2.37391304347826 52.4347826086956 109.652173913043 2 "对照点及区域点" 115.988 40.365
"八达岭" 20160113 10.375 48.6666666666667 0.3 18.0833333333333 62.5833333333333 6 "对照点及区域点" 115.988 40.365
"八达岭" 20160905 27 95.25 0.443478260869565 45.0869565217391 33.625 4.70833333333333 "对照点及区域点" 115.988 40.365
"八达岭" 20160715 30.2222222222222 52.85 0.526315789473684 49.8 41.3 2 "对照点及区域点" 115.988 40.365
"八达岭" 20160312 73.4583333333333 59.75 1.09583333333333 68.2916666666667 24.2916666666667 22.125 "对照点及区域点" 115.988 40.365
"八达岭" 20160722 44.4117647058824 42.5882352941176 0.794117647058824 40.6470588235294 31.7692307692308 2 "对照点及区域点" 115.988 40.365
"八达岭" 20160127 31.4666666666667 43.8 0.866666666666667 45.9333333333333 24.6 26.6 "对照点及区域点" 115.988 40.365
"八达岭" 20161124 NA NA NA NA NA NA "对照点及区域点" 115.988 40.365
"八达岭" 20160531 63.5909090909091 112.958333333333 0.808333333333333 53.3333333333333 92.3333333333333 9.08333333333333 "对照点及区域点" 115.988 40.365
"八达岭" 20161201 NA NA NA NA NA NA "对照点及区域点" 115.988 40.365
"八达岭" 20161003 NA NA NA NA NA NA "对照点及区域点" 115.988 40.365
"八达岭" 20160812 103.4 172.384615384615 0.933333333333333 46.2666666666667 26.7333333333333 4.2 "对照点及区域点" 115.988 40.365
"八达岭" 20161208 40.875 70.0434782608696 0.816666666666667 48.5416666666667 44.0869565217391 10.0416666666667 "对照点及区域点" 115.988 40.365
"八达岭" 20161215 11.875 55.8333333333333 0.320833333333333 28.2916666666667 47.5416666666667 9.875 "对照点及区域点" 115.988 40.365
"八达岭" 20160614 25.7727272727273 49.4347826086956 0.560869565217391 39.8260869565217 71.2608695652174 2 "对照点及区域点" 115.988 40.365
"八达岭" 20161024 NA NA NA NA NA NA "对照点及区域点" 115.988 40.365
"八达岭" 20160826 10 39.4545454545455 1 29.8095238095238 34.3333333333333 5.61904761904762 "对照点及区域点" 115.988 40.365
"八达岭" 20161031 NA NA NA NA NA NA "对照点及区域点" 115.988 40.365
"八达岭" 20160110 29.8333333333333 50.695652173913 0.666666666666667 42.2916666666667 27.2916666666667 17.75 "对照点及区域点" 115.988 40.365
"八达岭" 20160909 NA NA NA NA NA NA "对照点及区域点" 115.988 40.365
"八达岭" 20161107 NA NA NA NA NA NA "对照点及区域点" 115.988 40.365
"八达岭" 20161114 NA NA NA NA NA NA "对照点及区域点" 115.988 40.365
"八达岭" 20160916 114.727272727273 110.583333333333 0.741666666666667 34.9583333333333 102.958333333333 2.54166666666667 "对照点及区域点" 115.988 40.365
"八达岭" 20161206 22.1739130434783 62.3913043478261 0.58695652173913 46.6086956521739 33.2272727272727 21.1304347826087 "对照点及区域点" 115.988 40.365
"八达岭" 20160923 NA NA NA NA NA NA "对照点及区域点" 115.988 40.365
"八达岭" 20160406 112.666666666667 117.391304347826 1.69583333333333 81.4583333333333 50.75 26.75 "对照点及区域点" 115.988 40.365
"八达岭" 20160802 39.1818181818182 74.15 0.840909090909091 33.9090909090909 72.1818181818182 2.5 "对照点及区域点" 115.988 40.365
"八达岭" 20160809 50.6 85.6666666666667 0.953333333333333 46.1333333333333 165.8 3.4 "对照点及区域点" 115.988 40.365
"八达岭" 20161029 NA NA NA NA NA NA "对照点及区域点" 115.988 40.365
"八达岭" 20161014 NA NA NA NA NA NA "对照点及区域点" 115.988 40.365
"八达岭" 20160611 10.25 32.125 1.09583333333333 26.9583333333333 72.2916666666667 2.83333333333333 "对照点及区域点" 115.988 40.365
"八达岭" 20160221 45.25 34.9583333333333 0.675 43.8333333333333 36.9166666666667 13.25 "对照点及区域点" 115.988 40.365
"八达岭" 20161219 97.2083333333333 125.208333333333 1.84583333333333 69.375 11.7083333333333 46.7083333333333 "对照点及区域点" 115.988 40.365
"八达岭" 20160314 33.6521739130435 46.0434782608696 0.621739130434783 50.8260869565217 49.7826086956522 20.3913043478261 "对照点及区域点" 115.988 40.365
"八达岭" 20160107 12.25 47.3913043478261 0.379166666666667 18.2083333333333 50.4583333333333 13.1666666666667 "对照点及区域点" 115.988 40.365
"八达岭" 20160709 102.772727272727 153.458333333333 2.1125 64 104.083333333333 2 "对照点及区域点" 115.988 40.365
"八达岭" 20160114 18.0454545454545 47.5416666666667 0.345833333333333 25.875 50.75 12.625 "对照点及区域点" 115.988 40.365
"八达岭" 20160906 18.375 29.6666666666667 0.488888888888889 42.1111111111111 6.88888888888889 8.11111111111111 "对照点及区域点" 115.988 40.365
"八达岭" 20160716 NA NA NA NA NA NA "对照点及区域点" 115.988 40.365
"八达岭" 20160313 16.0416666666667 73.625 0.445833333333333 30.0416666666667 55.8333333333333 11.6666666666667 "对照点及区域点" 115.988 40.365
"八达岭" 20160723 NA NA NA NA NA NA "对照点及区域点" 115.988 40.365
"八达岭" 20160128 NA NA NA NA NA NA "对照点及区域点" 115.988 40.365
"八达岭" 20161125 NA NA NA NA NA NA "对照点及区域点" 115.988 40.365
"八达岭" 20160601 36.2916666666667 72.875 0.566666666666667 48.5 107.375 4.04166666666667 "对照点及区域点" 115.988 40.365
"八达岭" 20161202 49.7142857142857 56.2857142857143 1.12380952380952 61.3333333333333 14 32.3809523809524 "对照点及区域点" 115.988 40.365
"八达岭" 20161004 NA NA NA NA NA NA "对照点及区域点" 115.988 40.365
"八达岭" 20160813 23.9583333333333 49.4583333333333 0.4625 30.7916666666667 28.0833333333333 2.54166666666667 "对照点及区域点" 115.988 40.365
"八达岭" 20161209 19.1739130434783 49.2380952380952 0.695238095238095 40.5652173913044 31.1304347826087 13.5652173913043 "对照点及区域点" 115.988 40.365
"八达岭" 20161216 26.7916666666667 50.4583333333333 0.725 46.8333333333333 31.9130434782609 29.2083333333333 "对照点及区域点" 115.988 40.365
"八达岭" 20160615 20.1666666666667 33.9166666666667 0.475 38.6666666666667 76 4.83333333333333 "对照点及区域点" 115.988 40.365
"八达岭" 20161025 NA NA NA NA NA NA "对照点及区域点" 115.988 40.365
"八达岭" 20160827 23.25 38 1.7375 29.1666666666667 30.8333333333333 7.875 "对照点及区域点" 115.988 40.365
"八达岭" 20161101 NA NA NA NA NA NA "对照点及区域点" 115.988 40.365
"八达岭" 20160111 11.0416666666667 37.1666666666667 0.4625 21.125 52.0416666666667 8.625 "对照点及区域点" 115.988 40.365
"八达岭" 20160910 NA NA NA NA NA NA "对照点及区域点" 115.988 40.365
"八达岭" 20161108 NA NA NA NA NA NA "对照点及区域点" 115.988 40.365
"八达岭" 20161115 NA NA NA NA NA NA "对照点及区域点" 115.988 40.365
"八达岭" 20160917 48.8333333333333 109.083333333333 0.525 56.7083333333333 25.9583333333333 2.08333333333333 "对照点及区域点" 115.988 40.365
"八达岭" 20160302 43.3333333333333 76.75 0.429166666666667 53.0833333333333 50.5 20.5 "对照点及区域点" 115.988 40.365
"八达岭" 20160924 NA NA NA NA NA NA "对照点及区域点" 115.988 40.365
"八达岭" 20160407 37.5833333333333 136.208333333333 0.408333333333333 23.6666666666667 65.25 6.91666666666667 "对照点及区域点" 115.988 40.365
"八达岭" 20160803 28.0952380952381 47.3333333333333 0.457142857142857 37.1904761904762 92.9523809523809 2 "对照点及区域点" 115.988 40.365
"八达岭" 20160810 80.6363636363636 85.75 0.877272727272727 38.7272727272727 110.590909090909 2 "对照点及区域点" 115.988 40.365
"八达岭" 20161030 NA NA NA NA NA NA "对照点及区域点" 115.988 40.365
"八达岭" 20161015 NA NA NA NA NA NA "对照点及区域点" 115.988 40.365
"八达岭" 20160612 66.7083333333333 66.6666666666667 0.8625 48.75 118.333333333333 3.54166666666667 "对照点及区域点" 115.988 40.365
"八达岭" 20160222 49.9166666666667 89 0.7125 33.2083333333333 45.3333333333333 12.0833333333333 "对照点及区域点" 115.988 40.365
"八达岭" 20161220 105.041666666667 126.869565217391 1.925 70.6666666666667 7.47826086956522 41.0833333333333 "对照点及区域点" 115.988 40.365
"八达岭" 20160315 87.1052631578947 72.1052631578947 1.07368421052632 69.1578947368421 25.1052631578947 28.2631578947368 "对照点及区域点" 115.988 40.365
"八达岭" 20160626 33.7083333333333 59.5416666666667 0.4125 54.7916666666667 89.7083333333333 3.33333333333333 "对照点及区域点" 115.988 40.365
"八达岭" 20160710 110.958333333333 144.391304347826 2.20416666666667 53.625 113.125 2.08333333333333 "对照点及区域点" 115.988 40.365
"八达岭" 20160307 17.3333333333333 76.9166666666667 0.395833333333333 23.4782608695652 58.8333333333333 8.29166666666667 "对照点及区域点" 115.988 40.365
"八达岭" 20160703 81.625 81.25 0.754166666666667 40.4583333333333 152.75 5.25 "对照点及区域点" 115.988 40.365
"八达岭" 20160603 73.4166666666667 82.9583333333333 0.916666666666667 68.25 148.875 12.75 "对照点及区域点" 115.988 40.365
"八达岭" 20160412 66.8333333333333 90.625 0.595833333333333 52.5833333333333 40.4583333333333 3.29166666666667 "对照点及区域点" 115.988 40.365
"八达岭" 20160724 NA NA NA NA NA NA "对照点及区域点" 115.988 40.365
"八达岭" 20160129 46.8571428571429 84 1.51428571428571 68.1428571428571 3.85714285714286 29 "对照点及区域点" 115.988 40.365
"八达岭" 20161126 NA NA NA NA NA NA "对照点及区域点" 115.988 40.365
"八达岭" 20160602 45.0416666666667 86.5416666666667 0.629166666666667 36.25 185.958333333333 5.70833333333333 "对照点及区域点" 115.988 40.365
"八达岭" 20160411 43.4736842105263 98.2105263157895 0.491304347826087 41.4347826086956 65.2173913043478 7.69565217391304 "对照点及区域点" 115.988 40.365
"八达岭" 20161005 NA NA NA NA NA NA "对照点及区域点" 115.988 40.365
"八达岭" 20161225 167.076923076923 180.153846153846 2.2 94.6923076923077 6.84615384615385 31.8461538461538 "对照点及区域点" 115.988 40.365
"八达岭" 20161103 NA NA NA NA NA NA "对照点及区域点" 115.988 40.365
"八达岭" 20160616 17.4090909090909 46.375 0.441666666666667 40.875 77.6666666666667 7.16666666666667 "对照点及区域点" 115.988 40.365
"八达岭" 20160927 NA NA NA NA NA NA "对照点及区域点" 115.988 40.365
"八达岭" 20161026 NA NA NA NA NA NA "对照点及区域点" 115.988 40.365
"八达岭" 20161224 101.291666666667 80.2916666666667 1.56666666666667 84 8.43478260869565 18.5416666666667 "对照点及区域点" 115.988 40.365
"八达岭" 20161102 NA NA NA NA NA NA "对照点及区域点" 115.988 40.365
"八达岭" 20160630 32.5833333333333 92.9166666666667 1.85416666666667 23.875 80.7083333333333 14.875 "对照点及区域点" 115.988 40.365
"八达岭" 20160926 NA NA NA NA NA NA "对照点及区域点" 115.988 40.365
"八达岭" 20160409 39.125 67 0.504166666666667 37.4166666666667 73.0416666666667 18.3333333333333 "对照点及区域点" 115.988 40.365
"八达岭" 20161116 NA NA NA NA NA NA "对照点及区域点" 115.988 40.365
"八达岭" 20160318 118.125 251.958333333333 1.14166666666667 NA 51.0833333333333 14.375 "对照点及区域点" 115.988 40.365
"八达岭" 20160303 158.041666666667 122.666666666667 1.69047619047619 91.75 25.0416666666667 30.5 "对照点及区域点" 115.988 40.365
"八达岭" 20160925 NA NA NA NA NA NA "对照点及区域点" 115.988 40.365
"八达岭" 20160408 14.3181818181818 61.2083333333333 0.2875 26.4166666666667 72.0833333333333 8.875 "对照点及区域点" 115.988 40.365
"八达岭" 20160804 85.125 82.2916666666667 0.925 33.2083333333333 142.541666666667 2 "对照点及区域点" 115.988 40.365
"八达岭" 20160606 72.0526315789474 114.5 0.89 57.1 97.2352941176471 7.35 "对照点及区域点" 115.988 40.365
"八达岭" 20160317 238.416666666667 263.5 1.91666666666667 NA 52.375 27.2083333333333 "对照点及区域点" 115.988 40.365
"八达岭" 20161016 NA NA NA NA NA NA "对照点及区域点" 115.988 40.365
"八达岭" 20160712 26.375 82.2083333333333 1.09565217391304 33.75 56.5217391304348 2 "对照点及区域点" 115.988 40.365
"八达岭" 20160223 10.6666666666667 36.9583333333333 0.329166666666667 15.8333333333333 67.7083333333333 6.20833333333333 "对照点及区域点" 115.988 40.365
"八达岭" 20161221 136.333333333333 164.125 2.44166666666667 77.125 7.70833333333333 59.2916666666667 "对照点及区域点" 115.988 40.365
"八达岭" 20160316 170.583333333333 181.583333333333 1.64166666666667 71.9166666666667 46.2916666666667 37.125 "对照点及区域点" 115.988 40.365
"八达岭" 20160627 53.7272727272727 64.3478260869565 0.982608695652174 44.7391304347826 107.217391304348 3.77272727272727 "对照点及区域点" 115.988 40.365
"八达岭" 20160711 89.5454545454545 123.217391304348 2.07391304347826 43.5652173913044 117.086956521739 2.34782608695652 "对照点及区域点" 115.988 40.365
"八达岭" 20160308 11.2777777777778 34.2142857142857 0.344444444444444 13.1111111111111 71.8888888888889 4.5 "对照点及区域点" 115.988 40.365
"八达岭" 20160704 156.666666666667 177.875 1.07916666666667 60.8333333333333 122.916666666667 3.54166666666667 "对照点及区域点" 115.988 40.365
"八达岭" 20160604 101.208333333333 134.166666666667 1.025 69.2916666666667 151.958333333333 12.1666666666667 "对照点及区域点" 115.988 40.365
"八达岭" 20160413 59.3333333333333 101.416666666667 0.4375 42.6086956521739 59.3333333333333 3 "对照点及区域点" 115.988 40.365
"八达岭" 20160725 NA NA NA NA NA NA "对照点及区域点" 115.988 40.365
"八达岭" 20160130 21.25 64.125 0.758333333333333 28.4583333333333 43.5833333333333 15.5416666666667 "对照点及区域点" 115.988 40.365
"八达岭" 20161127 NA NA NA NA NA NA "对照点及区域点" 115.988 40.365
"八达岭" 20160618 33.125 59.7083333333333 0.4875 55.3333333333333 74.7391304347826 5.25 "对照点及区域点" 115.988 40.365
"八达岭" 20160329 10.6666666666667 80.5 0.344444444444444 20.8333333333333 69.25 5.79166666666667 "对照点及区域点" 115.988 40.365
"八达岭" 20161006 NA NA NA NA NA NA "对照点及区域点" 115.988 40.365
"八达岭" 20161226 30.1666666666667 131.375 0.620833333333333 38.7916666666667 38 18.25 "对照点及区域点" 115.988 40.365
"八达岭" 20161104 NA NA NA NA NA NA "对照点及区域点" 115.988 40.365
"八达岭" 20160617 29.1666666666667 62.25 0.5 47 48.6666666666667 4.95238095238095 "对照点及区域点" 115.988 40.365
"八达岭" 20160328 31.7083333333333 54.2916666666667 0.383333333333333 32.9166666666667 64.625 11.2916666666667 "对照点及区域点" 115.988 40.365
"八达岭" 20161027 NA NA NA NA NA NA "对照点及区域点" 115.988 40.365
"八达岭" 20161118 NA NA NA NA NA NA "对照点及区域点" 115.988 40.365
"八达岭" 20160320 38.25 67.5 0.591666666666667 NA 46.2916666666667 7.375 "对照点及区域点" 115.988 40.365
"八达岭" 20160701 9.5 27.125 0.843478260869565 22.8333333333333 70.125 3 "对照点及区域点" 115.988 40.365
"八达岭" 20161222 14.75 105.291666666667 0.366666666666667 21.4583333333333 51.1304347826087 7.08333333333333 "对照点及区域点" 115.988 40.365
"八达岭" 20160410 48.2083333333333 126.291666666667 0.591666666666667 41.7083333333333 71.5416666666667 9.54166666666667 "对照点及区域点" 115.988 40.365
"八达岭" 20161117 NA NA NA NA NA NA "对照点及区域点" 115.988 40.365
"八达岭" 20160319 35.9166666666667 81.9166666666667 0.641666666666667 NA 45.75 12.8333333333333 "对照点及区域点" 115.988 40.365
"八达岭" 20160304 209.5 275.125 2.23333333333333 66.3913043478261 70.5714285714286 38.25 "对照点及区域点" 115.988 40.365
"八达岭" 20161018 NA NA NA NA NA NA "对照点及区域点" 115.988 40.365
"八达岭" 20160326 14.4583333333333 40.75 0.3875 42.5833333333333 48.2083333333333 11.4583333333333 "对照点及区域点" 115.988 40.365
"八达岭" 20160805 92.5833333333333 134.583333333333 0.983333333333333 52.9583333333333 88.5833333333333 2 "对照点及区域点" 115.988 40.365
"八达岭" 20160607 50.7916666666667 79.1666666666667 1.52631578947368 58.5217391304348 79.4166666666667 2.875 "对照点及区域点" 115.988 40.365
"八达岭" 20160402 10.6666666666667 49.1666666666667 0.241666666666667 12.625 68.375 2.66666666666667 "对照点及区域点" 115.988 40.365
"八达岭" 20161017 NA NA NA NA NA NA "对照点及区域点" 115.988 40.365
"八达岭" 20160713 24.25 36.125 0.4125 31.1666666666667 60.9583333333333 2.75 "对照点及区域点" 115.988 40.365
"八达岭" 20160224 15.0909090909091 36.2916666666667 0.375 26.5833333333333 48.0416666666667 9.08333333333333 "对照点及区域点" 115.988 40.365
"八达岭" 20161007 NA NA NA NA NA NA "对照点及区域点" 115.988 40.365
"八达岭" 20160401 45.8333333333333 170.166666666667 0.375 23.1666666666667 NA 6.66666666666667 "对照点及区域点" 115.988 40.365
"八达岭" 20160628 53.4166666666667 75.3333333333333 0.5625 35 69.1666666666667 2 "对照点及区域点" 115.988 40.365
"八达岭" 20160727 28.3333333333333 49.2916666666667 0.483333333333333 27.5714285714286 98.0833333333333 3.41666666666667 "对照点及区域点" 115.988 40.365
"八达岭" 20160309 9.08333333333333 25.2727272727273 0.2875 16.1666666666667 58.875 4.16666666666667 "对照点及区域点" 115.988 40.365
"八达岭" 20160705 115.541666666667 168.833333333333 0.879166666666667 54.875 119.958333333333 2.45833333333333 "对照点及区域点" 115.988 40.365
"八达岭" 20160605 90.2916666666667 121.708333333333 0.825 65.25 145.791666666667 8.33333333333333 "对照点及区域点" 115.988 40.365
"八达岭" 20160414 34.2380952380952 81.7727272727273 0.3 33.8695652173913 67.1739130434783 3.91304347826087 "对照点及区域点" 115.988 40.365
"八达岭" 20160726 21.6666666666667 36.375 0.4 44.125 90.625 2.375 "对照点及区域点" 115.988 40.365
"八达岭" 20160131 12.9166666666667 40.9166666666667 0.4 19.3333333333333 56.25 9.70833333333333 "对照点及区域点" 115.988 40.365
"八达岭" 20161128 NA NA NA NA NA NA "对照点及区域点" 115.988 40.365
"八达岭" 20160619 24.7777777777778 67.5 0.422222222222222 39.7222222222222 99.8333333333333 4.94444444444444 "对照点及区域点" 115.988 40.365
"八达岭" 20160330 22.5454545454545 48.8333333333333 0.791666666666667 35.9473684210526 95.3636363636364 8.33333333333333 "对照点及区域点" 115.988 40.365
"八达岭" 20160305 45.125 241.875 0.316666666666667 21.125 61.0416666666667 3.91666666666667 "对照点及区域点" 115.988 40.365
"八达岭" 20161227 20.8947368421053 37.55 0.555 37.55 29.6 10.85 "对照点及区域点" 115.988 40.365
"八达岭" 20160322 83.8 105.166666666667 0.816666666666667 18.8095238095238 68.5833333333333 16.6666666666667 "对照点及区域点" 115.988 40.365
"八达岭" 20160806 94.6086956521739 123.142857142857 0.773913043478261 49 105.086956521739 2.78260869565217 "对照点及区域点" 115.988 40.365
"八达岭" 20160608 100.521739130435 101.083333333333 1.12916666666667 48.6666666666667 129.75 2.33333333333333 "对照点及区域点" 115.988 40.365
"八达岭" 20161028 NA NA NA NA NA NA "对照点及区域点" 115.988 40.365
"八达岭" 20160228 13.7083333333333 32.8333333333333 0.379166666666667 17.8333333333333 64.75 7 "对照点及区域点" 115.988 40.365
"八达岭" 20160321 71.9583333333333 69.75 0.770833333333333 2 64.25 11.5833333333333 "对照点及区域点" 115.988 40.365
"八达岭" 20160702 23.5833333333333 41.9583333333333 0.395833333333333 40.9583333333333 80 4.16666666666667 "对照点及区域点" 115.988 40.365
"八达岭" 20161223 24.6666666666667 46.1333333333333 0.946666666666667 54.0666666666667 16.6666666666667 15.7333333333333 "对照点及区域点" 115.988 40.365
"八达岭" 20160622 71.5416666666667 90.875 0.670833333333333 52.625 120.958333333333 14.5416666666667 "对照点及区域点" 115.988 40.365
"八达岭" 20160227 16.625 30.375 0.420833333333333 31.5833333333333 47.8333333333333 10.125 "对照点及区域点" 115.988 40.365
"八达岭" 20160624 9.41666666666667 30.375 0.25 29.2916666666667 58.9583333333333 3.08333333333333 "对照点及区域点" 115.988 40.365
"八达岭" 20160310 11.875 45 0.308333333333333 18.2173913043478 64.2083333333333 3.95833333333333 "对照点及区域点" 115.988 40.365
"八达岭" 20160706 91.4545454545455 147.652173913043 1.6695652173913 49.4782608695652 145.869565217391 2.08695652173913 "对照点及区域点" 115.988 40.365
"八达岭" 20160327 16.9583333333333 42 0.395833333333333 26.3333333333333 62.6666666666667 11.125 "对照点及区域点" 115.988 40.365
"八达岭" 20160620 107.571428571429 140.666666666667 2.36 32.8333333333333 157.416666666667 16 "对照点及区域点" 115.988 40.365
"八达岭" 20160226 17.4583333333333 33.2083333333333 0.425 28.8333333333333 52.0833333333333 11.25 "对照点及区域点" 115.988 40.365
"八达岭" 20160403 15.0416666666667 33.25 0.295833333333333 34.9583333333333 49.9166666666667 4.125 "对照点及区域点" 115.988 40.365
"八达岭" 20161129 NA NA NA NA NA NA "对照点及区域点" 115.988 40.365
"八达岭" 20160629 83.9090909090909 91.2083333333333 0.933333333333333 41.2083333333333 90.375 3.625 "对照点及区域点" 115.988 40.365
"八达岭" 20160225 13 55.8333333333333 0.470833333333333 23.5416666666667 51.625 9.41666666666667 "对照点及区域点" 115.988 40.365
"八达岭" 20161008 NA NA NA NA NA NA "对照点及区域点" 115.988 40.365
"八达岭" 20161228 23.3478260869565 36.9130434782609 0.730434782608696 36.6086956521739 32.0869565217391 12.695652173913 "对照点及区域点" 115.988 40.365
"八达岭" 20160621 49.8333333333333 106.833333333333 1.21739130434783 37.3333333333333 101.708333333333 16.9166666666667 "对照点及区域点" 115.988 40.365
"八达岭" 20160325 18.1363636363636 37.9047619047619 0.377272727272727 49.5909090909091 42.6363636363636 9.27272727272727 "对照点及区域点" 115.988 40.365
"八达岭" 20160331 159.411764705882 127 1.39411764705882 74.8235294117647 NA 36.2857142857143 "对照点及区域点" 115.988 40.365
"八达岭" 20160229 27.875 29.5416666666667 0.620833333333333 43.0833333333333 38.7083333333333 11.952380952381 "对照点及区域点" 115.988 40.365
"八达岭" 20160301 72.0416666666667 72.0833333333333 1.1 69.0833333333333 23.2916666666667 21.8333333333333 "对照点及区域点" 115.988 40.365
"八达岭" 20160324 13.125 30.0833333333333 0.375 44.6086956521739 40.2083333333333 10.9583333333333 "对照点及区域点" 115.988 40.365
"八达岭" 20160201 11.7916666666667 38.5833333333333 0.383333333333333 21 55.8333333333333 10 "对照点及区域点" 115.988 40.365
"八达岭" 20160623 39.3333333333333 92.5416666666667 0.545833333333333 54.75 44.625 5.625 "对照点及区域点" 115.988 40.365
"八达岭" 20160323 6.71428571428571 61.9583333333333 0.2 3.95833333333333 84.2916666666667 3.16666666666667 "对照点及区域点" 115.988 40.365
"八达岭" 20160306 34.25 117.875 0.545833333333333 41.9583333333333 35.375 8.83333333333333 "对照点及区域点" 115.988 40.365
"八达岭" 20160625 17.2083333333333 29 0.345833333333333 37.4583333333333 70 3.20833333333333 "对照点及区域点" 115.988 40.365
