"古城" 20160911 31.75 59.25 0.766666666666667 39.75 62.5833333333333 2 "城区环境评价点" 116.184 39.914
"古城" 20160122 16.8333333333333 121.291666666667 0.533333333333333 11.2916666666667 61.25 5.70833333333333 "城区环境评价点" 116.184 39.914
"古城" 20160123 10.9583333333333 44.9166666666667 0.408333333333333 8.45833333333333 55.3333333333333 5.25 "城区环境评价点" 116.184 39.914
"古城" 20161112 79.875 97.3333333333333 1.55 65.2083333333333 14.375 11.9166666666667 "城区环境评价点" 116.184 39.914
"古城" 20160516 26.4166666666667 64.125 0.470833333333333 44.5 71.125 2.5 "城区环境评价点" 116.184 39.914
"古城" 20160912 46.2916666666667 58.25 0.908333333333333 44.9166666666667 53.6666666666667 2 "城区环境评价点" 116.184 39.914
"古城" 20160124 12.25 57.2916666666667 0.5125 11.625 59.0416666666667 5.91666666666667 "城区环境评价点" 116.184 39.914
"古城" 20160125 35.875 48.4166666666667 0.879166666666667 30.4583333333333 44.25 19.75 "城区环境评价点" 116.184 39.914
"古城" 20160425 85.35 126.208333333333 0.683333333333333 39.25 104.291666666667 12.3333333333333 "城区环境评价点" 116.184 39.914
"古城" 20160928 20.6086956521739 33.6666666666667 0.429166666666667 43.9166666666667 30.8333333333333 2 "城区环境评价点" 116.184 39.914
"古城" 20160913 92.0833333333333 92.8333333333333 1.02083333333333 61.875 54.5833333333333 2.41666666666667 "城区环境评价点" 116.184 39.914
"古城" 20160518 69.75 94.9583333333333 0.620833333333333 44 121.041666666667 10.8333333333333 "城区环境评价点" 116.184 39.914
"古城" 20161005 55.4583333333333 53.8333333333333 1.11666666666667 45.5416666666667 25.125 2.04166666666667 "城区环境评价点" 116.184 39.914
"古城" 20160128 120.916666666667 177.916666666667 2.54583333333333 76.875 14.5833333333333 46.2083333333333 "城区环境评价点" 116.184 39.914
"古城" 20160430 174.875 222.083333333333 1.30833333333333 67.7083333333333 129.416666666667 8.375 "城区环境评价点" 116.184 39.914
"古城" 20160601 38.9565217391304 103.083333333333 0.633333333333333 48 101.708333333333 5.41666666666667 "城区环境评价点" 116.184 39.914
"古城" 20160517 60.5 88.125 0.775 60.5 116.458333333333 11.1666666666667 "城区环境评价点" 116.184 39.914
"古城" 20160519 94.1666666666667 115.541666666667 0.804166666666667 46.6666666666667 154.208333333333 12.5833333333333 "城区环境评价点" 116.184 39.914
"古城" 20160127 106.833333333333 92.25 2.39166666666667 73.75 15.8333333333333 43.375 "城区环境评价点" 116.184 39.914
"古城" 20161109 155.166666666667 130.125 2.17916666666667 87.3333333333333 3.70833333333333 18.9166666666667 "城区环境评价点" 116.184 39.914
"古城" 20161006 83.9583333333333 107.666666666667 1.69166666666667 59.1666666666667 2.54166666666667 2.08333333333333 "城区环境评价点" 116.184 39.914
"古城" 20160521 80.7083333333333 120.291666666667 0.95 61.5833333333333 129.333333333333 19.3333333333333 "城区环境评价点" 116.184 39.914
"古城" 20160126 39.9166666666667 47.9583333333333 0.775 28.2916666666667 46.0416666666667 18.4166666666667 "城区环境评价点" 116.184 39.914
"古城" 20160501 200.260869565217 230.913043478261 1.76086956521739 49.0869565217391 145.95652173913 19.695652173913 "城区环境评价点" 116.184 39.914
"古城" 20161113 96.4583333333333 111.583333333333 2.03333333333333 83.5416666666667 3.58333333333333 10.9166666666667 "城区环境评价点" 116.184 39.914
"古城" 20160520 96.4583333333333 129.541666666667 1.07916666666667 59.2916666666667 146.166666666667 18.5416666666667 "城区环境评价点" 116.184 39.914
"古城" 20160428 81.3181818181818 123 1.06666666666667 50.0833333333333 90 5.875 "城区环境评价点" 116.184 39.914
"古城" 20161110 183.695652173913 251.458333333333 2.1304347826087 86.8333333333333 6.83333333333333 17.2083333333333 "城区环境评价点" 116.184 39.914
"古城" 20161115 43.9166666666667 49 1.6375 69.5 11.7083333333333 17.4583333333333 "城区环境评价点" 116.184 39.914
"古城" 20160907 44.8571428571429 92.1666666666667 0.628571428571429 35.0714285714286 85.9285714285714 3.78571428571429 "城区环境评价点" 116.184 39.914
"古城" 20160926 73.3478260869565 156.173913043478 1.19166666666667 46.0416666666667 46.4166666666667 2 "城区环境评价点" 116.184 39.914
"古城" 20160427 93.9166666666667 106.95652173913 1.07916666666667 73.375 48.3333333333333 5.54166666666667 "城区环境评价点" 116.184 39.914
"古城" 20160914 92.625 129.083333333333 1.02083333333333 42.5416666666667 74.5833333333333 2.83333333333333 "城区环境评价点" 116.184 39.914
"古城" 20160531 68.1176470588235 122.041666666667 0.745833333333333 48 78.5416666666667 8.41666666666667 "城区环境评价点" 116.184 39.914
"古城" 20160526 26.4166666666667 60.1666666666667 0.329166666666667 24.2083333333333 99.75 2.5 "城区环境评价点" 116.184 39.914
"古城" 20160426 77.6666666666667 115.666666666667 1.275 48.0833333333333 95.2083333333333 22.625 "城区环境评价点" 116.184 39.914
"古城" 20161111 69.75 141.25 1.39583333333333 66.0833333333333 7.41666666666667 9.70833333333333 "城区环境评价点" 116.184 39.914
"古城" 20160602 72.8571428571429 92.7083333333333 0.7875 61.0833333333333 128.833333333333 8.875 "城区环境评价点" 116.184 39.914
"古城" 20160927 30 87.3333333333333 0.575 21.2083333333333 38.4166666666667 2 "城区环境评价点" 116.184 39.914
"古城" 20161012 82.1666666666667 121.041666666667 1.15416666666667 75.5 15.25 2.54166666666667 "城区环境评价点" 116.184 39.914
"古城" 20160929 46.9333333333333 62.1739130434783 0.673913043478261 69.9565217391304 34.2608695652174 3.8695652173913 "城区环境评价点" 116.184 39.914
"古城" 20161212 239.526315789474 258.684210526316 2.96315789473684 111.315789473684 7.10526315789474 37.4736842105263 "城区环境评价点" 116.184 39.914
"古城" 20161217 162.791666666667 199.708333333333 3.09166666666667 96 9.75 29 "城区环境评价点" 116.184 39.914
"古城" 20160115 74.25 116.458333333333 2.20416666666667 65.5416666666667 24.5833333333333 54.875 "城区环境评价点" 116.184 39.914
"古城" 20161011 117.75 153.25 1.38333333333333 77.4583333333333 20.125 4.75 "城区环境评价点" 116.184 39.914
"古城" 20160502 53.2916666666667 159.875 0.2875 15.875 75.125 2.58333333333333 "城区环境评价点" 116.184 39.914
"古城" 20161114 38.125 114.25 0.745833333333333 33.6666666666667 39.25 5.20833333333333 "城区环境评价点" 116.184 39.914
"古城" 20161216 133.666666666667 95.125 2.50833333333333 88.6521739130435 10.2916666666667 22.4583333333333 "城区环境评价点" 116.184 39.914
"古城" 20160129 62.9583333333333 115.5 1.475 47.9166666666667 21.1666666666667 36.1666666666667 "城区环境评价点" 116.184 39.914
"古城" 20161010 89.2083333333333 77.4166666666667 1.09583333333333 84.75 15.25 5.66666666666667 "城区环境评价点" 116.184 39.914
"古城" 20161116 104.473684210526 97.9545454545455 2.34782608695652 81.9565217391304 8.95454545454546 20.2608695652174 "城区环境评价点" 116.184 39.914
"古城" 20161007 37.75 78 1.4625 46.6666666666667 10.875 2 "城区环境评价点" 116.184 39.914
"古城" 20161215 34.9545454545455 65.9166666666667 1.14347826086957 46.9130434782609 25.5217391304348 10 "城区环境评价点" 116.184 39.914
"古城" 20160212 150.708333333333 177.708333333333 2.07083333333333 44.5833333333333 32.0833333333333 19.375 "城区环境评价点" 116.184 39.914
"古城" 20161004 36.9583333333333 116 0.9 35.75 18.9166666666667 2 "城区环境评价点" 116.184 39.914
"古城" 20161009 32.0833333333333 48.5416666666667 0.629166666666667 54.2083333333333 11.7083333333333 2.375 "城区环境评价点" 116.184 39.914
"古城" 20160522 53.875 96.1666666666667 0.658333333333333 56.4166666666667 122.708333333333 7.125 "城区环境评价点" 116.184 39.914
"古城" 20161001 183.5 199.708333333333 1.53333333333333 96 49.9166666666667 11.4583333333333 "城区环境评价点" 116.184 39.914
"古城" 20160909 20.8333333333333 54.6666666666667 0.533333333333333 44.8333333333333 30.375 2.58333333333333 "城区环境评价点" 116.184 39.914
"古城" 20161003 156.291666666667 240.166666666667 1.25833333333333 72.0833333333333 44.25 2.20833333333333 "城区环境评价点" 116.184 39.914
"古城" 20161008 14.125 36.9166666666667 0.458333333333333 30.8695652173913 35.7083333333333 2 "城区环境评价点" 116.184 39.914
"古城" 20160429 115.458333333333 103.791666666667 1.14583333333333 75.5833333333333 86.625 12.0833333333333 "城区环境评价点" 116.184 39.914
"古城" 20160930 127.272727272727 120.583333333333 1.04166666666667 80.6666666666667 63.3333333333333 4.08333333333333 "城区环境评价点" 116.184 39.914
"古城" 20161213 83.9583333333333 222.458333333333 1.65416666666667 64.6666666666667 14.4166666666667 11.0833333333333 "城区环境评价点" 116.184 39.914
"古城" 20160908 20.3333333333333 65.3333333333333 0.504166666666667 33.7083333333333 61.4166666666667 2 "城区环境评价点" 116.184 39.914
"古城" 20160116 144.833333333333 161.916666666667 2.50416666666667 67.5 8.83333333333333 44.7916666666667 "城区环境评价点" 116.184 39.914
"古城" 20160711 83.2272727272727 106.208333333333 0.666666666666667 36.0416666666667 124.666666666667 6.20833333333333 "城区环境评价点" 116.184 39.914
"古城" 20160915 73.625 94.25 0.958333333333333 47.5833333333333 69.125 4.16666666666667 "城区环境评价点" 116.184 39.914
"古城" 20160108 41.1363636363636 31.75 1.275 43.9166666666667 37.7916666666667 17.3333333333333 "城区环境评价点" 116.184 39.914
"古城" 20160527 55.3636363636364 79.3636363636364 0.772727272727273 54.1363636363636 99.1818181818182 13.6818181818182 "城区环境评价点" 116.184 39.914
"古城" 20160130 71.9583333333333 85 1.79583333333333 54.5416666666667 16.8333333333333 32.5833333333333 "城区环境评价点" 116.184 39.914
"古城" 20160710 90.2916666666667 129.04347826087 0.741666666666667 35.9583333333333 132.708333333333 3.66666666666667 "城区环境评价点" 116.184 39.914
"古城" 20160603 93.6666666666667 109.666666666667 1.17083333333333 84.0833333333333 115.333333333333 17.4583333333333 "城区环境评价点" 116.184 39.914
"古城" 20161211 148.791666666667 115.95652173913 3.1375 104.25 5.41666666666667 29.875 "城区环境评价点" 116.184 39.914
"古城" 20161013 159.666666666667 149.916666666667 1.43478260869565 67.4583333333333 34.9565217391304 2.78260869565217 "城区环境评价点" 116.184 39.914
"古城" 20160213 10.625 114.458333333333 0.3375 7 63.25 3.08333333333333 "城区环境评价点" 116.184 39.914
"古城" 20160404 69.8333333333333 79.25 0.641666666666667 49.6666666666667 65.9583333333333 9.625 "城区环境评价点" 116.184 39.914
"古城" 20161218 200.25 227.625 2.9625 95.375 11.875 23.25 "城区环境评价点" 116.184 39.914
"古城" 20161210 50.5833333333333 61.7916666666667 1.41666666666667 68.5 9.45833333333333 13.8333333333333 "城区环境评价点" 116.184 39.914
"古城" 20160106 46.5652173913044 91.5652173913043 1.60869565217391 34.9565217391304 37.695652173913 14.6086956521739 "城区环境评价点" 116.184 39.914
"古城" 20160503 23.5416666666667 75.7083333333333 0.3375 22.2083333333333 74.2083333333333 2.04166666666667 "城区环境评价点" 116.184 39.914
"古城" 20160113 32.4166666666667 49 1.08260869565217 31.5909090909091 41.1363636363636 19.9130434782609 "城区环境评价点" 116.184 39.914
"古城" 20160708 98.75 133.583333333333 1.05416666666667 38.9583333333333 124.541666666667 3.25 "城区环境评价点" 116.184 39.914
"古城" 20160905 33.2380952380952 77.8260869565217 0.534782608695652 35.2173913043478 67.0869565217391 2 "城区环境评价点" 116.184 39.914
"古城" 20160105 47.2083333333333 42.125 1.01666666666667 36.8333333333333 34.4166666666667 15.2083333333333 "城区环境评价点" 116.184 39.914
"古城" 20161117 98.2916666666667 140.583333333333 2.13333333333333 63.5833333333333 4.58333333333333 14.875 "城区环境评价点" 116.184 39.914
"古城" 20160112 13.5217391304348 27.2173913043478 1.00869565217391 22.9565217391304 50.2916666666667 8.79166666666667 "城区环境评价点" 116.184 39.914
"古城" 20160707 115.041666666667 127.125 1.11666666666667 41.4166666666667 163.708333333333 6 "城区环境评价点" 116.184 39.914
"古城" 20160904 79.9166666666667 94.0416666666667 0.9 64.75 66.4583333333333 3 "城区环境评价点" 116.184 39.914
"古城" 20160119 91.3333333333333 76.75 1.97916666666667 57.9583333333333 21.4583333333333 36.25 "城区环境评价点" 116.184 39.914
"古城" 20160409 91.8095238095238 128.791666666667 0.825 67.5833333333333 50.375 10.125 "城区环境评价点" 116.184 39.914
"古城" 20160523 66.75 90.0416666666667 0.820833333333333 56.7083333333333 91.875 11.2083333333333 "城区环境评价点" 116.184 39.914
"古城" 20161002 212.375 258.916666666667 1.55416666666667 75.5833333333333 51.6666666666667 4.29166666666667 "城区环境评价点" 116.184 39.914
"古城" 20160910 17.375 51.8333333333333 0.491666666666667 39.25 48.0833333333333 2.83333333333333 "城区环境评价点" 116.184 39.914
"古城" 20160423 21.2916666666667 65.2083333333333 0.3375 33.0833333333333 68.4583333333333 2.54166666666667 "城区环境评价点" 116.184 39.914
"古城" 20160103 298.833333333333 326.708333333333 4.08333333333333 90 7.45833333333333 26.7083333333333 "城区环境评价点" 116.184 39.914
"古城" 20160826 10.375 23 0.295833333333333 31.625 49.375 2 "城区环境评价点" 116.184 39.914
"古城" 20160507 17.6666666666667 48.625 0.291666666666667 20.7916666666667 96.4583333333333 3.16666666666667 "城区环境评价点" 116.184 39.914
"古城" 20161214 32.2272727272727 61.125 0.9 54.8181818181818 19.5416666666667 10.3913043478261 "城区环境评价点" 116.184 39.914
"古城" 20160902 16.1666666666667 55.6666666666667 0.466666666666667 41.3333333333333 25.375 2 "城区环境评价点" 116.184 39.914
"古城" 20160117 47.3333333333333 138.125 0.833333333333333 26.9166666666667 46.8333333333333 10.0833333333333 "城区环境评价点" 116.184 39.914
"古城" 20160712 34.4166666666667 90.6666666666667 0.5 34.9166666666667 81.9583333333333 3.41666666666667 "城区环境评价点" 116.184 39.914
"古城" 20160916 138.708333333333 155.708333333333 1.35 39.0833333333333 91.75 2.16666666666667 "城区环境评价点" 116.184 39.914
"古城" 20160109 84.1666666666667 92.7083333333333 2.44583333333333 74.125 10 28.2083333333333 "城区环境评价点" 116.184 39.914
"古城" 20160528 71.125 102.625 0.7625 47.8333333333333 120.375 11.9583333333333 "城区环境评价点" 116.184 39.914
"古城" 20160131 29.2083333333333 64.5833333333333 0.779166666666667 27.3333333333333 46.375 13.1666666666667 "城区环境评价点" 116.184 39.914
"古城" 20160406 142.041666666667 143.04347826087 1.72083333333333 72.7083333333333 62.0416666666667 26.1666666666667 "城区环境评价点" 116.184 39.914
"古城" 20160604 90.7916666666667 132.458333333333 0.941666666666667 45.875 147.791666666667 15.5833333333333 "城区环境评价点" 116.184 39.914
"古城" 20160718 125.458333333333 132.666666666667 1.19166666666667 68.9583333333333 84.4166666666667 3 "城区环境评价点" 116.184 39.914
"古城" 20161014 269.25 257.708333333333 2 94.5416666666667 25.7916666666667 3.66666666666667 "城区环境评价点" 116.184 39.914
"古城" 20160214 7.41666666666667 22.0833333333333 0.279166666666667 4.58333333333333 68.6666666666667 2.41666666666667 "城区环境评价点" 116.184 39.914
"古城" 20160405 117.25 131.333333333333 0.995833333333333 58.2916666666667 84.125 16.8333333333333 "城区环境评价点" 116.184 39.914
"古城" 20161219 192.25 257.791666666667 2.95 95.375 11.9166666666667 18.2916666666667 "城区环境评价点" 116.184 39.914
"古城" 20160717 74.9583333333333 88.0833333333333 0.920833333333333 41.5833333333333 122.375 2.83333333333333 "城区环境评价点" 116.184 39.914
"古城" 20160107 12.875 31.9130434782609 0.620833333333333 19.25 55.5416666666667 6.41666666666667 "城区环境评价点" 116.184 39.914
"古城" 20160504 30 66.8333333333333 0.433333333333333 37.5416666666667 84.4583333333333 4.33333333333333 "城区环境评价点" 116.184 39.914
"古城" 20160114 104.791666666667 93.7083333333333 2.28181818181818 68.5909090909091 20.2608695652174 42.3181818181818 "城区环境评价点" 116.184 39.914
"古城" 20160709 91.0416666666667 132.791666666667 0.775 41.0833333333333 135.25 2.375 "城区环境评价点" 116.184 39.914
"古城" 20160906 20.3333333333333 54.7058823529412 0.55 43.6666666666667 33.1666666666667 2.27777777777778 "城区环境评价点" 116.184 39.914
"古城" 20160121 160.458333333333 194.625 3.1 71.75 10.5416666666667 37.4583333333333 "城区环境评价点" 116.184 39.914
"古城" 20161118 189.958333333333 171.291666666667 3.59583333333333 95.9545454545455 5.04166666666667 23.2916666666667 "城区环境评价点" 116.184 39.914
"古城" 20160525 12.125 53.8333333333333 0.304166666666667 21.4166666666667 111.291666666667 2 "城区环境评价点" 116.184 39.914
"古城" 20160723 135.833333333333 140.458333333333 1.12083333333333 39.9166666666667 111.333333333333 2 "城区环境评价点" 116.184 39.914
"古城" 20161125 173.541666666667 153.125 2.71666666666667 100.958333333333 7.29166666666667 26.7083333333333 "城区环境评价点" 116.184 39.914
"古城" 20160120 113.625 130.208333333333 3.10416666666667 77.4166666666667 9.16666666666667 55.5 "城区环境评价点" 116.184 39.914
"古城" 20160410 54.1666666666667 148.125 0.725 42.5833333333333 70.8333333333333 11.6666666666667 "城区环境评价点" 116.184 39.914
"古城" 20160524 19.4347826086957 61.9166666666667 0.383333333333333 30.2916666666667 87.2916666666667 2.45833333333333 "城区环境评价点" 116.184 39.914
"古城" 20160722 65.9583333333333 70.3333333333333 1 33.9583333333333 89.75 2 "城区环境评价点" 116.184 39.914
"古城" 20161124 70.9565217391304 59.4166666666667 1.36666666666667 61.75 15.6363636363636 18.875 "城区环境评价点" 116.184 39.914
"古城" 20160424 85.875 96.7083333333333 0.9375 55.8333333333333 73.0833333333333 19.7083333333333 "城区环境评价点" 116.184 39.914
"古城" 20160104 71.304347826087 222.086956521739 1.28333333333333 35.5 45.0833333333333 8.33333333333333 "城区环境评价点" 116.184 39.914
"古城" 20160827 11.2083333333333 37.4583333333333 0.3875 34.1666666666667 48.4583333333333 2.29166666666667 "城区环境评价点" 116.184 39.914
"古城" 20160508 67.4782608695652 81.125 0.654166666666667 51.2083333333333 81.75 12.0416666666667 "城区环境评价点" 116.184 39.914
"古城" 20161017 66.0416666666667 121.125 0.879166666666667 67.3478260869565 14.4166666666667 2.04166666666667 "城区环境评价点" 116.184 39.914
"古城" 20160903 23.7916666666667 48.4583333333333 0.508333333333333 41.9166666666667 61.375 2.08333333333333 "城区环境评价点" 116.184 39.914
"古城" 20160118 11.8333333333333 41.25 0.566666666666667 16.75 55.25 5.41666666666667 "城区环境评价点" 116.184 39.914
"古城" 20160713 21.8333333333333 66.9583333333333 0.475 32.7916666666667 118.583333333333 2 "城区环境评价点" 116.184 39.914
"古城" 20160917 48.25 129.541666666667 0.833333333333333 40.0833333333333 33.7916666666667 2.29166666666667 "城区环境评价点" 116.184 39.914
"古城" 20160110 55.4166666666667 109.04347826087 2.03333333333333 57.7916666666667 20.1666666666667 26.9166666666667 "城区环境评价点" 116.184 39.914
"古城" 20160529 37.875 91 0.5 35.2083333333333 110.791666666667 4.33333333333333 "城区环境评价点" 116.184 39.914
"古城" 20160201 17.7916666666667 40.7916666666667 0.879166666666667 27.25 49.125 11.7916666666667 "城区环境评价点" 116.184 39.914
"古城" 20160407 97.9166666666667 212.75 1.1 49.625 57.5 5.20833333333333 "城区环境评价点" 116.184 39.914
"古城" 20160605 83 118.541666666667 0.820833333333333 50.875 131.125 11.875 "城区环境评价点" 116.184 39.914
"古城" 20160719 99.2083333333333 158.708333333333 1.175 53.7916666666667 49.4166666666667 2.08333333333333 "城区环境评价点" 116.184 39.914
"古城" 20161015 239.347826086957 326.347826086957 1.90869565217391 90.7391304347826 3.39130434782609 2.1304347826087 "城区环境评价点" 116.184 39.914
"古城" 20160215 7.75 26.0416666666667 0.395833333333333 8.04166666666667 68.0416666666667 3.16666666666667 "城区环境评价点" 116.184 39.914
"古城" 20160101 184.208333333333 165.75 3.44166666666667 102.416666666667 6.91666666666667 40.5416666666667 "城区环境评价点" 116.184 39.914
"古城" 20161220 476.333333333333 359.913043478261 8.43333333333333 155.208333333333 7.875 11.375 "城区环境评价点" 116.184 39.914
"古城" 20160505 60.5416666666667 72.6666666666667 0.866666666666667 48.125 82.1666666666667 13.5416666666667 "城区环境评价点" 116.184 39.914
"古城" 20161029 30.9166666666667 59.8333333333333 0.822727272727273 48.5652173913044 10.4761904761905 4 "城区环境评价点" 116.184 39.914
"古城" 20160831 14.3333333333333 61.4583333333333 0.416666666666667 36.6521739130435 55.7916666666667 2.16666666666667 "城区环境评价点" 116.184 39.914
"古城" 20160512 49.9583333333333 166.833333333333 0.529166666666667 21.75 76.5833333333333 2.08333333333333 "城区环境评价点" 116.184 39.914
"古城" 20161105 185.583333333333 280.565217391304 3.45 114.333333333333 15.2916666666667 2.54166666666667 "城区环境评价点" 116.184 39.914
"古城" 20160307 26.375 106.541666666667 0.583333333333333 18.8333333333333 66.7916666666667 7.125 "城区环境评价点" 116.184 39.914
"古城" 20160206 31.125 42.6666666666667 0.704166666666667 19.5 60.9166666666667 14.25 "城区环境评价点" 116.184 39.914
"古城" 20161119 155.5 235.916666666667 2.25833333333333 108.125 21.25 13.7083333333333 "城区环境评价点" 116.184 39.914
"古城" 20160921 72.2727272727273 83.6818181818182 1.03636363636364 67.0454545454545 24.1818181818182 3.68181818181818 "城区环境评价点" 116.184 39.914
"古城" 20160724 59.5263157894737 138.777777777778 0.833333333333333 32.2916666666667 125.791666666667 2 "城区环境评价点" 116.184 39.914
"古城" 20161126 313.708333333333 313.208333333333 3.7375 129.666666666667 9.08333333333333 28.0416666666667 "城区环境评价点" 116.184 39.914
"古城" 20160205 8.82608695652174 28.8260869565217 0.356521739130435 6.56521739130435 74 3.1304347826087 "城区环境评价点" 116.184 39.914
"古城" 20160411 45.0476190476191 104.578947368421 0.643478260869565 41.4347826086956 67.2608695652174 9.69565217391304 "城区环境评价点" 116.184 39.914
"古城" 20160609 121.428571428571 210.2 1.07619047619048 41 139 4.42857142857143 "城区环境评价点" 116.184 39.914
"古城" 20160510 47.2083333333333 66.1666666666667 0.570833333333333 36.75 98.0416666666667 2.91666666666667 "城区环境评价点" 116.184 39.914
"古城" 20161019 259.739130434783 250.608695652174 1.83913043478261 82.6363636363636 14.2272727272727 2.30434782608696 "城区环境评价点" 116.184 39.914
"古城" 20160219 18.7391304347826 43.0869565217391 0.669565217391304 22.5652173913043 54.9130434782609 7.47826086956522 "城区环境评价点" 116.184 39.914
"古城" 20160204 13 45.5416666666667 0.541666666666667 17.7083333333333 58.875 7.91666666666667 "城区环境评价点" 116.184 39.914
"古城" 20160828 14 41.625 0.370833333333333 44.7083333333333 44.5833333333333 2.33333333333333 "城区环境评价点" 116.184 39.914
"古城" 20160509 41.4166666666667 82.5 0.55 42.0416666666667 61.5833333333333 3.25 "城区环境评价点" 116.184 39.914
"古城" 20161018 138.583333333333 119.958333333333 1.6875 87.1666666666667 4.91666666666667 2 "城区环境评价点" 116.184 39.914
"古城" 20160304 329.333333333333 383.541666666667 4.16666666666667 106.958333333333 17.25 45.2083333333333 "城区环境评价点" 116.184 39.914
"古城" 20160203 49.4782608695652 70.2083333333333 1.8375 54.4166666666667 26.0416666666667 28.5416666666667 "城区环境评价点" 116.184 39.914
"古城" 20160714 39.2916666666667 73.2083333333333 0.7375 54.4166666666667 90.4583333333333 2.33333333333333 "城区环境评价点" 116.184 39.914
"古城" 20160918 24 51.2727272727273 0.591666666666667 28 35.0833333333333 2 "城区环境评价点" 116.184 39.914
"古城" 20160111 10.4166666666667 43.1666666666667 0.804166666666667 16.0416666666667 54.2916666666667 5.625 "城区环境评价点" 116.184 39.914
"古城" 20160530 91.4583333333333 109.416666666667 1.075 59.125 153.916666666667 14.5416666666667 "城区环境评价点" 116.184 39.914
"古城" 20160202 40.125 38.0416666666667 1.35 53.5416666666667 28.9166666666667 25.375 "城区环境评价点" 116.184 39.914
"古城" 20160408 27.875 68.2083333333333 0.341666666666667 24.625 82.2083333333333 4 "城区环境评价点" 116.184 39.914
"古城" 20160606 89.8333333333333 111.75 0.833333333333333 42.3333333333333 141.708333333333 7.20833333333333 "城区环境评价点" 116.184 39.914
"古城" 20160720 34.875 95 0.683333333333333 14.0833333333333 68.3333333333333 2 "城区环境评价点" 116.184 39.914
"古城" 20161016 124.958333333333 231.875 0.979166666666667 62.1666666666667 19.2083333333333 2.125 "城区环境评价点" 116.184 39.914
"古城" 20160216 8.125 44.2916666666667 0.3375 10.5 69.8333333333333 4.375 "城区环境评价点" 116.184 39.914
"古城" 20160102 209 258.478260869565 3.90416666666667 119.833333333333 17.7083333333333 35.6666666666667 "城区环境评价点" 116.184 39.914
"古城" 20161221 460.375 490.208333333333 8.90416666666667 173.652173913043 6.54166666666667 11.5 "城区环境评价点" 116.184 39.914
"古城" 20160506 52.375 170.125 0.2125 9.29166666666667 87.1666666666667 2 "城区环境评价点" 116.184 39.914
"古城" 20161030 44.4583333333333 72.6666666666667 1.02083333333333 42.7916666666667 16.375 3.5 "城区环境评价点" 116.184 39.914
"古城" 20160901 8.82608695652174 32.4782608695652 0.334782608695652 34.304347826087 45.7391304347826 2.34782608695652 "城区环境评价点" 116.184 39.914
"古城" 20160513 28.8333333333333 59.375 0.508333333333333 38.8333333333333 75.4166666666667 4.375 "城区环境评价点" 116.184 39.914
"古城" 20161106 77.125 172.166666666667 1.09583333333333 52.625 22.7083333333333 5.25 "城区环境评价点" 116.184 39.914
"古城" 20160308 10.2777777777778 37.7857142857143 0.361111111111111 12.4444444444444 73.2777777777778 2.72222222222222 "城区环境评价点" 116.184 39.914
"古城" 20160207 65.5833333333333 62.125 1.50833333333333 33.0416666666667 46.7083333333333 32.5416666666667 "城区环境评价点" 116.184 39.914
"古城" 20161120 59.25 149.291666666667 1.2375 62.9130434782609 7.45833333333333 3.16666666666667 "城区环境评价点" 116.184 39.914
"古城" 20160922 114.842105263158 123 1.17894736842105 58.0526315789474 29.5789473684211 4.57894736842105 "城区环境评价点" 116.184 39.914
"古城" 20160725 58.1538461538462 97.6 0.773913043478261 33.3478260869565 73.6521739130435 2 "城区环境评价点" 116.184 39.914
"古城" 20161127 38.0416666666667 233.166666666667 0.833333333333333 35.9166666666667 34.6666666666667 5.375 "城区环境评价点" 116.184 39.914
"古城" 20160221 71.125 50.3333333333333 1.2625 40.9166666666667 36.25 26.875 "城区环境评价点" 116.184 39.914
"古城" 20160412 94.7083333333333 99.25 0.808333333333333 72.625 34.7916666666667 4.58333333333333 "城区环境评价点" 116.184 39.914
"古城" 20160610 46.5 103.875 0.575 19.5 140.625 2 "城区环境评价点" 116.184 39.914
"古城" 20160511 171.625 140.916666666667 1.25833333333333 37.9166666666667 129.541666666667 14.0833333333333 "城区环境评价点" 116.184 39.914
"古城" 20161020 110.666666666667 266.041666666667 1.4375 51.2083333333333 13.4583333333333 2.25 "城区环境评价点" 116.184 39.914
"古城" 20160220 15.7083333333333 32.2173913043478 0.466666666666667 16.9166666666667 58.6666666666667 6.625 "城区环境评价点" 116.184 39.914
"古城" 20160617 28.4166666666667 73.5416666666667 0.625 57.875 59.125 2.79166666666667 "城区环境评价点" 116.184 39.914
"古城" 20160829 22.5 59 0.554166666666667 59.7916666666667 55.4583333333333 2.54166666666667 "城区环境评价点" 116.184 39.914
"古城" 20160920 23.9166666666667 45.4583333333333 0.641666666666667 57.8888888888889 44.5 2.08333333333333 "城区环境评价点" 116.184 39.914
"古城" 20161103 187.166666666667 178.916666666667 2.67916666666667 107.583333333333 6.33333333333333 5.45833333333333 "城区环境评价点" 116.184 39.914
"古城" 20160305 68.25 335.666666666667 0.404166666666667 12.4583333333333 70.1666666666667 2.95833333333333 "城区环境评价点" 116.184 39.914
"古城" 20160616 34.375 68.9166666666667 0.629166666666667 62.4583333333333 78.1666666666667 2.54166666666667 "城区环境评价点" 116.184 39.914
"古城" 20160715 34.1666666666667 61.625 0.625 35.1666666666667 74.7916666666667 2 "城区环境评价点" 116.184 39.914
"古城" 20160919 13.1666666666667 28.5833333333333 0.445833333333333 25.2142857142857 40.2916666666667 2 "城区环境评价点" 116.184 39.914
"古城" 20161102 108.25 108.25 1.45833333333333 73.5217391304348 10.1666666666667 9.25 "城区环境评价点" 116.184 39.914
"古城" 20160319 59 124.541666666667 0.8375 39.4166666666667 58 15.2083333333333 "城区环境评价点" 116.184 39.914
"古城" 20160218 16.7916666666667 57.25 0.433333333333333 14.8333333333333 68.6666666666667 5.79166666666667 "城区环境评价点" 116.184 39.914
"古城" 20160729 104.291666666667 103.833333333333 1.0125 21.6666666666667 159 2 "城区环境评价点" 116.184 39.914
"古城" 20160607 57.0416666666667 101.125 0.775 25.375 112.791666666667 2 "城区环境评价点" 116.184 39.914
"古城" 20160721 23 25.7916666666667 0.758333333333333 27.125 57.125 2 "城区环境评价点" 116.184 39.914
"古城" 20160416 42.2916666666667 82 0.308333333333333 14.8333333333333 74.3333333333333 2.08333333333333 "城区环境评价点" 116.184 39.914
"古城" 20160217 53.4583333333333 47.9583333333333 1.24166666666667 34.1666666666667 50.7916666666667 20.8333333333333 "城区环境评价点" 116.184 39.914
"古城" 20160515 40.7083333333333 65.5416666666667 0.55 37.5833333333333 46.4583333333333 2.20833333333333 "城区环境评价点" 116.184 39.914
"古城" 20161222 29.0416666666667 331.375 0.641666666666667 24.2083333333333 41.7083333333333 4.70833333333333 "城区环境评价点" 116.184 39.914
"古城" 20160224 28.6666666666667 33.75 0.929166666666667 28.4583333333333 45.4583333333333 12.5416666666667 "城区环境评价点" 116.184 39.914
"古城" 20161031 11.4166666666667 37.875 0.3625 14.9166666666667 33.0416666666667 2.70833333333333 "城区环境评价点" 116.184 39.914
"古城" 20160302 163.909090909091 197.5 2.6875 103.086956521739 26 32.4166666666667 "城区环境评价点" 116.184 39.914
"古城" 20160514 41.75 64.9166666666667 0.545833333333333 34.5 64.3333333333333 3.20833333333333 "城区环境评价点" 116.184 39.914
"古城" 20161107 40.2083333333333 89.2083333333333 0.875 37.4166666666667 27.2916666666667 2.125 "城区环境评价点" 116.184 39.914
"古城" 20160309 10 24.2272727272727 0.329166666666667 10.25 68.2916666666667 3.25 "城区环境评价点" 116.184 39.914
"古城" 20160208 94.6086956521739 200.25 0.754166666666667 23.0833333333333 53.5833333333333 50.9166666666667 "城区环境评价点" 116.184 39.914
"古城" 20161121 10.5833333333333 39.7916666666667 0.416666666666667 15.4166666666667 46.8333333333333 2 "城区环境评价点" 116.184 39.914
"古城" 20160923 122.95652173913 144.304347826087 1.115 46.45 82.3333333333333 2.45 "城区环境评价点" 116.184 39.914
"古城" 20160726 18.5652173913043 80.8695652173913 0.521739130434783 25.4782608695652 99.9130434782609 2 "城区环境评价点" 116.184 39.914
"古城" 20161128 65.9166666666667 65.5833333333333 1.78333333333333 81.2916666666667 11.25 16.7916666666667 "城区环境评价点" 116.184 39.914
"古城" 20160222 84 141.652173913043 1.3125 34.6666666666667 45.7083333333333 22.9583333333333 "城区环境评价点" 116.184 39.914
"古城" 20160413 132.666666666667 163.208333333333 0.9375 65.5833333333333 61.625 5.66666666666667 "城区环境评价点" 116.184 39.914
"古城" 20160611 12.8333333333333 45.6666666666667 0.308333333333333 25.2916666666667 92.75 2 "城区环境评价点" 116.184 39.914
"古城" 20160229 42 43.5416666666667 0.9375 39.2916666666667 41.2083333333333 17.2916666666667 "城区环境评价点" 116.184 39.914
"古城" 20161021 44.6666666666667 75 0.908333333333333 41.4166666666667 12.4583333333333 2.04166666666667 "城区环境评价点" 116.184 39.914
"古城" 20160703 88.2083333333333 97.5416666666667 0.9 68.25 114 4.70833333333333 "城区环境评价点" 116.184 39.914
"古城" 20160618 40.7916666666667 81.875 0.604166666666667 49.625 119.916666666667 3.04166666666667 "城区环境评价点" 116.184 39.914
"古城" 20160830 32.1666666666667 70.125 0.670833333333333 58.5833333333333 85.6666666666667 2.25 "城区环境评价点" 116.184 39.914
"古城" 20160808 28.8888888888889 62.1764705882353 0.622222222222222 25.6666666666667 96.2777777777778 2 "城区环境评价点" 116.184 39.914
"古城" 20161104 268.458333333333 295.708333333333 3.525 125.875 7.04166666666667 3.29166666666667 "城区环境评价点" 116.184 39.914
"古城" 20160306 71.9166666666667 135.875 1.56666666666667 62.875 20.7083333333333 24.5416666666667 "城区环境评价点" 116.184 39.914
"古城" 20160702 39.25 73.9583333333333 0.491666666666667 42.625 114.541666666667 2.125 "城区环境评价点" 116.184 39.914
"古城" 20160716 40.125 54.4166666666667 0.729166666666667 35.3333333333333 77.4583333333333 4.66666666666667 "城区环境评价点" 116.184 39.914
"古城" 20160807 19.3478260869565 79.85 0.530434782608696 19.304347826087 108 2 "城区环境评价点" 116.184 39.914
"古城" 20160227 25.8333333333333 57.9583333333333 0.816666666666667 35.5833333333333 45.375 11.0833333333333 "城区环境评价点" 116.184 39.914
"古城" 20160320 79.25 91.7083333333333 1.05 67 35.25 11.7083333333333 "城区环境评价点" 116.184 39.914
"古城" 20160701 18.75 78.5833333333333 0.3375 25.9166666666667 105.916666666667 2 "城区环境评价点" 116.184 39.914
"古城" 20160730 135.666666666667 174.9 1.31904761904762 32.0952380952381 84.4761904761905 2 "城区环境评价点" 116.184 39.914
"古城" 20160608 136.666666666667 118.541666666667 1.2 45.6666666666667 120.125 2 "城区环境评价点" 116.184 39.914
"古城" 20160226 45.6666666666667 50.7916666666667 0.925 32.7916666666667 49.9583333333333 15.7083333333333 "城区环境评价点" 116.184 39.914
"古城" 20160417 39.2916666666667 57.7142857142857 0.295833333333333 13.5 90.75 2 "城区环境评价点" 116.184 39.914
"古城" 20160630 86.5416666666667 139.75 0.825 37.375 135.166666666667 2 "城区环境评价点" 116.184 39.914
"古城" 20160615 19.3333333333333 52.3333333333333 0.4875 31.625 111.875 2 "城区环境评价点" 116.184 39.914
"古城" 20161223 44.6666666666667 41.9375 1.06666666666667 61.3888888888889 14.8888888888889 9.72222222222222 "城区环境评价点" 116.184 39.914
"古城" 20160225 29.3333333333333 53.2916666666667 0.8 23.6666666666667 51.5833333333333 12.5416666666667 "城区环境评价点" 116.184 39.914
"古城" 20161101 49.2083333333333 50.7916666666667 0.85 47.25 15.4166666666667 6.08333333333333 "城区环境评价点" 116.184 39.914
"古城" 20160303 275.041666666667 252.916666666667 3.62083333333333 117.791666666667 20.0833333333333 47.375 "城区环境评价点" 116.184 39.914
"古城" 20160925 197.75 244.666666666667 1.58333333333333 58.8695652173913 52.4166666666667 2 "城区环境评价点" 116.184 39.914
"古城" 20161108 48.0416666666667 51.25 0.691666666666667 49.375 18.875 7.66666666666667 "城区环境评价点" 116.184 39.914
"古城" 20160310 11.25 37.7083333333333 0.358333333333333 10.125 74.0416666666667 3.16666666666667 "城区环境评价点" 116.184 39.914
"古城" 20160209 43.5416666666667 60.1666666666667 1.22916666666667 27.875 54.7083333333333 24.25 "城区环境评价点" 116.184 39.914
"古城" 20161122 8.20833333333333 20.0416666666667 0.425 20.7083333333333 39.2083333333333 3.45833333333333 "城区环境评价点" 116.184 39.914
"古城" 20160924 148.291666666667 173.625 1.28333333333333 56.9166666666667 71.2916666666667 2.125 "城区环境评价点" 116.184 39.914
"古城" 20160727 44.5833333333333 85.375 0.6625 30.1666666666667 137.833333333333 2.04166666666667 "城区环境评价点" 116.184 39.914
"古城" 20161129 109.041666666667 115.583333333333 2.8125 94.375 5.58333333333333 25.2916666666667 "城区环境评价点" 116.184 39.914
"古城" 20160223 10.625 50.4583333333333 0.375 8.45833333333333 72.7916666666667 5.83333333333333 "城区环境评价点" 116.184 39.914
"古城" 20160414 63.2608695652174 126.772727272727 0.38695652173913 29.8260869565217 77.0434782608696 3.04347826086957 "城区环境评价点" 116.184 39.914
"古城" 20160612 72.5833333333333 82.2916666666667 0.945833333333333 55.304347826087 113.333333333333 5.20833333333333 "城区环境评价点" 116.184 39.914
"古城" 20160301 128.375 114.916666666667 1.92916666666667 76.7916666666667 26.125 35.9583333333333 "城区环境评价点" 116.184 39.914
"古城" 20161022 16.8333333333333 42.5833333333333 0.629166666666667 32.375 14.25 2 "城区环境评价点" 116.184 39.914
"古城" 20160704 128.166666666667 161.416666666667 1.0625 46.2083333333333 130.208333333333 2.375 "城区环境评价点" 116.184 39.914
"古城" 20160619 57.9166666666667 92.75 0.675 46.875 137.75 2.875 "城区环境评价点" 116.184 39.914
"古城" 20161227 53.0952380952381 42.6363636363636 1.06818181818182 53 20.9545454545455 8.63636363636364 "城区环境评价点" 116.184 39.914
"古城" 20160809 43.3571428571429 78.7857142857143 0.971428571428571 29.7142857142857 145.428571428571 4.57142857142857 "城区环境评价点" 116.184 39.914
"古城" 20160824 96.7083333333333 122.791666666667 0.9875 57.5217391304348 65.9583333333333 2.04166666666667 "城区环境评价点" 116.184 39.914
"古城" 20160322 115 177.416666666667 1.47916666666667 70.1666666666667 40.2916666666667 25.4166666666667 "城区环境评价点" 116.184 39.914
"古城" 20160312 118.875 99.4583333333333 2.1 83.0416666666667 20.5833333333333 40.25 "城区环境评价点" 116.184 39.914
"古城" 20160314 80.7391304347826 77.2608695652174 1.51739130434783 62.2608695652174 35.4347826086956 25 "城区环境评价点" 116.184 39.914
"古城" 20161226 49.8333333333333 144.833333333333 1.12083333333333 51.2083333333333 25.5416666666667 15.5416666666667 "城区环境评价点" 116.184 39.914
"古城" 20160228 34.3333333333333 57.4583333333333 0.875 31.5 45.8333333333333 9.16666666666667 "城区环境评价点" 116.184 39.914
"古城" 20160321 118.125 127.583333333333 1.3125 79.625 52.9583333333333 20 "城区环境评价点" 116.184 39.914
"古城" 20160823 84.75 86.75 0.845833333333333 56.4583333333333 61.6666666666667 2.70833333333333 "城区环境评价点" 116.184 39.914
"古城" 20160731 57.5416666666667 122.041666666667 0.945833333333333 29.375 85.375 2 "城区环境评价点" 116.184 39.914
"古城" 20161225 146.923076923077 197.846153846154 2.75384615384615 104.538461538462 5.69230769230769 33.9230769230769 "城区环境评价点" 116.184 39.914
"古城" 20160313 29.9583333333333 112.208333333333 0.654166666666667 23.0833333333333 73.0416666666667 8.875 "城区环境评价点" 116.184 39.914
"古城" 20160418 18.15 51.1666666666667 0.305 22.6 84.75 2.65 "城区环境评价点" 116.184 39.914
"古城" 20160822 55.4583333333333 82.5 0.858333333333333 46 78.0833333333333 2.66666666666667 "城区环境评价点" 116.184 39.914
"古城" 20160814 22.25 57.3333333333333 0.566666666666667 39.875 90.0416666666667 2.29166666666667 "城区环境评价点" 116.184 39.914
"古城" 20161224 130.916666666667 121.625 2.75 95.6666666666667 6.5 30.0416666666667 "城区环境评价点" 116.184 39.914
"古城" 20160613 48.1304347826087 89.0833333333333 0.566666666666667 27 111.083333333333 2.45833333333333 "城区环境评价点" 116.184 39.914
"古城" 20160211 135.875 165.875 2.91666666666667 56.6666666666667 19.7916666666667 39.7916666666667 "城区环境评价点" 116.184 39.914
"古城" 20161209 27.7391304347826 60.4761904761905 0.839130434782609 46.7826086956522 25.0434782608696 10.2608695652174 "城区环境评价点" 116.184 39.914
"古城" 20160806 96.6086956521739 110 0.852173913043478 38.2173913043478 110.695652173913 2.08695652173913 "城区环境评价点" 116.184 39.914
"古城" 20160813 23.75 58.3333333333333 0.6 38.2916666666667 37.375 2 "城区环境评价点" 116.184 39.914
"古城" 20160311 28.9166666666667 54.875 0.75 31.0416666666667 53.125 12.3333333333333 "城区环境评价点" 116.184 39.914
"古城" 20160210 91.9166666666667 88.0416666666667 2.6125 58.6666666666667 28.2916666666667 49.8333333333333 "城区环境评价点" 116.184 39.914
"古城" 20161123 32.9583333333333 38.125 0.833333333333333 43.625 23.6666666666667 10.5833333333333 "城区环境评价点" 116.184 39.914
"古城" 20160614 37.8181818181818 65.3636363636364 0.622727272727273 25.4545454545455 91.0909090909091 2 "城区环境评价点" 116.184 39.914
"古城" 20160728 46 74.9166666666667 0.658333333333333 22.0833333333333 120.625 2.04166666666667 "城区环境评价点" 116.184 39.914
"古城" 20161130 104.75 169.791666666667 2.5 74.8333333333333 19.3913043478261 18.0416666666667 "城区环境评价点" 116.184 39.914
"古城" 20160621 83.9583333333333 114.208333333333 0.825 38.0416666666667 150.5 2 "城区环境评价点" 116.184 39.914
"古城" 20160415 63.2083333333333 82.5833333333333 0.995833333333333 65.125 53.4166666666667 13.4583333333333 "城区环境评价点" 116.184 39.914
"古城" 20160420 80.7777777777778 113.25 0.90952380952381 49.9523809523809 78.0952380952381 9.28571428571429 "城区环境评价点" 116.184 39.914
"古城" 20160811 104.25 124.375 0.959090909090909 39.5454545454545 99.4583333333333 3.09090909090909 "城区环境评价点" 116.184 39.914
"古城" 20161023 30.0833333333333 35.0416666666667 0.579166666666667 46.0416666666667 17.1666666666667 2.29166666666667 "城区环境评价点" 116.184 39.914
"古城" 20160705 99.4583333333333 139.416666666667 0.833333333333333 42.0833333333333 132.958333333333 4.29166666666667 "城区环境评价点" 116.184 39.914
"古城" 20160620 99.25 117.333333333333 0.920833333333333 37.9583333333333 155.708333333333 3.625 "城区环境评价点" 116.184 39.914
"古城" 20161228 69.125 122.791666666667 1.28571428571429 41.7916666666667 22.6190476190476 8.22727272727273 "城区环境评价点" 116.184 39.914
"古城" 20160810 79.5 80.95 0.854545454545455 33.5454545454545 105.363636363636 2.72727272727273 "城区环境评价点" 116.184 39.914
"古城" 20160825 14.5416666666667 81.4583333333333 0.333333333333333 18.625 56.25 2 "城区环境评价点" 116.184 39.914
"古城" 20160323 19.75 98.0416666666667 0.425 22.5 67.875 4.04166666666667 "城区环境评价点" 116.184 39.914
"古城" 20161203 165.166666666667 152.291666666667 2.99583333333333 111.75 7.79166666666667 24.5 "城区环境评价点" 116.184 39.914
"古城" 20160315 157.25 144.95 1.68 76.7 28.25 56.9 "城区环境评价点" 116.184 39.914
"古城" 20160626 42.5416666666667 76.125 0.5375 43.9583333333333 127.583333333333 5.95833333333333 "城区环境评价点" 116.184 39.914
"古城" 20161205 61.4583333333333 182.782608695652 1.34583333333333 43.7916666666667 28.25 7.20833333333333 "城区环境评价点" 116.184 39.914
"古城" 20160819 16.25 55.6666666666667 0.929166666666667 22.75 72.2083333333333 2 "城区环境评价点" 116.184 39.914
"古城" 20161202 93.75 92.6666666666667 2.22916666666667 92.5 9.125 17.7916666666667 "城区环境评价点" 116.184 39.914
"古城" 20160801 86.7916666666667 98.9166666666667 1.25416666666667 30 125.916666666667 2 "城区环境评价点" 116.184 39.914
"古城" 20160821 54.1666666666667 85.625 0.9125 41.9583333333333 106.583333333333 2 "城区环境评价点" 116.184 39.914
"古城" 20161204 211.166666666667 277.5 3.50416666666667 111.041666666667 10.4166666666667 22.625 "城区环境评价点" 116.184 39.914
"古城" 20160419 79.3684210526316 78.5882352941177 1.36315789473684 81.8421052631579 31.3157894736842 21.2631578947368 "城区环境评价点" 116.184 39.914
"古城" 20161201 40.5833333333333 74.75 1.0375 53.9583333333333 30.7916666666667 8.83333333333333 "城区环境评价点" 116.184 39.914
"古城" 20160815 16.125 54.9166666666667 0.516666666666667 28.8333333333333 66.625 2 "城区环境评价点" 116.184 39.914
"古城" 20161208 108.666666666667 201 1.975 63.2083333333333 33.5833333333333 15.75 "城区环境评价点" 116.184 39.914
"古城" 20160629 120.583333333333 133.791666666667 0.891666666666667 36 103.791666666667 2 "城区环境评价点" 116.184 39.914
"古城" 20160624 16.9166666666667 78 0.4 26.2083333333333 78.75 2.04166666666667 "城区环境评价点" 116.184 39.914
"古城" 20161024 58 67.6666666666667 1.04166666666667 62.4166666666667 2.625 2 "城区环境评价点" 116.184 39.914
"古城" 20160706 86.625 127.583333333333 0.829166666666667 44.875 147.333333333333 4.125 "城区环境评价点" 116.184 39.914
"古城" 20160325 19.4545454545455 36.7619047619048 0.477272727272727 34.0454545454545 60.3181818181818 3.40909090909091 "城区环境评价点" 116.184 39.914
"古城" 20160628 73.625 89.25 0.691666666666667 33.3333333333333 78.2916666666667 2 "城区环境评价点" 116.184 39.914
"古城" 20160623 87.2916666666667 100.666666666667 0.970833333333333 47 127.416666666667 4.08333333333333 "城区环境评价点" 116.184 39.914
"古城" 20161207 114.818181818182 115.958333333333 2.48333333333333 107.416666666667 10.8333333333333 21 "城区环境评价点" 116.184 39.914
"古城" 20160324 13.5833333333333 25.875 0.375 17.9583333333333 77.4583333333333 3.875 "城区环境评价点" 116.184 39.914
"古城" 20161028 13.0869565217391 45.4782608695652 0.543478260869565 29.9565217391304 27.5652173913043 2.04347826086957 "城区环境评价点" 116.184 39.914
"古城" 20160316 252.083333333333 251.958333333333 2.32916666666667 84.4583333333333 56.4166666666667 42.9583333333333 "城区环境评价点" 116.184 39.914
"古城" 20160622 57.5416666666667 100.916666666667 0.65 40.375 132.833333333333 2 "城区环境评价点" 116.184 39.914
"古城" 20161206 64.9166666666667 63.5 1.76666666666667 86.5416666666667 9.25 19.3333333333333 "城区环境评价点" 116.184 39.914
"古城" 20160421 72.1904761904762 115.52380952381 0.847368421052632 67.2631578947368 53.2631578947368 5.9 "城区环境评价点" 116.184 39.914
"古城" 20160812 91.4615384615385 142.333333333333 1.30714285714286 40.3571428571429 54.2142857142857 19.9285714285714 "城区环境评价点" 116.184 39.914
"古城" 20160802 48.7727272727273 103.7 0.786363636363636 24.3636363636364 129.772727272727 2.04545454545455 "城区环境评价点" 116.184 39.914
"古城" 20160402 9 68.5833333333333 0.25 16.4583333333333 70.375 2 "城区环境评价点" 116.184 39.914
"古城" 20160326 13.8333333333333 46.625 0.4125 19.75 74.875 2.83333333333333 "城区环境评价点" 116.184 39.914
"古城" 20160330 35.1666666666667 83.25 0.633333333333333 47.3333333333333 55.4166666666667 8.45833333333333 "城区环境评价点" 116.184 39.914
"古城" 20161026 47.4285714285714 108.789473684211 0.919047619047619 50.5238095238095 17.1428571428571 3.14285714285714 "城区环境评价点" 116.184 39.914
"古城" 20160816 21.25 38.75 0.541666666666667 28.4583333333333 68.5833333333333 2 "城区环境评价点" 116.184 39.914
"古城" 20160817 63.375 65.9166666666667 0.970833333333333 67.0833333333333 20.25 2 "城区环境评价点" 116.184 39.914
"古城" 20160422 21.4166666666667 106.208333333333 0.240909090909091 13.4545454545455 95.4782608695652 2 "城区环境评价点" 116.184 39.914
"古城" 20160625 16.9166666666667 33.5833333333333 0.258333333333333 24.0833333333333 88.5833333333333 2.29166666666667 "城区环境评价点" 116.184 39.914
"古城" 20160627 64.0416666666667 90.8333333333333 0.675 50.5 120.208333333333 7.16666666666667 "城区环境评价点" 116.184 39.914
"古城" 20160327 14.5416666666667 27.6666666666667 0.3625 26.0416666666667 71.9583333333333 3.08333333333333 "城区环境评价点" 116.184 39.914
"古城" 20160820 60 68.7916666666667 1.00833333333333 39.7083333333333 95.4166666666667 2 "城区环境评价点" 116.184 39.914
"古城" 20161027 31.5833333333333 63.625 0.9125 58.4583333333333 2.58333333333333 2.20833333333333 "城区环境评价点" 116.184 39.914
"古城" 20160328 70.9047619047619 89.4782608695652 0.869565217391304 65.7826086956522 45.6521739130435 12.5217391304348 "城区环境评价点" 116.184 39.914
"古城" 20161025 91.3333333333333 97.125 1.31666666666667 66.875 6.125 2.16666666666667 "城区环境评价点" 116.184 39.914
"古城" 20160403 21.0833333333333 48.75 0.341666666666667 25.125 69.7083333333333 3.08333333333333 "城区环境评价点" 116.184 39.914
"古城" 20160818 77.4166666666667 113.25 1.57083333333333 39.0833333333333 31.125 2 "城区环境评价点" 116.184 39.914
"古城" 20160317 338.666666666667 366.125 2.64166666666667 109.333333333333 47.625 37.125 "城区环境评价点" 116.184 39.914
"古城" 20160805 71.375 116.958333333333 0.804166666666667 43.1666666666667 103.041666666667 2.5 "城区环境评价点" 116.184 39.914
"古城" 20160804 91.0833333333333 100.625 1.12083333333333 33.9583333333333 148.04347826087 2.125 "城区环境评价点" 116.184 39.914
"古城" 20160329 28.125 125.818181818182 0.483333333333333 31.9583333333333 66.4166666666667 6 "城区环境评价点" 116.184 39.914
"古城" 20160401 43.375 183.041666666667 0.4375 25.9583333333333 71.0833333333333 5.45833333333333 "城区环境评价点" 116.184 39.914
"古城" 20160331 154.041666666667 131.875 1.40416666666667 82.7083333333333 63.4583333333333 33.25 "城区环境评价点" 116.184 39.914
"古城" 20160803 52.9047619047619 96.0555555555556 0.795238095238095 31.2857142857143 161.238095238095 2 "城区环境评价点" 116.184 39.914
"古城" 20160318 219.083333333333 363.916666666667 1.825 68.4166666666667 61.2916666666667 15.375 "城区环境评价点" 116.184 39.914
