"东高村" 20160512 33 109.782608695652 0.482608695652174 13.2727272727273 NA 2.8695652173913 "对照点及区域点" 117.12 40.1
"东高村" 20160829 12.8333333333333 26.0416666666667 0.270833333333333 11.5833333333333 NA 4.29166666666667 "对照点及区域点" 117.12 40.1
"东高村" 20160610 91.9545454545455 130.333333333333 0.608333333333333 17.25 132.541666666667 4.91666666666667 "对照点及区域点" 117.12 40.1
"东高村" 20160515 36.2608695652174 64.4782608695652 0.347826086956522 16.1739130434783 NA 2 "对照点及区域点" 117.12 40.1
"东高村" 20160905 19.125 59.0833333333333 0.204166666666667 9.91666666666667 NA 2.75 "对照点及区域点" 117.12 40.1
"东高村" 20160904 78 79.1666666666667 1.425 20.9166666666667 NA 11.625 "对照点及区域点" 117.12 40.1
"东高村" 20160828 7.875 18 0.125 8.625 NA 3.16666666666667 "对照点及区域点" 117.12 40.1
"东高村" 20160902 6.95833333333333 14.75 0.104166666666667 9.95833333333333 NA 2 "对照点及区域点" 117.12 40.1
"东高村" 20160807 43.7826086956522 89.1 0.504347826086956 14.9565217391304 NA 2.91304347826087 "对照点及区域点" 117.12 40.1
"东高村" 20160609 116.47619047619 156.45 1.06666666666667 29.5714285714286 173.952380952381 13.1904761904762 "对照点及区域点" 117.12 40.1
"东高村" 20160508 36.5652173913044 45.6521739130435 0.58695652173913 24.6521739130435 NA 7.95652173913043 "对照点及区域点" 117.12 40.1
"东高村" 20160714 25.6666666666667 42.5833333333333 0.533333333333333 13.375 117.708333333333 7 "对照点及区域点" 117.12 40.1
"东高村" 20160505 25.1818181818182 41.8695652173913 0.773913043478261 23.7391304347826 NA 8.47826086956522 "对照点及区域点" 117.12 40.1
"东高村" 20160831 16.75 49.4166666666667 0.166666666666667 8.58333333333333 NA 6.625 "对照点及区域点" 117.12 40.1
"东高村" 20160611 8.65217391304348 67.4583333333333 0.241666666666667 14.2083333333333 70.5 3.375 "对照点及区域点" 117.12 40.1
"东高村" 20160507 17.1304347826087 40.7391304347826 0.247826086956522 16.695652173913 NA 2.8695652173913 "对照点及区域点" 117.12 40.1
"东高村" 20160710 81 121.227272727273 0.639130434782609 16.4782608695652 93.695652173913 2.60869565217391 "对照点及区域点" 117.12 40.1
"东高村" 20160808 30.5 42.2941176470588 0.666666666666667 12.5555555555556 NA 3.83333333333333 "对照点及区域点" 117.12 40.1
"东高村" 20160519 82.695652173913 110.869565217391 0.734782608695652 23.8260869565217 207.826086956522 19.695652173913 "对照点及区域点" 117.12 40.1
"东高村" 20160516 16.2173913043478 29.3913043478261 0.252173913043478 25.5652173913043 NA 2.47826086956522 "对照点及区域点" 117.12 40.1
"东高村" 20160914 43.25 78.9583333333333 0.852173913043478 18.1666666666667 NA 9.90909090909091 "对照点及区域点" 117.12 40.1
"东高村" 20160511 107.565217391304 86.7826086956522 0.839130434782609 22.2272727272727 NA 5.65217391304348 "对照点及区域点" 117.12 40.1
"东高村" 20160906 30.6111111111111 40.9411764705882 0.3 17.2222222222222 NA 2.77777777777778 "对照点及区域点" 117.12 40.1
"东高村" 20160518 54.304347826087 86.2173913043478 0.556521739130435 19.4347826086957 213.8 12.3913043478261 "对照点及区域点" 117.12 40.1
"东高村" 20160513 24.5217391304348 31.8695652173913 0.31304347826087 22.7826086956522 NA 2.78260869565217 "对照点及区域点" 117.12 40.1
"东高村" 20160602 29.6521739130435 73.7916666666667 0.672727272727273 18.75 157.75 10.6666666666667 "对照点及区域点" 117.12 40.1
"东高村" 20160510 25.8260869565217 40.695652173913 0.330434782608696 18.0434782608696 NA 2.73913043478261 "对照点及区域点" 117.12 40.1
"东高村" 20160814 20.6666666666667 33.9166666666667 0.495833333333333 11.8333333333333 NA 5.125 "对照点及区域点" 117.12 40.1
"东高村" 20160517 49.2857142857143 50.2608695652174 0.604347826086957 21.5217391304348 NA 10.8260869565217 "对照点及区域点" 117.12 40.1
"东高村" 20160715 32.3333333333333 48.6666666666667 0.404166666666667 9.375 67.2083333333333 2.08695652173913 "对照点及区域点" 117.12 40.1
"东高村" 20160425 67.5833333333333 86.3846153846154 0.8 25.3846153846154 65.6923076923077 10.0769230769231 "对照点及区域点" 117.12 40.1
"东高村" 20160509 28.695652173913 52.2608695652174 0.352173913043478 17.695652173913 NA 3.17391304347826 "对照点及区域点" 117.12 40.1
"东高村" 20160830 30 39.5 0.470833333333333 17.3333333333333 NA 8.34782608695652 "对照点及区域点" 117.12 40.1
"东高村" 20160304 390.458333333333 395.291666666667 4.775 135.25 17.7083333333333 34.625 "对照点及区域点" 117.12 40.1
"东高村" 20160203 24.3333333333333 32.4583333333333 0.625 15.5 62.8333333333333 9.91666666666667 "对照点及区域点" 117.12 40.1
"东高村" 20160424 60.6666666666667 61.2916666666667 0.5875 26.9583333333333 69.5833333333333 15.7083333333333 "对照点及区域点" 117.12 40.1
"东高村" 20160911 27.8636363636364 48.7083333333333 0.616666666666667 9.95833333333333 NA 3.34782608695652 "对照点及区域点" 117.12 40.1
"东高村" 20160716 28.2173913043478 41.5652173913044 0.408695652173913 13.3478260869565 73.4782608695652 5.17391304347826 "对照点及区域点" 117.12 40.1
"东高村" 20160903 18.875 21.3333333333333 0.220833333333333 10.1666666666667 NA 2.45833333333333 "对照点及区域点" 117.12 40.1
"东高村" 20160202 12.2173913043478 24.5833333333333 0.445833333333333 10.25 59.0416666666667 6.54166666666667 "对照点及区域点" 117.12 40.1
"东高村" 20160423 28.9565217391304 57.9166666666667 0.1625 12.625 55.2083333333333 3.58333333333333 "对照点及区域点" 117.12 40.1
"东高村" 20160606 69.25 83 0.9 25.0434782608696 133.291666666667 13.8333333333333 "对照点及区域点" 117.12 40.1
"东高村" 20160811 58.375 87.4166666666667 0.5375 15.25 NA 3.91666666666667 "对照点及区域点" 117.12 40.1
"东高村" 20160522 36.3913043478261 72.6086956521739 0.530434782608696 16.1304347826087 154.434782608696 10.2173913043478 "对照点及区域点" 117.12 40.1
"东高村" 20160613 40.125 73 0.3625 12.4166666666667 98.9583333333333 2.75 "对照点及区域点" 117.12 40.1
"东高村" 20160813 15.0833333333333 36.9583333333333 0.3125 11.625 NA 2.08333333333333 "对照点及区域点" 117.12 40.1
"东高村" 20160514 42.4782608695652 51.6521739130435 0.421739130434783 20.2608695652174 NA 2.34782608695652 "对照点及区域点" 117.12 40.1
"东高村" 20160506 14.4615384615385 126.260869565217 0.239130434782609 10.7391304347826 NA 2.08695652173913 "对照点及区域点" 117.12 40.1
"东高村" 20160901 5.45833333333333 26.25 0.1 10.125 NA 3.04166666666667 "对照点及区域点" 117.12 40.1
"东高村" 20160612 63.5416666666667 73.0833333333333 0.9875 24.5652173913043 148.875 11.2916666666667 "对照点及区域点" 117.12 40.1
"东高村" 20160812 68.2666666666667 85.0769230769231 0.62 18.6666666666667 NA 2.8 "对照点及区域点" 117.12 40.1
"东高村" 20160711 85.3478260869565 106.478260869565 0.508695652173913 14.7826086956522 102.086956521739 3.8695652173913 "对照点及区域点" 117.12 40.1
"东高村" 20160809 41.1428571428571 43.6428571428571 1.07857142857143 14.1428571428571 NA 11.5714285714286 "对照点及区域点" 117.12 40.1
"东高村" 20160520 55.4347826086956 97.5217391304348 0.952173913043478 24.1304347826087 147.04347826087 25.0869565217391 "对照点及区域点" 117.12 40.1
"东高村" 20160626 39 68.9166666666667 0.533333333333333 25.2083333333333 150.166666666667 12 "对照点及区域点" 117.12 40.1
"东高村" 20160915 NA 71.8333333333333 0.841666666666667 17.5714285714286 NA 8.125 "对照点及区域点" 117.12 40.1
"东高村" 20160123 6.54166666666667 22.8333333333333 0.204166666666667 4.91666666666667 57.9583333333333 4.25 "对照点及区域点" 117.12 40.1
"东高村" 20160907 25.5 56.0833333333333 0.314285714285714 13.7857142857143 NA 5.07142857142857 "对照点及区域点" 117.12 40.1
"东高村" 20160206 23.0416666666667 22.4166666666667 0.5375 9.41666666666667 62.0416666666667 9.54166666666667 "对照点及区域点" 117.12 40.1
"东高村" 20160717 78.7826086956522 79.695652173913 0.81304347826087 15 127.521739130435 5.91304347826087 "对照点及区域点" 117.12 40.1
"东高村" 20160603 47.875 73.75 0.758333333333333 28.625 160.5 24.5833333333333 "对照点及区域点" 117.12 40.1
"东高村" 20160122 34.1666666666667 108.958333333333 0.7 15.1666666666667 60.625 7.79166666666667 "对照点及区域点" 117.12 40.1
"东高村" 20160815 19 43.5714285714286 0.7 15.6666666666667 NA 6.42857142857143 "对照点及区域点" 117.12 40.1
"东高村" 20160205 11.5416666666667 29.5416666666667 0.391666666666667 5.45833333333333 74.9166666666667 5.20833333333333 "对照点及区域点" 117.12 40.1
"东高村" 20160928 13.875 21.4583333333333 0.247826086956522 9.68181818181818 47.5909090909091 2.22727272727273 "对照点及区域点" 117.12 40.1
"东高村" 20160426 67.1818181818182 100.347826086957 1.28260869565217 32.1304347826087 85.6086956521739 20.3913043478261 "对照点及区域点" 117.12 40.1
"东高村" 20161126 253.416666666667 296.291666666667 2.17083333333333 94.0416666666667 7.04166666666667 21.375 "对照点及区域点" 117.12 40.1
"东高村" 20160708 54.625 92.3333333333333 1.0625 23.125 78.6666666666667 5.20833333333333 "对照点及区域点" 117.12 40.1
"东高村" 20160305 44.375 262.5 0.391666666666667 10.5416666666667 62.6666666666667 4.45833333333333 "对照点及区域点" 117.12 40.1
"东高村" 20160204 19.9166666666667 33.4583333333333 0.529166666666667 10.6666666666667 60.625 8.16666666666667 "对照点及区域点" 117.12 40.1
"东高村" 20160113 16.75 32.1666666666667 0.55 16.9583333333333 47.25 7.91666666666667 "对照点及区域点" 117.12 40.1
"东高村" 20160912 17.0833333333333 23.125 0.308333333333333 10.8333333333333 NA 2.25 "对照点及区域点" 117.12 40.1
"东高村" 20160707 95.6666666666667 112.041666666667 1.05833333333333 19.4166666666667 115.166666666667 6.95833333333333 "对照点及区域点" 117.12 40.1
"东高村" 20160524 37.625 65.1304347826087 0.391304347826087 16.695652173913 83.4782608695652 2.47826086956522 "对照点及区域点" 117.12 40.1
"东高村" 20161224 69.2105263157895 68.4210526315789 0.968421052631579 43.1578947368421 12.6315789473684 9.63157894736842 "对照点及区域点" 117.12 40.1
"东高村" 20160112 20.5 27.5652173913043 0.491666666666667 18.25 52.2083333333333 7.83333333333333 "对照点及区域点" 117.12 40.1
"东高村" 20160607 46.4583333333333 81.5833333333333 0.554166666666667 15.5652173913043 96.9166666666667 3.45833333333333 "对照点及区域点" 117.12 40.1
"东高村" 20161109 101.458333333333 78.875 1.8125 57.9166666666667 16.9166666666667 29.5833333333333 "对照点及区域点" 117.12 40.1
"东高村" 20160523 59.1363636363636 67.8181818181818 1.26818181818182 34.0454545454545 93.4545454545455 16.9090909090909 "对照点及区域点" 117.12 40.1
"东高村" 20160614 18.375 42.2083333333333 0.325 7.91666666666667 72.5833333333333 2.125 "对照点及区域点" 117.12 40.1
"东高村" 20160713 21.4583333333333 60.0416666666667 0.3125 10.375 107.458333333333 3.66666666666667 "对照点及区域点" 117.12 40.1
"东高村" 20160819 24.5 32.9166666666667 0.65 11 NA 2.5 "对照点及区域点" 117.12 40.1
"东高村" 20160826 7.71428571428571 15.0714285714286 0.178571428571429 6.84615384615385 NA 2.21428571428571 "对照点及区域点" 117.12 40.1
"东高村" 20160209 31.7916666666667 67.7916666666667 0.7625 12.7083333333333 71.7916666666667 14.125 "对照点及区域点" 117.12 40.1
"东高村" 20160628 50.0454545454545 74.8333333333333 0.420833333333333 9.91666666666667 119.333333333333 3.04545454545455 "对照点及区域点" 117.12 40.1
"东高村" 20160712 57.3478260869565 99.3913043478261 0.486363636363636 13.4347826086957 66.8695652173913 3.0952380952381 "对照点及区域点" 117.12 40.1
"东高村" 20160705 32.5416666666667 67.25 1.18333333333333 18.875 95.625 5.29166666666667 "对照点及区域点" 117.12 40.1
"东高村" 20160810 75.9545454545455 89.95 0.577272727272727 16.5454545454545 NA 2.36363636363636 "对照点及区域点" 117.12 40.1
"东高村" 20160521 46.0434782608696 79 0.58695652173913 18.0434782608696 153.913043478261 17.1304347826087 "对照点及区域点" 117.12 40.1
"东高村" 20160627 63.6086956521739 74.9583333333333 0.641666666666667 22 134.75 11.9583333333333 "对照点及区域点" 117.12 40.1
"东高村" 20160916 95.8666666666667 107.25 1.07916666666667 13.6666666666667 NA 12.375 "对照点及区域点" 117.12 40.1
"东高村" 20160124 13.625 27.75 0.479166666666667 10.8333333333333 61.9583333333333 7.20833333333333 "对照点及区域点" 117.12 40.1
"东高村" 20160908 24.5454545454545 46.625 0.245833333333333 14.4583333333333 NA 2.875 "对照点及区域点" 117.12 40.1
"东高村" 20160207 47.875 61.5416666666667 0.7125 17.2916666666667 63.875 16.9583333333333 "对照点及区域点" 117.12 40.1
"东高村" 20160718 40.9583333333333 88.2916666666667 0.566666666666667 15.4583333333333 121 12.2916666666667 "对照点及区域点" 117.12 40.1
"东高村" 20160604 86.0833333333333 102.791666666667 0.758333333333333 30.2916666666667 173.708333333333 20.7916666666667 "对照点及区域点" 117.12 40.1
"东高村" 20161128 50.3333333333333 50.875 0.7 47.5 20.875 10.25 "对照点及区域点" 117.12 40.1
"东高村" 20160816 21.9583333333333 29.5416666666667 0.3125 15.2083333333333 NA 2.29166666666667 "对照点及区域点" 117.12 40.1
"东高村" 20161227 29.4347826086957 46.7916666666667 0.565217391304348 23.695652173913 25.1052631578947 3.39130434782609 "对照点及区域点" 117.12 40.1
"东高村" 20160929 39.3333333333333 34.2083333333333 0.329166666666667 19.0833333333333 81.5416666666667 6.5 "对照点及区域点" 117.12 40.1
"东高村" 20160427 76.875 94.7826086956522 0.845833333333333 35.1666666666667 71.7083333333333 9.70833333333333 "对照点及区域点" 117.12 40.1
"东高村" 20161127 76.6666666666667 222.833333333333 0.816666666666667 35.9166666666667 37.875 7.58333333333333 "对照点及区域点" 117.12 40.1
"东高村" 20160709 71.3636363636364 81 0.709090909090909 18.6818181818182 71.9 2.95 "对照点及区域点" 117.12 40.1
"东高村" 20160306 64.125 101.5 1.40416666666667 40.25 49.4166666666667 40 "对照点及区域点" 117.12 40.1
"东高村" 20161226 82.3333333333333 183.666666666667 1.22666666666667 33.6 26.6666666666667 9.06666666666667 "对照点及区域点" 117.12 40.1
"东高村" 20160114 33.7083333333333 41.1666666666667 0.741666666666667 36.0454545454545 56.2083333333333 11.9565217391304 "对照点及区域点" 117.12 40.1
"东高村" 20160913 76.2916666666667 66 1.42916666666667 23.9545454545455 NA 11.5416666666667 "对照点及区域点" 117.12 40.1
"东高村" 20161111 78.4583333333333 135.083333333333 1.10416666666667 43.7916666666667 14.2916666666667 9.41666666666667 "对照点及区域点" 117.12 40.1
"东高村" 20160525 NA 32.4347826086956 0.143478260869565 14.2608695652174 93 2 "对照点及区域点" 117.12 40.1
"东高村" 20161225 164 145.888888888889 2.32222222222222 79 2 21.7777777777778 "对照点及区域点" 117.12 40.1
"东高村" 20160730 103.75 157.421052631579 1.64 20.3 164.4 3.75 "对照点及区域点" 117.12 40.1
"东高村" 20160608 107.708333333333 106.25 0.9625 26.7391304347826 125 4.91666666666667 "对照点及区域点" 117.12 40.1
"东高村" 20161110 124.25 155.958333333333 1.14166666666667 47.1666666666667 8.25 11.8333333333333 "对照点及区域点" 117.12 40.1
"东高村" 20160211 155.541666666667 178 2.71666666666667 40.5 35.5416666666667 41.375 "对照点及区域点" 117.12 40.1
"东高村" 20160615 11.9166666666667 30.0416666666667 0.233333333333333 9.91666666666667 84.2083333333333 2.54166666666667 "对照点及区域点" 117.12 40.1
"东高村" 20160729 113.217391304348 118 1.3875 20.9583333333333 164.791666666667 4.83333333333333 "对照点及区域点" 117.12 40.1
"东高村" 20160820 28.6666666666667 41.5416666666667 0.8375 11.0833333333333 NA 3.04166666666667 "对照点及区域点" 117.12 40.1
"东高村" 20160827 9.27777777777778 25.1666666666667 0.127777777777778 7.72222222222222 NA 3.5 "对照点及区域点" 117.12 40.1
"东高村" 20160210 76.3333333333333 63.5833333333333 1.8625 31.375 45.4583333333333 45.7083333333333 "对照点及区域点" 117.12 40.1
"东高村" 20160629 97.1666666666667 100.5 0.658333333333333 9.66666666666667 113.125 2.75 "对照点及区域点" 117.12 40.1
"东高村" 20160728 43.625 90.2916666666667 0.35 13.2916666666667 161.541666666667 7.375 "对照点及区域点" 117.12 40.1
"东高村" 20160706 64.9583333333333 75.2916666666667 0.920833333333333 20.4166666666667 116.666666666667 3.75 "对照点及区域点" 117.12 40.1
"东高村" 20160910 19.25 23.0833333333333 0.304166666666667 11.75 NA 4.08333333333333 "对照点及区域点" 117.12 40.1
"东高村" 20161101 36.0416666666667 25.0833333333333 0.408333333333333 26.5833333333333 40.3333333333333 7.91666666666667 "对照点及区域点" 117.12 40.1
"东高村" 20160720 21.0833333333333 90.0416666666667 0.366666666666667 4.33333333333333 78.3333333333333 4.54166666666667 "对照点及区域点" 117.12 40.1
"东高村" 20160917 28.5416666666667 78.5416666666667 0.479166666666667 16 NA 2.58333333333333 "对照点及区域点" 117.12 40.1
"东高村" 20160125 24.4583333333333 37.9166666666667 0.775 16.6666666666667 52 12.0833333333333 "对照点及区域点" 117.12 40.1
"东高村" 20160909 18.0833333333333 34.875 0.220833333333333 12.125 NA 3.08333333333333 "对照点及区域点" 117.12 40.1
"东高村" 20160208 121.5 141.25 0.683333333333333 17.5416666666667 53.375 33.2916666666667 "对照点及区域点" 117.12 40.1
"东高村" 20160719 112.208333333333 105.25 1.3 15.7083333333333 90.75 8.04166666666667 "对照点及区域点" 117.12 40.1
"东高村" 20160605 48.8333333333333 92.125 0.779166666666667 25.7916666666667 122.333333333333 19.3333333333333 "对照点及区域点" 117.12 40.1
"东高村" 20161129 58.9583333333333 87.7083333333333 1.45416666666667 47.625 10.6666666666667 26.2916666666667 "对照点及区域点" 117.12 40.1
"东高村" 20160817 40.375 41.125 0.5375 11.25 NA 4.75 "对照点及区域点" 117.12 40.1
"东高村" 20161228 69.6666666666667 94.0952380952381 0.957142857142857 35.7142857142857 23.4761904761905 6.71428571428571 "对照点及区域点" 117.12 40.1
"东高村" 20160930 82.9583333333333 84.125 0.479166666666667 19.625 139.25 13.9166666666667 "对照点及区域点" 117.12 40.1
"东高村" 20160428 66.0869565217391 100.260869565217 0.630434782608696 24.0869565217391 85.0434782608696 7.65217391304348 "对照点及区域点" 117.12 40.1
"东高村" 20161220 317.217391304348 367.727272727273 6.6304347826087 95.2608695652174 2 6.73913043478261 "对照点及区域点" 117.12 40.1
"东高村" 20161113 92.5416666666667 87.5416666666667 1.52916666666667 45.75 19.875 21.3333333333333 "对照点及区域点" 117.12 40.1
"东高村" 20160307 35.625 115.833333333333 0.7625 19.4583333333333 53.6666666666667 10.6666666666667 "对照点及区域点" 117.12 40.1
"东高村" 20161029 17.4583333333333 16.625 0.2625 16.2083333333333 40.9583333333333 4.5 "对照点及区域点" 117.12 40.1
"东高村" 20160115 126.625 112.083333333333 2.34166666666667 100.791666666667 10.5416666666667 37.6842105263158 "对照点及区域点" 117.12 40.1
"东高村" 20160314 62.1739130434783 66.8260869565217 0.773913043478261 28.6086956521739 56.9130434782609 13.8260869565217 "对照点及区域点" 117.12 40.1
"东高村" 20161112 72.8333333333333 107.041666666667 1.02083333333333 33.5833333333333 26.6666666666667 10.1666666666667 "对照点及区域点" 117.12 40.1
"东高村" 20160526 13.6666666666667 31.6818181818182 0.159090909090909 11.9090909090909 95.1363636363636 2.04545454545455 "对照点及区域点" 117.12 40.1
"东高村" 20161119 111.714285714286 220.347826086957 1.74090909090909 39.1363636363636 18.2272727272727 7.95454545454545 "对照点及区域点" 117.12 40.1
"东高村" 20160731 34.5652173913044 84.8695652173913 0.860869565217391 12.5652173913043 81.8695652173913 2.52173913043478 "对照点及区域点" 117.12 40.1
"东高村" 20160404 63.5 61.75 0.491666666666667 20.5 79.3333333333333 13.9583333333333 "对照点及区域点" 117.12 40.1
"东高村" 20161020 80.5833333333333 207.666666666667 1.09583333333333 30.375 47.3333333333333 12.3333333333333 "对照点及区域点" 117.12 40.1
"东高村" 20160212 192.208333333333 211.833333333333 2.30833333333333 36.7916666666667 34.4583333333333 13 "对照点及区域点" 117.12 40.1
"东高村" 20160616 25.375 51.125 0.316666666666667 16.4782608695652 133.541666666667 3.91666666666667 "对照点及区域点" 117.12 40.1
"东高村" 20161210 31.2083333333333 40.0416666666667 0.491666666666667 25.5 35.4583333333333 5.29166666666667 "对照点及区域点" 117.12 40.1
"东高村" 20160821 62.4166666666667 58.2083333333333 0.8125 15.25 NA 4.625 "对照点及区域点" 117.12 40.1
"东高村" 20161019 216.375 199 1.7 32.0416666666667 68.625 17.625 "对照点及区域点" 117.12 40.1
"东高村" 20161217 300.5 280.416666666667 3.12083333333333 100.541666666667 2.79166666666667 24.6666666666667 "对照点及区域点" 117.12 40.1
"东高村" 20160630 84.3333333333333 122.166666666667 0.5125 12.8333333333333 110.416666666667 2.125 "对照点及区域点" 117.12 40.1
"东高村" 20161026 52.4761904761905 106.684210526316 0.828571428571429 37.2380952380952 22.2857142857143 6.38095238095238 "对照点及区域点" 117.12 40.1
"东高村" 20160127 88.0869565217391 68.1666666666667 1.24583333333333 43.3333333333333 39.6153846153846 28.5833333333333 "对照点及区域点" 117.12 40.1
"东高村" 20160311 14.9583333333333 41.1666666666667 0.3125 8.75 71.25 4.04166666666667 "对照点及区域点" 117.12 40.1
"东高村" 20161102 88.0416666666667 84.2083333333333 0.783333333333333 53.7916666666667 18.9583333333333 15.5 "对照点及区域点" 117.12 40.1
"东高村" 20160721 33.7083333333333 26.25 0.591666666666667 8.91666666666667 72.5416666666667 4.83333333333333 "对照点及区域点" 117.12 40.1
"东高村" 20160918 14.4583333333333 30.9545454545455 0.2375 12.875 NA 2 "对照点及区域点" 117.12 40.1
"东高村" 20160126 26.4761904761905 56.7826086956522 0.778260869565217 20.6086956521739 65.7 9.78260869565217 "对照点及区域点" 117.12 40.1
"东高村" 20160530 76.9166666666667 96.6666666666667 0.779166666666667 26.375 179.541666666667 15.125 "对照点及区域点" 117.12 40.1
"东高村" 20161123 NA NA NA NA NA NA "对照点及区域点" 117.12 40.1
"东高村" 20161002 109.875 154.333333333333 0.9125 26.9583333333333 115 17.0833333333333 "对照点及区域点" 117.12 40.1
"东高村" 20160408 15.7083333333333 52.875 0.258333333333333 12.0833333333333 68.5 4.20833333333333 "对照点及区域点" 117.12 40.1
"东高村" 20161130 114.166666666667 118 1.41666666666667 64.1666666666667 16.5 15.6666666666667 "对照点及区域点" 117.12 40.1
"东高村" 20160818 63.9411764705882 77.2352941176471 1.73529411764706 17.8235294117647 NA 6.88235294117647 "对照点及区域点" 117.12 40.1
"东高村" 20161031 7.16666666666667 30.3333333333333 0.220833333333333 6.33333333333333 50.9583333333333 2.04166666666667 "对照点及区域点" 117.12 40.1
"东高村" 20161001 125.318181818182 147.458333333333 1.1375 33.3478260869565 121.208333333333 22.0416666666667 "对照点及区域点" 117.12 40.1
"东高村" 20160429 94.9583333333333 92.5416666666667 1.2125 32.4583333333333 88.8333333333333 15.9166666666667 "对照点及区域点" 117.12 40.1
"东高村" 20161221 416.041666666667 404.916666666667 8.7625 115.208333333333 2 12.7916666666667 "对照点及区域点" 117.12 40.1
"东高村" 20161114 44.25 125.25 0.625 21.625 48.25 5.91666666666667 "对照点及区域点" 117.12 40.1
"东高村" 20160308 8.77777777777778 26.1428571428571 0.238888888888889 3.44444444444444 66.7777777777778 2.61111111111111 "对照点及区域点" 117.12 40.1
"东高村" 20161030 45.0416666666667 56.5833333333333 0.608333333333333 39.875 23.2916666666667 13.125 "对照点及区域点" 117.12 40.1
"东高村" 20160116 151.291666666667 198.208333333333 3.00833333333333 70.25 16.8333333333333 34.375 "对照点及区域点" 117.12 40.1
"东高村" 20160315 111.95 103.3 0.995 30.7 80.8 27.05 "对照点及区域点" 117.12 40.1
"东高村" 20161022 14.3636363636364 29.5 0.404166666666667 17.5 18.4583333333333 2.66666666666667 "对照点及区域点" 117.12 40.1
"东高村" 20160527 37.9565217391304 61.9565217391304 0.456521739130435 20.8695652173913 142.95652173913 12.7391304347826 "对照点及区域点" 117.12 40.1
"东高村" 20161120 59.2142857142857 108.857142857143 1.16428571428571 38.6428571428571 11.4285714285714 12.9285714285714 "对照点及区域点" 117.12 40.1
"东高村" 20160801 42.6666666666667 67.9583333333333 0.916666666666667 13.25 129.666666666667 3.25 "对照点及区域点" 117.12 40.1
"东高村" 20160405 94.0416666666667 119.583333333333 1.15416666666667 30.2916666666667 28.5882352941176 21 "对照点及区域点" 117.12 40.1
"东高村" 20161021 30.0952380952381 60.0416666666667 0.525 23.8333333333333 12.0833333333333 2.66666666666667 "对照点及区域点" 117.12 40.1
"东高村" 20160213 23.9583333333333 159.666666666667 0.6875 8.95833333333333 63.0833333333333 2.41666666666667 "对照点及区域点" 117.12 40.1
"东高村" 20160617 21.8636363636364 46.375 0.320833333333333 19.8571428571429 95 5.375 "对照点及区域点" 117.12 40.1
"东高村" 20161211 127.125 89.695652173913 1.55833333333333 73.875 10.4166666666667 45 "对照点及区域点" 117.12 40.1
"东高村" 20160822 40.4583333333333 73.2916666666667 0.891666666666667 10.125 NA 8 "对照点及区域点" 117.12 40.1
"东高村" 20160313 40 92.75 0.545833333333333 17.9166666666667 62.125 9.25 "对照点及区域点" 117.12 40.1
"东高村" 20161218 327.75 358.375 3.5125 93.375 5 17.5833333333333 "对照点及区域点" 117.12 40.1
"东高村" 20160701 44.9565217391304 91.875 0.425 12.1666666666667 86.125 2.33333333333333 "对照点及区域点" 117.12 40.1
"东高村" 20161027 22.5 44.375 0.6625 28.5 20.0454545454545 9.95833333333333 "对照点及区域点" 117.12 40.1
"东高村" 20160128 103.958333333333 139.625 1.57916666666667 50 43.4583333333333 40.6666666666667 "对照点及区域点" 117.12 40.1
"东高村" 20160312 77.0416666666667 64.3333333333333 1.10416666666667 48.125 43.75 31.7083333333333 "对照点及区域点" 117.12 40.1
"东高村" 20161103 206.041666666667 192 1.93333333333333 82.625 5.79166666666667 21.875 "对照点及区域点" 117.12 40.1
"东高村" 20160722 70.0952380952381 86.1739130434783 0.943478260869565 11.2272727272727 95.695652173913 5.52173913043478 "对照点及区域点" 117.12 40.1
"东高村" 20160919 8.83333333333333 17.125 0.158333333333333 11 NA 2.20833333333333 "对照点及区域点" 117.12 40.1
"东高村" 20161202 127.083333333333 96.25 1.475 76.4583333333333 15 25.5416666666667 "对照点及区域点" 117.12 40.1
"东高村" 20160531 47.2777777777778 106.666666666667 1.05 25.3333333333333 113.722222222222 18.7777777777778 "对照点及区域点" 117.12 40.1
"东高村" 20161124 NA NA NA NA NA NA "对照点及区域点" 117.12 40.1
"东高村" 20161003 87.5217391304348 120 0.782608695652174 23.0434782608696 90.304347826087 11.6086956521739 "对照点及区域点" 117.12 40.1
"东高村" 20160409 82.5416666666667 95.25 0.6625 35.3333333333333 43.0833333333333 15.4583333333333 "对照点及区域点" 117.12 40.1
"东高村" 20161201 14.0416666666667 78.5833333333333 0.333333333333333 15.0833333333333 54.5833333333333 2.91666666666667 "对照点及区域点" 117.12 40.1
"东高村" 20160217 32.5833333333333 32.7916666666667 0.475 15.4166666666667 69.5 10.9166666666667 "对照点及区域点" 117.12 40.1
"东高村" 20160621 136.875 154.916666666667 0.966666666666667 15.375 155.958333333333 5.75 "对照点及区域点" 117.12 40.1
"东高村" 20161215 30.9166666666667 49.6666666666667 0.616666666666667 33.6666666666667 28 7.16666666666667 "对照点及区域点" 117.12 40.1
"东高村" 20160430 110.086956521739 154.782608695652 0.852173913043478 29.2608695652174 89.3478260869565 9 "对照点及区域点" 117.12 40.1
"东高村" 20161222 207.681818181818 408.583333333333 4.15833333333333 62.875 26.6666666666667 7.83333333333333 "对照点及区域点" 117.12 40.1
"东高村" 20161115 30.7083333333333 33.5833333333333 0.675 31.7083333333333 27.625 13.8333333333333 "对照点及区域点" 117.12 40.1
"东高村" 20160309 9.78260869565217 19.047619047619 0.317391304347826 6 59.1304347826087 3.82608695652174 "对照点及区域点" 117.12 40.1
"东高村" 20161122 NA NA NA NA NA NA "对照点及区域点" 117.12 40.1
"东高村" 20160117 46.9166666666667 128.041666666667 1.125 26.9583333333333 37.7916666666667 11.1666666666667 "对照点及区域点" 117.12 40.1
"东高村" 20160316 210.782608695652 214.217391304348 1.19565217391304 38.2608695652174 94.0869565217391 23.0869565217391 "对照点及区域点" 117.12 40.1
"东高村" 20161023 3.5 25.5833333333333 0.433333333333333 29.0416666666667 19.2916666666667 4.45833333333333 "对照点及区域点" 117.12 40.1
"东高村" 20160528 34.7391304347826 71.6521739130435 0.473913043478261 19.6521739130435 143.565217391304 10.8260869565217 "对照点及区域点" 117.12 40.1
"东高村" 20161121 NA NA NA NA NA NA "对照点及区域点" 117.12 40.1
"东高村" 20160802 50.1818181818182 69.5 0.75 14.1363636363636 NA 3.45454545454545 "对照点及区域点" 117.12 40.1
"东高村" 20160406 88.5909090909091 98.695652173913 1.4375 38 NA 24.1666666666667 "对照点及区域点" 117.12 40.1
"东高村" 20160330 20.25 33.5 0.370833333333333 12.9166666666667 78.7083333333333 8.5 "对照点及区域点" 117.12 40.1
"东高村" 20160214 9.33333333333333 21 0.308333333333333 3.875 65 3.79166666666667 "对照点及区域点" 117.12 40.1
"东高村" 20160618 37.9166666666667 67.625 0.416666666666667 21.4166666666667 135.291666666667 5.95833333333333 "对照点及区域点" 117.12 40.1
"东高村" 20161212 209.470588235294 234.111111111111 2.18823529411765 79.0588235294118 7.94117647058824 33 "对照点及区域点" 117.12 40.1
"东高村" 20160823 47.2083333333333 62.2916666666667 0.825 16.7916666666667 NA 13.25 "对照点及区域点" 117.12 40.1
"东高村" 20160329 10.0434782608696 69.2857142857143 0.208695652173913 8.26086956521739 77.9130434782609 3.08695652173913 "对照点及区域点" 117.12 40.1
"东高村" 20161219 332 389.291666666667 3.95416666666667 93.1666666666667 4.08333333333333 12.875 "对照点及区域点" 117.12 40.1
"东高村" 20160702 51.8333333333333 75.125 0.5625 14.9166666666667 133.458333333333 2.75 "对照点及区域点" 117.12 40.1
"东高村" 20161028 7.70833333333333 27.5 0.175 10.4166666666667 42.3333333333333 2 "对照点及区域点" 117.12 40.1
"东高村" 20160129 77.2916666666667 129.708333333333 1.9875 46.6666666666667 17.6666666666667 42.125 "对照点及区域点" 117.12 40.1
"东高村" 20160328 81.875 69.5 0.7625 33.125 76.4166666666667 27.8333333333333 "对照点及区域点" 117.12 40.1
"东高村" 20161104 183.166666666667 247.583333333333 2.92083333333333 83.2916666666667 3.95833333333333 8.25 "对照点及区域点" 117.12 40.1
"东高村" 20160723 90.75 108.083333333333 0.8375 20.2083333333333 126.5 7.25 "对照点及区域点" 117.12 40.1
"东高村" 20160920 13 19.2916666666667 0.175 13.4166666666667 NA 3.20833333333333 "对照点及区域点" 117.12 40.1
"东高村" 20161203 291.541666666667 242.708333333333 2.78333333333333 94.4583333333333 6.20833333333333 34.7916666666667 "对照点及区域点" 117.12 40.1
"东高村" 20160601 27.4347826086957 57.1739130434783 0.669565217391304 23.8695652173913 95.3913043478261 10.8260869565217 "对照点及区域点" 117.12 40.1
"东高村" 20161125 285 225.666666666667 2.83333333333333 116.166666666667 2 23.8333333333333 "对照点及区域点" 117.12 40.1
"东高村" 20161004 29.0869565217391 90.7916666666667 1.20833333333333 35.0416666666667 21.9166666666667 13.625 "对照点及区域点" 117.12 40.1
"东高村" 20160410 47.5 139 0.870833333333333 26.25 52.0833333333333 16.7083333333333 "对照点及区域点" 117.12 40.1
"东高村" 20160105 21.1666666666667 39.1666666666667 0.6 17.9583333333333 35.7083333333333 7.625 "对照点及区域点" 117.12 40.1
"东高村" 20160218 28.7391304347826 61.8333333333333 0.136363636363636 16.6666666666667 55.7916666666667 7.16666666666667 "对照点及区域点" 117.12 40.1
"东高村" 20160622 54.875 115.583333333333 0.483333333333333 12.8260869565217 151.083333333333 3.83333333333333 "对照点及区域点" 117.12 40.1
"东高村" 20161216 117.25 66.8333333333333 1.32916666666667 61.7083333333333 13.125 14.4583333333333 "对照点及区域点" 117.12 40.1
"东高村" 20160501 150 176.478260869565 1.87391304347826 33.695652173913 93.4117647058823 16.0434782608696 "对照点及区域点" 117.12 40.1
"东高村" 20161223 20.0555555555556 123.25 0.372222222222222 16.5555555555556 41.0555555555556 2.33333333333333 "对照点及区域点" 117.12 40.1
"东高村" 20161116 84.0869565217391 72.5454545454545 1.20434782608696 52.8636363636364 13.1304347826087 17.8695652173913 "对照点及区域点" 117.12 40.1
"东高村" 20160310 12.9166666666667 27.4166666666667 0.395652173913043 11.9090909090909 64 5.04545454545455 "对照点及区域点" 117.12 40.1
"东高村" 20160925 136.125 198.875 1.5625 23.9583333333333 NA 17.4166666666667 "对照点及区域点" 117.12 40.1
"东高村" 20160118 12.2380952380952 41.3181818181818 0.172727272727273 5.27272727272727 66.8181818181818 4.13636363636364 "对照点及区域点" 117.12 40.1
"东高村" 20160317 205.772727272727 256.958333333333 1.4375 41.4583333333333 113.333333333333 34.4545454545455 "对照点及区域点" 117.12 40.1
"东高村" 20161024 14.1428571428571 46.1666666666667 0.75 48.9583333333333 10.5833333333333 6.91666666666667 "对照点及区域点" 117.12 40.1
"东高村" 20160529 32.3636363636364 56.3478260869565 0.391304347826087 13.5652173913043 105.695652173913 4.65217391304348 "对照点及区域点" 117.12 40.1
"东高村" 20160620 93.5416666666667 122.583333333333 0.704166666666667 18.25 172.916666666667 6.625 "对照点及区域点" 117.12 40.1
"东高村" 20160803 64.3809523809524 80.5 0.80952380952381 16.952380952381 NA 4.76190476190476 "对照点及区域点" 117.12 40.1
"东高村" 20160407 74.5416666666667 142.666666666667 0.6125 20.4583333333333 81.4615384615385 5.41666666666667 "对照点及区域点" 117.12 40.1
"东高村" 20160331 102.666666666667 95.625 1.23333333333333 38.25 75.5416666666667 34.0416666666667 "对照点及区域点" 117.12 40.1
"东高村" 20160215 12.3333333333333 24.6666666666667 0.4625 7.33333333333333 65.125 4.75 "对照点及区域点" 117.12 40.1
"东高村" 20160619 65.625 91.7083333333333 0.608333333333333 22.5416666666667 177.166666666667 6.375 "对照点及区域点" 117.12 40.1
"东高村" 20161213 94.125 216.375 1.23636363636364 46.7272727272727 28.0416666666667 11.7727272727273 "对照点及区域点" 117.12 40.1
"东高村" 20160824 61.9166666666667 71.4583333333333 0.579166666666667 13.75 NA 6.33333333333333 "对照点及区域点" 117.12 40.1
"东高村" 20160222 57.2272727272727 107.478260869565 0.942857142857143 26.2083333333333 42.1666666666667 13.2916666666667 "对照点及区域点" 117.12 40.1
"东高村" 20161106 83.2916666666667 160.875 1 38.75 26.7083333333333 10.25 "对照点及区域点" 117.12 40.1
"东高村" 20160703 60.375 69.25 0.629166666666667 15.5833333333333 119.291666666667 4.375 "对照点及区域点" 117.12 40.1
"东高村" 20160108 13 29.8333333333333 0.4625 12.9166666666667 53.4583333333333 6.70833333333333 "对照点及区域点" 117.12 40.1
"东高村" 20160130 48.7083333333333 85.7083333333333 0.983333333333333 31.9583333333333 34.4166666666667 16.875 "对照点及区域点" 117.12 40.1
"东高村" 20160221 63.0833333333333 49.125 1.0875 33.0416666666667 47.9583333333333 23 "对照点及区域点" 117.12 40.1
"东高村" 20161105 129.791666666667 201.608695652174 3.02916666666667 66.2083333333333 21.7083333333333 10.25 "对照点及区域点" 117.12 40.1
"东高村" 20160724 49.3157894736842 89.1111111111111 0.5375 14.375 102.583333333333 5.04166666666667 "对照点及区域点" 117.12 40.1
"东高村" 20160921 45.8333333333333 42.7083333333333 0.833333333333333 26.0833333333333 NA 12.4583333333333 "对照点及区域点" 117.12 40.1
"东高村" 20161204 310.833333333333 384.708333333333 3.15 86.2916666666667 11.9166666666667 21.2916666666667 "对照点及区域点" 117.12 40.1
"东高村" 20160220 13.2083333333333 22.0434782608696 0.375 8.04166666666667 57.5 4.45833333333333 "对照点及区域点" 117.12 40.1
"东高村" 20160624 12.5454545454545 70.5 0.283333333333333 11.695652173913 66.4583333333333 2 "对照点及区域点" 117.12 40.1
"东高村" 20161005 50.2608695652174 59.7391304347826 1.09130434782609 25.0434782608696 24.6521739130435 2.69565217391304 "对照点及区域点" 117.12 40.1
"东高村" 20160411 37.2173913043478 82.9473684210526 0.778260869565217 25.1739130434783 54.695652173913 17.2608695652174 "对照点及区域点" 117.12 40.1
"东高村" 20160106 17.6666666666667 38.5833333333333 0.5625 14.1666666666667 50.375 8.125 "对照点及区域点" 117.12 40.1
"东高村" 20160219 16.7916666666667 29.25 0.320833333333333 10 70.5833333333333 5.20833333333333 "对照点及区域点" 117.12 40.1
"东高村" 20160623 95.3333333333333 119.333333333333 1.47916666666667 28.5 97.375 7.91666666666667 "对照点及区域点" 117.12 40.1
"东高村" 20160927 23.375 71.9166666666667 0.470833333333333 9.70833333333333 38.1363636363636 2.04166666666667 "对照点及区域点" 117.12 40.1
"东高村" 20160502 37.1739130434783 125.826086956522 0.304347826086957 15.4782608695652 NA 3 "对照点及区域点" 117.12 40.1
"东高村" 20160319 87.75 127.041666666667 1.57083333333333 40.375 59.75 34.125 "对照点及区域点" 117.12 40.1
"东高村" 20161117 188.875 184 3.70833333333333 76.1666666666667 2 28.1666666666667 "对照点及区域点" 117.12 40.1
"东高村" 20160326 13.25 26.75 0.2625 10.5833333333333 70.0416666666667 3.16666666666667 "对照点及区域点" 117.12 40.1
"东高村" 20160926 75.2083333333333 130.95652173913 1.43333333333333 19.2083333333333 23.6428571428571 6.875 "对照点及区域点" 117.12 40.1
"东高村" 20160119 41.125 29 0.854166666666667 31.8333333333333 36.375 12.8333333333333 "对照点及区域点" 117.12 40.1
"东高村" 20160318 143.875 261.458333333333 0.916666666666667 22.7083333333333 91.8333333333333 15.8333333333333 "对照点及区域点" 117.12 40.1
"东高村" 20161025 79.375 77.4166666666667 0.929166666666667 58.125 11.375 5.45833333333333 "对照点及区域点" 117.12 40.1
"东高村" 20160325 21 34.8095238095238 0.490909090909091 13.4545454545455 68 6.95454545454545 "对照点及区域点" 117.12 40.1
"东高村" 20161208 88.7916666666667 137.347826086957 1.10833333333333 41.8333333333333 31.5833333333333 14.4166666666667 "对照点及区域点" 117.12 40.1
"东高村" 20160804 109.05 121.04347826087 1.63913043478261 20.6521739130435 NA 9.91304347826087 "对照点及区域点" 117.12 40.1
"东高村" 20160401 34.8333333333333 115.208333333333 0.366666666666667 13.375 60.25 7.04166666666667 "对照点及区域点" 117.12 40.1
"东高村" 20160922 73.9090909090909 74 0.863636363636364 19.1363636363636 NA 20.0909090909091 "对照点及区域点" 117.12 40.1
"东高村" 20160216 11.625 40.7083333333333 0.429166666666667 7.79166666666667 59.1666666666667 3.75 "对照点及区域点" 117.12 40.1
"东高村" 20160110 72.0416666666667 94.6086956521739 1.29583333333333 48.625 28.1666666666667 19.2916666666667 "对照点及区域点" 117.12 40.1
"东高村" 20161214 17.25 39.875 0.441666666666667 20.0833333333333 39.2083333333333 6 "对照点及区域点" 117.12 40.1
"东高村" 20160825 21.9565217391304 69.8695652173913 0.221739130434783 7.52173913043478 NA 2.23809523809524 "对照点及区域点" 117.12 40.1
"东高村" 20160223 9.70833333333333 40 0.366666666666667 6.20833333333333 72.125 4.58333333333333 "对照点及区域点" 117.12 40.1
"东高村" 20161107 34.2916666666667 76.1666666666667 0.55 26.7916666666667 31.8333333333333 3.66666666666667 "对照点及区域点" 117.12 40.1
"东高村" 20160704 90.3 119.333333333333 1.35833333333333 22.0625 98.1304347826087 7.08333333333333 "对照点及区域点" 117.12 40.1
"东高村" 20160109 42.5 36.6666666666667 0.816666666666667 34.9583333333333 28.2083333333333 12.1666666666667 "对照点及区域点" 117.12 40.1
"东高村" 20160131 13.3333333333333 37.6666666666667 0.458333333333333 10.5 57 6.70833333333333 "对照点及区域点" 117.12 40.1
"东高村" 20160503 13.6190476190476 47.5217391304348 0.2 12.4782608695652 NA 2.1304347826087 "对照点及区域点" 117.12 40.1
"东高村" 20160101 285.083333333333 224 3.22916666666667 99 3.875 28.5416666666667 "对照点及区域点" 117.12 40.1
"东高村" 20160725 27.7272727272727 79.2 0.373913043478261 10.695652173913 81.9130434782609 5.34782608695652 "对照点及区域点" 117.12 40.1
"东高村" 20160327 12.6666666666667 24.6666666666667 0.216666666666667 9.08333333333333 75.9166666666667 3.33333333333333 "对照点及区域点" 117.12 40.1
"东高村" 20161205 85.2916666666667 257 1.25416666666667 34.3333333333333 34.6818181818182 8.20833333333333 "对照点及区域点" 117.12 40.1
"东高村" 20160120 93.7916666666667 101.375 2.59583333333333 61.0416666666667 16.0416666666667 40.9583333333333 "对照点及区域点" 117.12 40.1
"东高村" 20160625 17.9444444444444 27.6666666666667 0.1625 12.6666666666667 86.8333333333333 2.375 "对照点及区域点" 117.12 40.1
"东高村" 20161006 65.7083333333333 88.0416666666667 1.7625 41.3333333333333 13.1666666666667 11.5 "对照点及区域点" 117.12 40.1
"东高村" 20160412 61.9130434782609 68.4583333333333 0.508333333333333 22.75 40.5 6.20833333333333 "对照点及区域点" 117.12 40.1
"东高村" 20160107 17.125 24.2173913043478 0.516666666666667 14.4583333333333 38 7.45833333333333 "对照点及区域点" 117.12 40.1
"东高村" 20160805 56.8333333333333 95.4583333333333 0.395833333333333 15.7083333333333 NA 6.625 "对照点及区域点" 117.12 40.1
"东高村" 20161013 129.666666666667 117.958333333333 0.9875 27.4583333333333 79.625 13.2083333333333 "对照点及区域点" 117.12 40.1
"东高村" 20160419 63.3888888888889 59.9375 1.47777777777778 42.5 34 15.8333333333333 "对照点及区域点" 117.12 40.1
"东高村" 20161010 92.0833333333333 73.6666666666667 0.908333333333333 46.7916666666667 23.125 15.7083333333333 "对照点及区域点" 117.12 40.1
"东高村" 20160320 63.25 86.6666666666667 0.779166666666667 32.4166666666667 63.7916666666667 10.7083333333333 "对照点及区域点" 117.12 40.1
"东高村" 20161118 224.958333333333 267.666666666667 3.95416666666667 73.75 2.04545454545455 25.0833333333333 "对照点及区域点" 117.12 40.1
"东高村" 20160224 28.125 26.2083333333333 0.554166666666667 20.125 49.125 10.0416666666667 "对照点及区域点" 117.12 40.1
"东高村" 20160418 17.15 28.6111111111111 0.21 10.55 60.65 2.1 "对照点及区域点" 117.12 40.1
"东高村" 20161108 19.8333333333333 26.8333333333333 0.3125 17.4166666666667 37.625 4.54166666666667 "对照点及区域点" 117.12 40.1
"东高村" 20160403 17.4166666666667 38.2083333333333 0.229166666666667 8.66666666666667 62.625 2.5 "对照点及区域点" 117.12 40.1
"东高村" 20160924 138.291666666667 164.625 0.933333333333333 17.5 NA 11.7916666666667 "对照点及区域点" 117.12 40.1
"东高村" 20161011 126.875 168.125 1.325 37.5416666666667 33.7916666666667 14.7916666666667 "对照点及区域点" 117.12 40.1
"东高村" 20161209 17.5652173913043 52.1428571428571 0.417391304347826 17.4782608695652 48.5217391304348 3.34782608695652 "对照点及区域点" 117.12 40.1
"东高村" 20160102 332.25 360.434782608696 3.95833333333333 112.458333333333 12.5833333333333 39.6666666666667 "对照点及区域点" 117.12 40.1
"东高村" 20160402 8.79166666666667 43.4583333333333 0.216666666666667 6.54166666666667 61 2 "对照点及区域点" 117.12 40.1
"东高村" 20160923 126.458333333333 152.041666666667 0.9125 21.1739130434783 NA 9.04166666666667 "对照点及区域点" 117.12 40.1
"东高村" 20161206 79.695652173913 64.9583333333333 1.19166666666667 51.625 19.5416666666667 18.8333333333333 "对照点及区域点" 117.12 40.1
"东高村" 20160111 16.695652173913 51.3913043478261 0.491304347826087 14.4347826086957 46.1739130434783 7.30434782608696 "对照点及区域点" 117.12 40.1
"东高村" 20161017 46.4166666666667 93.2083333333333 0.475 19.375 46.75 3.70833333333333 "对照点及区域点" 117.12 40.1
"东高村" 20161007 33.375 61.625 1.2125 28 28.625 3.83333333333333 "对照点及区域点" 117.12 40.1
"东高村" 20160413 146.25 157.208333333333 1.10833333333333 43.9166666666667 50.0833333333333 10 "对照点及区域点" 117.12 40.1
"东高村" 20160322 74.0833333333333 120.208333333333 0.8625 24.4583333333333 79.4583333333333 16.3333333333333 "对照点及区域点" 117.12 40.1
"东高村" 20160727 56.5454545454545 86.3333333333333 0.5125 17.9166666666667 184.625 6.70833333333333 "对照点及区域点" 117.12 40.1
"东高村" 20161014 188.541666666667 243.125 1.14166666666667 40.0416666666667 74.5833333333333 22.2916666666667 "对照点及区域点" 117.12 40.1
"东高村" 20160201 17.4166666666667 26.4583333333333 0.65 13.9583333333333 64 8.54166666666667 "对照点及区域点" 117.12 40.1
"东高村" 20160504 16.5909090909091 42.3913043478261 0.217391304347826 17.9565217391304 NA 3.17391304347826 "对照点及区域点" 117.12 40.1
"东高村" 20160321 98 109.541666666667 0.795833333333333 26.5652173913043 111.545454545455 17.5416666666667 "对照点及区域点" 117.12 40.1
"东高村" 20160726 16.4166666666667 45.9166666666667 0.325 11.1666666666667 116.541666666667 7.125 "对照点及区域点" 117.12 40.1
"东高村" 20160225 26.7391304347826 41.2083333333333 0.545833333333333 21.7916666666667 54.75 8.5 "对照点及区域点" 117.12 40.1
"东高村" 20160414 25.5652173913043 101.227272727273 0.260869565217391 15.0869565217391 62.4782608695652 3.95652173913043 "对照点及区域点" 117.12 40.1
"东高村" 20160121 105.5 129.791666666667 2.36666666666667 52.125 4.16666666666667 21.9583333333333 "对照点及区域点" 117.12 40.1
"东高村" 20161015 86.695652173913 148.565217391304 0.917391304347826 37.2173913043478 49.9130434782609 12.7826086956522 "对照点及区域点" 117.12 40.1
"东高村" 20160416 23 72.7916666666667 0.3 13.1666666666667 50.7916666666667 3.75 "对照点及区域点" 117.12 40.1
"东高村" 20161012 69.8333333333333 114.333333333333 1.16666666666667 31.3333333333333 54.9166666666667 14.625 "对照点及区域点" 117.12 40.1
"东高村" 20160229 22.0416666666667 30.5416666666667 0.420833333333333 12.5 70.4583333333333 5.83333333333333 "对照点及区域点" 117.12 40.1
"东高村" 20160806 75.0434782608696 93.2380952380952 0.6 18 NA 5.21739130434783 "对照点及区域点" 117.12 40.1
"东高村" 20160226 27.0833333333333 39.375 0.5375 16.6666666666667 52.875 8.66666666666667 "对照点及区域点" 117.12 40.1
"东高村" 20160420 55.35 85.4666666666667 0.52 19.8 62.2 5.5 "对照点及区域点" 117.12 40.1
"东高村" 20161207 94.2173913043478 134.95652173913 1.62608695652174 56.1304347826087 16.7826086956522 23.2608695652174 "对照点及区域点" 117.12 40.1
"东高村" 20160324 8 24.7916666666667 0.216666666666667 4.95652173913043 76.4166666666667 2.45833333333333 "对照点及区域点" 117.12 40.1
"东高村" 20161018 68.1666666666667 60.5 1.04583333333333 27.25 41.7916666666667 14.3333333333333 "对照点及区域点" 117.12 40.1
"东高村" 20161008 10.5416666666667 35.1666666666667 0.341666666666667 16.9583333333333 39.0416666666667 2.18181818181818 "对照点及区域点" 117.12 40.1
"东高村" 20160422 39.7142857142857 132.772727272727 0.140909090909091 7.90909090909091 71.2727272727273 2 "对照点及区域点" 117.12 40.1
"东高村" 20160104 68.6190476190476 177.181818181818 1.08695652173913 30.6521739130435 41.7619047619048 11.304347826087 "对照点及区域点" 117.12 40.1
"东高村" 20160227 33.3333333333333 54.125 0.5625 19.7083333333333 60.0833333333333 6.70833333333333 "对照点及区域点" 117.12 40.1
"东高村" 20161009 25.9583333333333 22 0.379166666666667 22.5 36.1666666666667 7.79166666666667 "对照点及区域点" 117.12 40.1
"东高村" 20160421 115.590909090909 126.181818181818 1.12272727272727 36.9047619047619 60.6363636363636 10.2272727272727 "对照点及区域点" 117.12 40.1
"东高村" 20160302 152.541666666667 186.375 1.275 52.7916666666667 72.9166666666667 36.3333333333333 "对照点及区域点" 117.12 40.1
"东高村" 20160103 225.708333333333 345.125 3.34583333333333 75.8333333333333 4.875 42.625 "对照点及区域点" 117.12 40.1
"东高村" 20161016 85.1666666666667 116.458333333333 0.733333333333333 21.2916666666667 47.25 4.5 "对照点及区域点" 117.12 40.1
"东高村" 20160415 62.8333333333333 58.0416666666667 1.1875 36.5 47.7083333333333 16.375 "对照点及区域点" 117.12 40.1
"东高村" 20160303 261.291666666667 232.375 2.975 99 56.2916666666667 62.5416666666667 "对照点及区域点" 117.12 40.1
"东高村" 20160323 19.7916666666667 74.375 0.395833333333333 14.5217391304348 63.9583333333333 3.5 "对照点及区域点" 117.12 40.1
"东高村" 20160301 94.375 77.5833333333333 1.20833333333333 47.4583333333333 42.5416666666667 25.7083333333333 "对照点及区域点" 117.12 40.1
"东高村" 20160417 14.7916666666667 31.0952380952381 0.208333333333333 11.2083333333333 58.5 2.04166666666667 "对照点及区域点" 117.12 40.1
"东高村" 20160228 28.8333333333333 50.5833333333333 0.570833333333333 14.5416666666667 52.8333333333333 5.70833333333333 "对照点及区域点" 117.12 40.1
