"亦庄" 20161029 35.8888888888889 54 2.77083333333333 35.3333333333333 31.375 5.08333333333333 "郊区环境评价点" 116.506 39.795
"亦庄" 20161028 11.7083333333333 46.75 0.541666666666667 25.125 29.8333333333333 2.04166666666667 "郊区环境评价点" 116.506 39.795
"亦庄" 20161005 63 63.0833333333333 1.22916666666667 35.2916666666667 34.375 2.04166666666667 "郊区环境评价点" 116.506 39.795
"亦庄" 20161225 154.769230769231 172.153846153846 3.75384615384615 117.615384615385 6.15384615384615 30.3076923076923 "郊区环境评价点" 116.506 39.795
"亦庄" 20161006 61.3333333333333 98.25 1.35 36.9166666666667 19.5833333333333 2.04166666666667 "郊区环境评价点" 116.506 39.795
"亦庄" 20160907 29.25 65.9166666666667 0.7 30.3846153846154 114.846153846154 3.46153846153846 "郊区环境评价点" 116.506 39.795
"亦庄" 20161127 69.5789473684211 232.52380952381 1.64 51.2 30.55 7 "郊区环境评价点" 116.506 39.795
"亦庄" 20160505 61.4166666666667 62.5416666666667 1.09166666666667 46.6666666666667 74.5 15.375 "郊区环境评价点" 116.506 39.795
"亦庄" 20161102 128.666666666667 125.208333333333 1.50833333333333 76.5 9 11.0416666666667 "郊区环境评价点" 116.506 39.795
"亦庄" 20160524 22.0416666666667 68.75 0.383333333333333 33.5 82.3333333333333 3.125 "郊区环境评价点" 116.506 39.795
"亦庄" 20160314 88.0869565217391 82.304347826087 1.2 59.7826086956522 30.2 21.6521739130435 "郊区环境评价点" 116.506 39.795
"亦庄" 20160911 41.1666666666667 62 1.15 20.875 109.541666666667 2.08333333333333 "郊区环境评价点" 116.506 39.795
"亦庄" 20161027 36.7083333333333 59.75 2.78181818181818 39.375 6.45833333333333 3.625 "郊区环境评价点" 116.506 39.795
"亦庄" 20161101 67.5 57.375 0.991666666666667 59.2916666666667 18.125 8.33333333333333 "郊区环境评价点" 116.506 39.795
"亦庄" 20161208 96.5416666666667 187.434782608696 1.775 62.4583333333333 32.375 6.41666666666667 "郊区环境评价点" 116.506 39.795
"亦庄" 20160513 42.4583333333333 56 0.925 42.5416666666667 63.7916666666667 5.58333333333333 "郊区环境评价点" 116.506 39.795
"亦庄" 20161103 231.583333333333 226.75 2.45833333333333 88.9583333333333 4.58333333333333 6.16666666666667 "郊区环境评价点" 116.506 39.795
"亦庄" 20160510 39.125 56.625 0.558333333333333 42.375 82.4166666666667 3.16666666666667 "郊区环境评价点" 116.506 39.795
"亦庄" 20161031 18.6 43.25 0.291304347826087 17.1739130434783 51.7083333333333 4.20833333333333 "郊区环境评价点" 116.506 39.795
"亦庄" 20160826 11.875 43.125 0.208333333333333 41.75 58.1666666666667 2 "郊区环境评价点" 116.506 39.795
"亦庄" 20160512 39.5416666666667 119.958333333333 0.520833333333333 30.0416666666667 62.125 2.04166666666667 "郊区环境评价点" 116.506 39.795
"亦庄" 20160909 28.5652173913043 57.8260869565217 0.743478260869565 40.4347826086956 41.3478260869565 3.43478260869565 "郊区环境评价点" 116.506 39.795
"亦庄" 20161129 84.7916666666667 127.208333333333 2.83333333333333 88.7916666666667 6 20.5 "郊区环境评价点" 116.506 39.795
"亦庄" 20161030 NA 67.7916666666667 3.00833333333333 37.0416666666667 20.5833333333333 3.875 "郊区环境评价点" 116.506 39.795
"亦庄" 20160514 41.75 54.875 0.495833333333333 27.5 61.4583333333333 2.33333333333333 "郊区环境评价点" 116.506 39.795
"亦庄" 20160506 96.6666666666667 152.291666666667 0.216666666666667 12.5 89.9166666666667 2 "郊区环境评价点" 116.506 39.795
"亦庄" 20160908 28 51.375 0.754166666666667 50.9166666666667 59.7916666666667 2 "郊区环境评价点" 116.506 39.795
"亦庄" 20161128 84.4545454545455 74.2916666666667 2.43333333333333 77 12.7916666666667 30.7083333333333 "郊区环境评价点" 116.506 39.795
"亦庄" 20160315 133.315789473684 131.789473684211 1.22105263157895 64.5789473684211 41.4736842105263 32.7368421052632 "郊区环境评价点" 116.506 39.795
"亦庄" 20160910 23.7916666666667 56.4166666666667 0.775 33.375 73.5 2.91666666666667 "郊区环境评价点" 116.506 39.795
"亦庄" 20161007 42.0909090909091 63.4583333333333 2.875 34.25 11.9166666666667 2.91666666666667 "郊区环境评价点" 116.506 39.795
"亦庄" 20160929 66 66.0833333333333 0.6375 55.875 53.75 5.25 "郊区环境评价点" 116.506 39.795
"亦庄" 20161105 165.409090909091 255.5 4.42272727272727 83.6818181818182 17.4090909090909 3.31818181818182 "郊区环境评价点" 116.506 39.795
"亦庄" 20160527 53.7083333333333 79.7916666666667 0.541666666666667 52.4583333333333 95.0416666666667 14.6666666666667 "郊区环境评价点" 116.506 39.795
"亦庄" 20160329 19.5 99.5909090909091 0.270833333333333 29.4583333333333 72.8333333333333 3.5 "郊区环境评价点" 116.506 39.795
"亦庄" 20160625 18.0833333333333 52.75 0.316666666666667 33.4166666666667 86.5833333333333 2.16666666666667 "郊区环境评价点" 116.506 39.795
"亦庄" 20161226 55.2083333333333 155.291666666667 1.73333333333333 68.75 19.7916666666667 21.7916666666667 "郊区环境评价点" 116.506 39.795
"亦庄" 20160928 15.5416666666667 39.9583333333333 0.2375 41.2916666666667 31.5833333333333 2.04166666666667 "郊区环境评价点" 116.506 39.795
"亦庄" 20161104 254.75 310.583333333333 3.2375 98.5833333333333 3.41666666666667 7.125 "郊区环境评价点" 116.506 39.795
"亦庄" 20160511 122.083333333333 107.791666666667 0.845833333333333 30.2916666666667 127.583333333333 7.91666666666667 "郊区环境评价点" 116.506 39.795
"亦庄" 20160624 13.625 75.0416666666667 0.408333333333333 36.6666666666667 69.375 2 "郊区环境评价点" 116.506 39.795
"亦庄" 20160913 85.875 89.5 1.39166666666667 42.375 96.875 3.41666666666667 "郊区环境评价点" 116.506 39.795
"亦庄" 20160330 31.2083333333333 67.875 0.525 52.375 51.125 8.70833333333333 "郊区环境评价点" 116.506 39.795
"亦庄" 20161118 184.375 176.958333333333 4.24166666666667 76.9583333333333 2.66666666666667 16.8333333333333 "郊区环境评价点" 116.506 39.795
"亦庄" 20160525 12.25 54.4166666666667 0.329166666666667 29.5 96 2.16666666666667 "郊区环境评价点" 116.506 39.795
"亦庄" 20161004 31.375 99.4583333333333 0.804166666666667 30.125 30.1666666666667 2 "郊区环境评价点" 116.506 39.795
"亦庄" 20160912 36.9583333333333 49.9166666666667 1.02083333333333 37.3333333333333 84.6666666666667 2 "郊区环境评价点" 116.506 39.795
"亦庄" 20160926 62.5416666666667 144.304347826087 1.3125 57.2916666666667 36.4583333333333 2 "郊区环境评价点" 116.506 39.795
"亦庄" 20161117 106.5 142.708333333333 2.49166666666667 66.8333333333333 4.875 11.4166666666667 "郊区环境评价点" 116.506 39.795
"亦庄" 20161209 24.8260869565217 56 0.756521739130435 58.2173913043478 23.7391304347826 6.8695652173913 "郊区环境评价点" 116.506 39.795
"亦庄" 20161003 110.291666666667 188 0.995833333333333 51.1666666666667 64.625 3.04166666666667 "郊区环境评价点" 116.506 39.795
"亦庄" 20160729 120.875 135.875 0.954545454545455 34 143.416666666667 2.04545454545455 "郊区环境评价点" 116.506 39.795
"亦庄" 20161201 29.75 81.75 0.579166666666667 62.375 31.5416666666667 7.16666666666667 "郊区环境评价点" 116.506 39.795
"亦庄" 20160805 61.125 107.833333333333 0.679166666666667 25.125 106.583333333333 2 "郊区环境评价点" 116.506 39.795
"亦庄" 20160827 20.8333333333333 55.0833333333333 0.425 49 48.0416666666667 2.29166666666667 "郊区环境评价点" 116.506 39.795
"亦庄" 20160927 33.875 79.5416666666667 0.729166666666667 28.5416666666667 40.5833333333333 2.625 "郊区环境评价点" 116.506 39.795
"亦庄" 20161002 195.565217391304 228.565217391304 1.48695652173913 82.4347826086957 53.7826086956522 5.69565217391304 "郊区环境评价点" 116.506 39.795
"亦庄" 20161130 99.0952380952381 120.954545454545 2.06363636363636 75.1904761904762 17.2272727272727 7.81818181818182 "郊区环境评价点" 116.506 39.795
"亦庄" 20161222 73.9166666666667 270.25 2.1875 56.3333333333333 37.3333333333333 5.83333333333333 "郊区环境评价点" 116.506 39.795
"亦庄" 20160515 34.9047619047619 59.75 0.4 35.125 45.5 2 "郊区环境评价点" 116.506 39.795
"亦庄" 20160507 29.625 49.375 0.366666666666667 29.9166666666667 85.2916666666667 2.91666666666667 "郊区环境评价点" 116.506 39.795
"亦庄" 20161001 162.666666666667 183.75 1.42083333333333 82.2916666666667 54 7.70833333333333 "郊区环境评价点" 116.506 39.795
"亦庄" 20161107 38.5416666666667 83.7083333333333 1.015 38.9545454545455 20.5416666666667 3.04166666666667 "郊区环境评价点" 116.506 39.795
"亦庄" 20160316 232.391304347826 238.95652173913 1.53913043478261 72.8695652173913 68.1304347826087 35.695652173913 "郊区环境评价点" 116.506 39.795
"亦庄" 20160331 139.708333333333 131.5 1.19583333333333 71 60.25 31.4583333333333 "郊区环境评价点" 116.506 39.795
"亦庄" 20161008 10.25 38.875 1.48235294117647 29.8571428571429 45.9583333333333 4 "郊区环境评价点" 116.506 39.795
"亦庄" 20160930 106.208333333333 114.541666666667 0.9375 68.7916666666667 73.75 7.41666666666667 "郊区环境评价点" 116.506 39.795
"亦庄" 20161106 75 159.875 3.24583333333333 33.0416666666667 26.7916666666667 8.20833333333333 "郊区环境评价点" 116.506 39.795
"亦庄" 20160528 43.1666666666667 84.125 0.525 32.625 120.083333333333 10.1666666666667 "郊区环境评价点" 116.506 39.795
"亦庄" 20161220 282.333333333333 335.565217391304 8.0375 135.333333333333 6.79166666666667 2.83333333333333 "郊区环境评价点" 116.506 39.795
"亦庄" 20160626 46.6666666666667 82.1666666666667 0.466666666666667 57.125 112.458333333333 6.75 "郊区环境评价点" 116.506 39.795
"亦庄" 20161227 37.2173913043478 42.3333333333333 1.44583333333333 57.75 22.7916666666667 9.125 "郊区环境评价点" 116.506 39.795
"亦庄" 20160725 34.7692307692308 91.1 0.221739130434783 34.304347826087 85.1739130434783 2.04347826086957 "郊区环境评价点" 116.506 39.795
"亦庄" 20160831 22.9583333333333 68 0.679166666666667 53.5 58.75 2.20833333333333 "郊区环境评价点" 116.506 39.795
"亦庄" 20160115 161.333333333333 208.625 3.475 103.416666666667 17.6666666666667 54.6666666666667 "郊区环境评价点" 116.506 39.795
"亦庄" 20160710 78.0833333333333 113.478260869565 0.779166666666667 27.2916666666667 113.541666666667 2.16666666666667 "郊区环境评价点" 116.506 39.795
"亦庄" 20160914 102.416666666667 126.375 1.45416666666667 36.4166666666667 113.833333333333 4.83333333333333 "郊区环境评价点" 116.506 39.795
"亦庄" 20160808 38.8888888888889 46.7058823529412 0.961111111111111 26.9444444444444 86.8888888888889 2.05555555555556 "郊区环境评价点" 116.506 39.795
"亦庄" 20161119 128.809523809524 208.47619047619 2.45238095238095 70.7619047619048 11.2857142857143 6.71428571428571 "郊区环境评价点" 116.506 39.795
"亦庄" 20160526 24.0416666666667 60.875 0.320833333333333 39.0833333333333 83.8333333333333 2.45833333333333 "郊区环境评价点" 116.506 39.795
"亦庄" 20160906 31.3888888888889 61.4705882352941 0.994117647058824 50.0555555555556 48.4444444444444 2.55555555555556 "郊区环境评价点" 116.506 39.795
"亦庄" 20160731 69.4166666666667 119.291666666667 0.925 30.75 99.8333333333333 2 "郊区环境评价点" 116.506 39.795
"亦庄" 20160426 80.9166666666667 118.583333333333 1.0625 35.75 95.875 18.5 "郊区环境评价点" 116.506 39.795
"亦庄" 20160807 22.695652173913 76.95 0.721739130434783 20.1304347826087 115.782608695652 2 "郊区环境评价点" 116.506 39.795
"亦庄" 20161210 61.5416666666667 70.5833333333333 1.88333333333333 80 11.9583333333333 17.5 "郊区环境评价点" 116.506 39.795
"亦庄" 20160905 28.1304347826087 69.9565217391304 1.04347826086957 38.5652173913044 94.695652173913 2 "郊区环境评价点" 116.506 39.795
"亦庄" 20160730 142.428571428571 192.7 1.17619047619048 19.1904761904762 114.571428571429 2 "郊区环境评价点" 116.506 39.795
"亦庄" 20161202 143.708333333333 121.666666666667 2.26666666666667 102.666666666667 15 25.6666666666667 "郊区环境评价点" 116.506 39.795
"亦庄" 20160806 105.173913043478 120.285714285714 0.930434782608696 31.5217391304348 118.913043478261 2.04347826086957 "郊区环境评价点" 116.506 39.795
"亦庄" 20160828 14.4166666666667 52.375 0.366666666666667 37.5416666666667 66.5833333333333 2 "郊区环境评价点" 116.506 39.795
"亦庄" 20160509 38.8333333333333 66.9583333333333 0.341666666666667 40.875 63.8333333333333 5.25 "郊区环境评价点" 116.506 39.795
"亦庄" 20161018 114.875 106.958333333333 1.6625 70.2083333333333 6.58333333333333 2.625 "郊区环境评价点" 116.506 39.795
"亦庄" 20161109 148.166666666667 119.75 2.09583333333333 92.4166666666667 3.16666666666667 7.125 "郊区环境评价点" 116.506 39.795
"亦庄" 20161223 37.0555555555556 45.6875 1.17777777777778 65.3888888888889 16.6875 7.55555555555556 "郊区环境评价点" 116.506 39.795
"亦庄" 20160516 28.5 48 0.458333333333333 44 72.6666666666667 4.08333333333333 "郊区环境评价点" 116.506 39.795
"亦庄" 20160508 63.875 72.2916666666667 0.733333333333333 38.0416666666667 85.1666666666667 16.6666666666667 "郊区环境评价点" 116.506 39.795
"亦庄" 20161017 77.1666666666667 121.208333333333 0.9625 55.0833333333333 31.125 2.95833333333333 "郊区环境评价点" 116.506 39.795
"亦庄" 20161108 31 36.4166666666667 0.630434782608696 57.2916666666667 17.5 4.04166666666667 "郊区环境评价点" 116.506 39.795
"亦庄" 20160317 262.833333333333 300.75 1.91666666666667 94.6666666666667 57.5416666666667 32.4166666666667 "郊区环境评价点" 116.506 39.795
"亦庄" 20160401 64.75 95.7083333333333 0.279166666666667 25.875 67.75 6.66666666666667 "郊区环境评价点" 116.506 39.795
"亦庄" 20161009 43.2083333333333 55.8333333333333 0.6875 60.2083333333333 22.2083333333333 4.83333333333333 "郊区环境评价点" 116.506 39.795
"亦庄" 20160705 95.1666666666667 140.833333333333 0.870833333333333 23.125 143.541666666667 2.875 "郊区环境评价点" 116.506 39.795
"亦庄" 20160727 73.5833333333333 86 0.391304347826087 42.625 146.291666666667 2 "郊区环境评价点" 116.506 39.795
"亦庄" 20160529 39.5833333333333 73.3333333333333 0.45 33 102.041666666667 6.20833333333333 "郊区环境评价点" 116.506 39.795
"亦庄" 20161221 289.75 325.041666666667 7.625 152.166666666667 5.79166666666667 5.25 "郊区环境评价点" 116.506 39.795
"亦庄" 20160627 66.5 101.625 0.625 44.0416666666667 104.958333333333 6.41666666666667 "郊区环境评价点" 116.506 39.795
"亦庄" 20161228 69.375 104.708333333333 1.65416666666667 45.125 30.7916666666667 5.95833333333333 "郊区环境评价点" 116.506 39.795
"亦庄" 20160726 19.8095238095238 64.625 0.158333333333333 35.7916666666667 131.583333333333 2 "郊区环境评价点" 116.506 39.795
"亦庄" 20160901 7.66666666666667 42.375 0.45 33.1666666666667 50.8333333333333 2 "郊区环境评价点" 116.506 39.795
"亦庄" 20160116 132.791666666667 184.458333333333 2.45833333333333 65.7083333333333 11.75 46.2083333333333 "郊区环境评价点" 116.506 39.795
"亦庄" 20160711 79.5 97.1666666666667 0.516666666666667 21.625 116.208333333333 2.75 "郊区环境评价点" 116.506 39.795
"亦庄" 20160915 101.291666666667 125.916666666667 1.40416666666667 47.75 119.041666666667 3.375 "郊区环境评价点" 116.506 39.795
"亦庄" 20160809 65.0666666666667 85.6666666666667 1.76666666666667 26.8 182.133333333333 7.2 "郊区环境评价点" 116.506 39.795
"亦庄" 20161120 54.0833333333333 110.875 1.2375 36.1666666666667 9 2.41666666666667 "郊区环境评价点" 116.506 39.795
"亦庄" 20160922 125.291666666667 119.375 1.25833333333333 70.2916666666667 72.6666666666667 6.20833333333333 "郊区环境评价点" 116.506 39.795
"亦庄" 20161219 267.583333333333 301.583333333333 5.11666666666667 147.916666666667 7.83333333333333 16.625 "郊区环境评价点" 116.506 39.795
"亦庄" 20160801 84.1666666666667 103.916666666667 1.1125 49.75 97.2083333333333 2 "郊区环境评价点" 116.506 39.795
"亦庄" 20160427 89.2608695652174 111.5 0.995652173913044 57.9565217391304 78.8260869565217 11.1739130434783 "郊区环境评价点" 116.506 39.795
"亦庄" 20160405 122.541666666667 147.875 0.995833333333333 45.625 75.7083333333333 19.9166666666667 "郊区环境评价点" 116.506 39.795
"亦庄" 20161211 182.791666666667 148.652173913043 3.11666666666667 112.5 9.16666666666667 30 "郊区环境评价点" 116.506 39.795
"亦庄" 20161218 248.666666666667 310.208333333333 4.3 129 7.8695652173913 21.5652173913043 "郊区环境评价点" 116.506 39.795
"亦庄" 20161020 78.8333333333333 208.166666666667 1.40833333333333 55.875 15.7083333333333 4.625 "郊区环境评价点" 116.506 39.795
"亦庄" 20161203 275.083333333333 245.833333333333 4.00833333333333 152.208333333333 6.95833333333333 17 "郊区环境评价点" 116.506 39.795
"亦庄" 20160106 43.625 98.625 2.2 42.4166666666667 28.1666666666667 27.9583333333333 "郊区环境评价点" 116.506 39.795
"亦庄" 20160829 21.9583333333333 53.5833333333333 0.570833333333333 47.5833333333333 70.25 2.08333333333333 "郊区环境评价点" 116.506 39.795
"亦庄" 20160113 71.7916666666667 53.6666666666667 1.76666666666667 66.4583333333333 14.75 36.0416666666667 "郊区环境评价点" 116.506 39.795
"亦庄" 20161019 221.458333333333 228.916666666667 2.11666666666667 68.3333333333333 16.1666666666667 2.83333333333333 "郊区环境评价点" 116.506 39.795
"亦庄" 20161110 132.041666666667 194.083333333333 1.2 58.375 11.125 2.75 "郊区环境评价点" 116.506 39.795
"亦庄" 20161224 99.1666666666667 99.5 2.65416666666667 83.9583333333333 15.5416666666667 22.0833333333333 "郊区环境评价点" 116.506 39.795
"亦庄" 20160517 65.7916666666667 77.625 0.658333333333333 47.0416666666667 115.875 12.7083333333333 "郊区环境评价点" 116.506 39.795
"亦庄" 20160919 12.5833333333333 32.4166666666667 0.65 33 42.5 2.125 "郊区环境评价点" 116.506 39.795
"亦庄" 20160707 108.208333333333 113.666666666667 1.19583333333333 30.4583333333333 150.166666666667 4.54166666666667 "郊区环境评价点" 116.506 39.795
"亦庄" 20161124 79 80.625 1.54583333333333 64.6666666666667 13.125 20.625 "郊区环境评价点" 116.506 39.795
"亦庄" 20160318 213.5 336.333333333333 1.875 101.083333333333 48 17.875 "郊区环境评价点" 116.506 39.795
"亦庄" 20160402 6.375 24.304347826087 0.252173913043478 15.6521739130435 69.6086956521739 2.26086956521739 "郊区环境评价点" 116.506 39.795
"亦庄" 20161010 104.272727272727 90 1.52916666666667 74.7916666666667 14.9166666666667 8.70833333333333 "郊区环境评价点" 116.506 39.795
"亦庄" 20160706 57.2083333333333 103.333333333333 0.816666666666667 33.125 140.666666666667 4.66666666666667 "郊区环境评价点" 116.506 39.795
"亦庄" 20160728 58.6666666666667 89.2083333333333 0.95 36.8333333333333 106.625 2 "郊区环境评价点" 116.506 39.795
"亦庄" 20160530 84.4166666666667 103.916666666667 0.970833333333333 56.125 128.375 16.3333333333333 "郊区环境评价点" 116.506 39.795
"亦庄" 20160423 34 57.0833333333333 0.429166666666667 42.1666666666667 55.4583333333333 3.45833333333333 "郊区环境评价点" 116.506 39.795
"亦庄" 20160628 67.0909090909091 95.0416666666667 0.747826086956522 38.25 78.0833333333333 2 "郊区环境评价点" 116.506 39.795
"亦庄" 20160110 105.5 200.95652173913 3.53333333333333 64.5 16.5 45.7916666666667 "郊区环境评价点" 116.506 39.795
"亦庄" 20160811 71 99.9130434782609 1.0304347826087 22.8260869565217 116.739130434783 2 "郊区环境评价点" 116.506 39.795
"亦庄" 20160902 16.7083333333333 52.4166666666667 0.720833333333333 46.0833333333333 29 2 "郊区环境评价点" 116.506 39.795
"亦庄" 20160117 35.4583333333333 118.625 0.704166666666667 23.25 50.75 9.29166666666667 "郊区环境评价点" 116.506 39.795
"亦庄" 20160712 35.875 84.9583333333333 0.508333333333333 27.75 68.5416666666667 2.29166666666667 "郊区环境评价点" 116.506 39.795
"亦庄" 20160916 164.666666666667 198.833333333333 1.6375 38.4583333333333 116.25 3.70833333333333 "郊区环境评价点" 116.506 39.795
"亦庄" 20160810 85.7727272727273 109.85 1.13636363636364 19.1363636363636 124.409090909091 2 "郊区环境评价点" 116.506 39.795
"亦庄" 20161121 11.0833333333333 62.75 0.3875 21.125 50.1666666666667 2 "郊区环境评价点" 116.506 39.795
"亦庄" 20160923 140.545454545455 182.454545454545 1.20454545454545 53.7272727272727 113.772727272727 2.95454545454545 "郊区环境评价点" 116.506 39.795
"亦庄" 20160101 222.291666666667 202.083333333333 4.67083333333333 102.833333333333 5.45833333333333 44 "郊区环境评价点" 116.506 39.795
"亦庄" 20160802 70.4545454545455 119.55 1.35555555555556 33.4545454545455 117.590909090909 2 "郊区环境评价点" 116.506 39.795
"亦庄" 20160428 100.875 136.708333333333 1.07083333333333 62.4166666666667 81.4166666666667 8.25 "郊区环境评价点" 116.506 39.795
"亦庄" 20160406 138 143.521739130435 1.9875 60.0833333333333 52.9166666666667 34.6666666666667 "郊区环境评价点" 116.506 39.795
"亦庄" 20161212 216.368421052632 259.473684210526 3.41052631578947 116.368421052632 7.36842105263158 39.2631578947368 "郊区环境评价点" 116.506 39.795
"亦庄" 20160307 48.5416666666667 145.541666666667 1.2375 37.6666666666667 54.5 19.375 "郊区环境评价点" 116.506 39.795
"亦庄" 20161021 49.2083333333333 68.7083333333333 0.841666666666667 47.0833333333333 11.625 2 "郊区环境评价点" 116.506 39.795
"亦庄" 20161204 295.75 375.208333333333 4.9375 128.791666666667 5.29166666666667 6.91666666666667 "郊区环境评价点" 116.506 39.795
"亦庄" 20160107 11.8333333333333 30.0869565217391 1.45833333333333 27.5833333333333 39.125 8.45833333333333 "郊区环境评价点" 116.506 39.795
"亦庄" 20160830 38.6666666666667 76.0416666666667 0.929166666666667 56.7083333333333 100.791666666667 2.45833333333333 "郊区环境评价点" 116.506 39.795
"亦庄" 20160114 141.136363636364 152.541666666667 3.1875 90.8333333333333 14.6666666666667 49.5416666666667 "郊区环境评价点" 116.506 39.795
"亦庄" 20160709 71.2083333333333 99.75 0.695833333333333 28 102.166666666667 2.29166666666667 "郊区环境评价点" 116.506 39.795
"亦庄" 20161111 130.416666666667 191 2.425 81.4583333333333 4.04166666666667 9 "郊区环境评价点" 116.506 39.795
"亦庄" 20160320 74.0416666666667 86.8333333333333 1.02083333333333 63.8333333333333 46.6666666666667 13.0416666666667 "郊区环境评价点" 116.506 39.795
"亦庄" 20160518 59.3181818181818 88.9583333333333 0.479166666666667 26.1666666666667 137.208333333333 7.125 "郊区环境评价点" 116.506 39.795
"亦庄" 20160920 26.625 54.9583333333333 0.779166666666667 44.125 54.8333333333333 2.66666666666667 "郊区环境评价点" 116.506 39.795
"亦庄" 20160708 78.3333333333333 119.125 1.23333333333333 30.375 106.583333333333 2.875 "郊区环境评价点" 116.506 39.795
"亦庄" 20161125 165.541666666667 167.5 2.875 91.7916666666667 6.45833333333333 27.6666666666667 "郊区环境评价点" 116.506 39.795
"亦庄" 20160319 77.5833333333333 147.791666666667 1.07916666666667 42.8333333333333 55.625 17.625 "郊区环境评价点" 116.506 39.795
"亦庄" 20160403 20.5454545454545 41.6666666666667 0.395833333333333 26.8333333333333 63.8333333333333 2.75 "郊区环境评价点" 116.506 39.795
"亦庄" 20161011 134.583333333333 184.291666666667 1.575 70.625 21.625 3.5 "郊区环境评价点" 116.506 39.795
"亦庄" 20160326 18.4166666666667 57.75 0.866666666666667 34.3333333333333 59.4166666666667 4.125 "郊区环境评价点" 116.506 39.795
"亦庄" 20160813 28.5416666666667 53.4583333333333 1.22083333333333 50.125 28.0416666666667 2 "郊区环境评价点" 116.506 39.795
"亦庄" 20160531 38.5416666666667 108.125 0.4875 27.7857142857143 91.5238095238095 7.75 "郊区环境评价点" 116.506 39.795
"亦庄" 20160424 92.5833333333333 84.8333333333333 0.733333333333333 47.5 74.5 20.8333333333333 "郊区环境评价点" 116.506 39.795
"亦庄" 20160629 111.833333333333 120.791666666667 0.6125 28.9583333333333 85.875 2 "郊区环境评价点" 116.506 39.795
"亦庄" 20160111 11.5652173913043 54.5416666666667 1.6 26.4583333333333 42.6666666666667 8.5 "郊区环境评价点" 116.506 39.795
"亦庄" 20160812 69.1333333333333 95.9230769230769 1.03333333333333 25.6 60.2666666666667 2.4 "郊区环境评价点" 116.506 39.795
"亦庄" 20160903 20.125 54.75 0.845833333333333 36.7916666666667 83.3333333333333 2 "郊区环境评价点" 116.506 39.795
"亦庄" 20160118 10.5 34 0.558333333333333 20.4166666666667 54.0833333333333 4.875 "郊区环境评价点" 116.506 39.795
"亦庄" 20160713 21.3333333333333 53.8333333333333 0.441666666666667 37.75 94.75 2.70833333333333 "郊区环境评价点" 116.506 39.795
"亦庄" 20160917 43.4583333333333 125.416666666667 1.22083333333333 36.4583333333333 51.5833333333333 2.45833333333333 "郊区环境评价点" 116.506 39.795
"亦庄" 20160430 177.916666666667 230.666666666667 1.38333333333333 77.625 112.041666666667 11.2083333333333 "郊区环境评价点" 116.506 39.795
"亦庄" 20161122 15.75 22.6666666666667 0.320833333333333 21.125 49.5416666666667 2.41666666666667 "郊区环境评价点" 116.506 39.795
"亦庄" 20160924 136.25 171.125 1.06666666666667 68.4583333333333 90.6666666666667 3.79166666666667 "郊区环境评价点" 116.506 39.795
"亦庄" 20160102 400.791666666667 365.913043478261 7.81666666666667 154.583333333333 4.375 55.3333333333333 "郊区环境评价点" 116.506 39.795
"亦庄" 20160803 79.5 114.555555555556 1.215 38.1428571428571 179.619047619048 2 "郊区环境评价点" 116.506 39.795
"亦庄" 20160429 122.416666666667 117.333333333333 1.23333333333333 63.5833333333333 92.375 18.2083333333333 "郊区环境评价点" 116.506 39.795
"亦庄" 20160407 93.0833333333333 202.666666666667 0.975 48.0833333333333 53.625 4.79166666666667 "郊区环境评价点" 116.506 39.795
"亦庄" 20161213 58.3333333333333 186.375 1.3625 68.0416666666667 19 9.29166666666667 "郊区环境评价点" 116.506 39.795
"亦庄" 20160308 12.6666666666667 47.2142857142857 0.455555555555556 20.7222222222222 69.3888888888889 3.44444444444444 "郊区环境评价点" 116.506 39.795
"亦庄" 20161022 17.5833333333333 48.0416666666667 0.579166666666667 32.5 19.4583333333333 2 "郊区环境评价点" 116.506 39.795
"亦庄" 20161205 52.5 213.217391304348 1.2125 55.875 26.375 4.625 "郊区环境评价点" 116.506 39.795
"亦庄" 20160108 37.8333333333333 29.9583333333333 1.95 44.8333333333333 26.4166666666667 18.625 "郊区环境评价点" 116.506 39.795
"亦庄" 20160703 88.3333333333333 91.2916666666667 0.8875 29.7916666666667 131.916666666667 5.29166666666667 "郊区环境评价点" 116.506 39.795
"亦庄" 20160130 60.9166666666667 72.3333333333333 1.5 50.8333333333333 20.7083333333333 24.875 "郊区环境评价点" 116.506 39.795
"亦庄" 20160221 92.4166666666667 79.1666666666667 1.95416666666667 52.875 31.3333333333333 27.7916666666667 "郊区环境评价点" 116.506 39.795
"亦庄" 20161112 70.4583333333333 121.041666666667 1.74166666666667 71.875 13.2083333333333 7.625 "郊区环境评价点" 116.506 39.795
"亦庄" 20160321 136.958333333333 140.916666666667 1.12083333333333 69.5 70.25 26.9583333333333 "郊区环境评价点" 116.506 39.795
"亦庄" 20160519 81.2083333333333 106.25 0.7 35.5833333333333 180.166666666667 16.0833333333333 "郊区环境评价点" 116.506 39.795
"亦庄" 20160921 69.75 68.2916666666667 0.775 66.375 46.2083333333333 4 "郊区环境评价点" 116.506 39.795
"亦庄" 20160328 83.75 90.7083333333333 0.654166666666667 53.9583333333333 53.2083333333333 22.4583333333333 "郊区环境评价点" 116.506 39.795
"亦庄" 20161126 271.083333333333 280.458333333333 3.65 117.375 6.66666666666667 18.8333333333333 "郊区环境评价点" 116.506 39.795
"亦庄" 20160602 43.6666666666667 85.9583333333333 0.675 NA 122.75 10.2916666666667 "郊区环境评价点" 116.506 39.795
"亦庄" 20160404 80.125 73.9166666666667 0.575 32.1666666666667 78.8333333333333 16.3333333333333 "郊区环境评价点" 116.506 39.795
"亦庄" 20161012 74.9166666666667 115.5 1.08333333333333 50.8333333333333 37.0833333333333 2.70833333333333 "郊区环境评价点" 116.506 39.795
"亦庄" 20160327 20.625 37.375 0.433333333333333 38.4166666666667 56.3333333333333 4.75 "郊区环境评价点" 116.506 39.795
"亦庄" 20160814 24.375 59.9166666666667 1.025 50.9166666666667 91.5833333333333 3 "郊区环境评价点" 116.506 39.795
"亦庄" 20160601 30.7083333333333 86.0416666666667 0.691666666666667 NA 90.6666666666667 6.33333333333333 "郊区环境评价点" 116.506 39.795
"亦庄" 20160425 86.8333333333333 117.75 0.408333333333333 27.3333333333333 115.041666666667 11.5 "郊区环境评价点" 116.506 39.795
"亦庄" 20160630 90.0833333333333 144.666666666667 0.345833333333333 28.6666666666667 105.875 2 "郊区环境评价点" 116.506 39.795
"亦庄" 20160112 14.9166666666667 21.9565217391304 1.21818181818182 33.7083333333333 36.1666666666667 11.8333333333333 "郊区环境评价点" 116.506 39.795
"亦庄" 20160502 51.6666666666667 126.125 0.3125 15.9583333333333 77.7083333333333 2.54166666666667 "郊区环境评价点" 116.506 39.795
"亦庄" 20160904 74.375 81.75 1.35833333333333 47.6666666666667 110.75 2.875 "郊区环境评价点" 116.506 39.795
"亦庄" 20160119 70.125 63.4583333333333 1.62083333333333 58.5 17.5416666666667 30.5 "郊区环境评价点" 116.506 39.795
"亦庄" 20160714 33.7083333333333 53.2083333333333 0.754166666666667 34.75 98.3333333333333 5.33333333333333 "郊区环境评价点" 116.506 39.795
"亦庄" 20160918 24.7916666666667 50.5454545454545 1.04583333333333 37.6666666666667 21.4583333333333 2 "郊区环境评价点" 116.506 39.795
"亦庄" 20160501 156.826086956522 215.391304347826 1.62173913043478 34 131.347826086957 20.3478260869565 "郊区环境评价点" 116.506 39.795
"亦庄" 20161123 44.9583333333333 33.1666666666667 0.941666666666667 48.5833333333333 20.7083333333333 10.2916666666667 "郊区环境评价点" 116.506 39.795
"亦庄" 20160925 192.458333333333 238.666666666667 1.37916666666667 62.4583333333333 99.2083333333333 6.375 "郊区环境评价点" 116.506 39.795
"亦庄" 20160103 247.041666666667 387.625 3.72916666666667 64.1666666666667 12.5416666666667 19.5833333333333 "郊区环境评价点" 116.506 39.795
"亦庄" 20160804 107.416666666667 124.458333333333 1.53333333333333 29.625 160.875 2.5 "郊区环境评价点" 116.506 39.795
"亦庄" 20161207 142.434782608696 187.391304347826 2.98260869565217 119.478260869565 9.8695652173913 28.9565217391304 "郊区环境评价点" 116.506 39.795
"亦庄" 20160408 20.75 64.9166666666667 0.325 24.0416666666667 76.875 4.91666666666667 "郊区环境评价点" 116.506 39.795
"亦庄" 20161214 27.4090909090909 49.25 0.920833333333333 54.625 26.375 10.625 "郊区环境评价点" 116.506 39.795
"亦庄" 20160309 8.29166666666667 25.5909090909091 0.3625 16.125 68.2083333333333 3.08333333333333 "郊区环境评价点" 116.506 39.795
"亦庄" 20161023 34.1666666666667 37.25 0.591666666666667 47.875 20 2.875 "郊区环境评价点" 116.506 39.795
"亦庄" 20161206 106.333333333333 71.75 2.24583333333333 104.166666666667 10.6666666666667 23.375 "郊区环境评价点" 116.506 39.795
"亦庄" 20160109 154.083333333333 137.625 3.7625 79.125 13.2916666666667 51.4583333333333 "郊区环境评价点" 116.506 39.795
"亦庄" 20160704 138.208333333333 174.875 1.13333333333333 29.5 123.166666666667 2.79166666666667 "郊区环境评价点" 116.506 39.795
"亦庄" 20160131 39.125 62.1666666666667 0.779166666666667 33.75 47.7916666666667 16.375 "郊区环境评价点" 116.506 39.795
"亦庄" 20160222 75.1666666666667 123.608695652174 1.53333333333333 42.6666666666667 41.2916666666667 25.2 "郊区环境评价点" 116.506 39.795
"亦庄" 20161113 91.0833333333333 93.9166666666667 2.54166666666667 72.6666666666667 3.25 4.25 "郊区环境评价点" 116.506 39.795
"亦庄" 20160322 115.166666666667 186.333333333333 1.42916666666667 73.875 36.625 28 "郊区环境评价点" 116.506 39.795
"亦庄" 20160520 93.4166666666667 120.583333333333 0.9875 48.125 134.791666666667 19.5833333333333 "郊区环境评价点" 116.506 39.795
"亦庄" 20161014 227.304347826087 283 1.96521739130435 95.8260869565217 21.9130434782609 6.56521739130435 "郊区环境评价点" 116.506 39.795
"亦庄" 20160214 7.08333333333333 22.5416666666667 0.425 6.45833333333333 70.5416666666667 4.04166666666667 "郊区环境评价点" 116.506 39.795
"亦庄" 20160816 27.4583333333333 54.2083333333333 1.14583333333333 38.75 86.8333333333333 2 "郊区环境评价点" 116.506 39.795
"亦庄" 20160603 84.7083333333333 94.0833333333333 1.17083333333333 NA 133.375 27.125 "郊区环境评价点" 116.506 39.795
"亦庄" 20160228 36.75 56.4583333333333 0.9 30.0416666666667 46.625 9.875 "郊区环境评价点" 116.506 39.795
"亦庄" 20161013 174.125 152.541666666667 1.6 81.625 30.0416666666667 4.04166666666667 "郊区环境评价点" 116.506 39.795
"亦庄" 20160220 13.4583333333333 26.6521739130435 0.608333333333333 15.1666666666667 65.875 5 "郊区环境评价点" 116.506 39.795
"亦庄" 20160815 30.125 67.9166666666667 1.125 46.625 75.25 2 "郊区环境评价点" 116.506 39.795
"亦庄" 20160617 29.375 84.3333333333333 0.516666666666667 57.375 68.3333333333333 4.625 "郊区环境评价点" 116.506 39.795
"亦庄" 20160227 26.2916666666667 54.7916666666667 0.708333333333333 34.25 50.7083333333333 12.7916666666667 "郊区环境评价点" 116.506 39.795
"亦庄" 20160701 33.9583333333333 86.3333333333333 0.3375 21.7083333333333 100.125 2 "郊区环境评价点" 116.506 39.795
"亦庄" 20160305 73.7083333333333 292.166666666667 0.420833333333333 19.9583333333333 65.3333333333333 4.54166666666667 "郊区环境评价点" 116.506 39.795
"亦庄" 20160503 35 63.3333333333333 0.479166666666667 31 58.4166666666667 2 "郊区环境评价点" 116.506 39.795
"亦庄" 20160312 110.083333333333 89.6666666666667 1.6125 79.6666666666667 26.0416666666667 46.3333333333333 "郊区环境评价点" 116.506 39.795
"亦庄" 20160120 149.458333333333 160.083333333333 4.14166666666667 78.0833333333333 5.58333333333333 73.2083333333333 "郊区环境评价点" 116.506 39.795
"亦庄" 20160715 32.375 51.8333333333333 0.4 34.0833333333333 61.1666666666667 2 "郊区环境评价点" 116.506 39.795
"亦庄" 20160211 153.416666666667 191.083333333333 2.89583333333333 59.875 17.4583333333333 48.5 "郊区环境评价点" 116.506 39.795
"亦庄" 20160127 150.958333333333 140.916666666667 2.8875 91.375 19.25 60.8333333333333 "郊区环境评价点" 116.506 39.795
"亦庄" 20160722 61.2916666666667 66.4166666666667 0.608333333333333 28.125 90.7083333333333 2 "郊区环境评价点" 116.506 39.795
"亦庄" 20160203 54.5 76.375 1.59583333333333 68.9166666666667 23.6666666666667 37.0416666666667 "郊区环境评价点" 116.506 39.795
"亦庄" 20160104 72.7916666666667 207.782608695652 2.125 39 34.0833333333333 10.2083333333333 "郊区环境评价点" 116.506 39.795
"亦庄" 20160210 109.708333333333 107.083333333333 2.64166666666667 53.0416666666667 32.8333333333333 55.1666666666667 "郊区环境评价点" 116.506 39.795
"亦庄" 20160607 63.1666666666667 111 0.929166666666667 NA 110.625 2.54166666666667 "郊区环境评价点" 116.506 39.795
"亦庄" 20160409 97.9166666666667 109.375 0.658333333333333 47.1666666666667 58.1666666666667 12.9166666666667 "郊区环境评价点" 116.506 39.795
"亦庄" 20161215 36.625 69.125 1.2125 54.2916666666667 30.0833333333333 14.7083333333333 "郊区环境评价点" 116.506 39.795
"亦庄" 20160310 12.7916666666667 35.2916666666667 0.408333333333333 22.5 64.75 3.91666666666667 "郊区环境评价点" 116.506 39.795
"亦庄" 20161024 79.7083333333333 77.375 1.14583333333333 59.7083333333333 2.83333333333333 2.25 "郊区环境评价点" 116.506 39.795
"亦庄" 20160302 211.681818181818 247.416666666667 2.99166666666667 116.583333333333 30.1666666666667 54.2916666666667 "郊区环境评价点" 116.506 39.795
"亦庄" 20160324 14.875 30.625 0.404166666666667 41.1666666666667 53.25 2.83333333333333 "郊区环境评价点" 116.506 39.795
"亦庄" 20160522 52.8333333333333 92.9166666666667 0.704166666666667 60.2083333333333 111.666666666667 11.3333333333333 "郊区环境评价点" 116.506 39.795
"亦庄" 20160201 21.1739130434783 61.4166666666667 0.8375 39.1666666666667 38.375 16.25 "郊区环境评价点" 116.506 39.795
"亦庄" 20160223 11.125 46.5833333333333 0.45 17.125 67.0833333333333 7.83333333333333 "郊区环境评价点" 116.506 39.795
"亦庄" 20161114 50.9166666666667 124.083333333333 1.2125 46.2083333333333 34.2083333333333 5.04166666666667 "郊区环境评价点" 116.506 39.795
"亦庄" 20160323 22.75 92.4583333333333 0.508333333333333 33.5833333333333 56.875 4.375 "郊区环境评价点" 116.506 39.795
"亦庄" 20160521 76.2916666666667 115.458333333333 0.9875 49.6666666666667 124.666666666667 22.2916666666667 "郊区环境评价点" 116.506 39.795
"亦庄" 20161015 139.608695652174 199.260869565217 1.50869565217391 90.7391304347826 3.21739130434783 4.73913043478261 "郊区环境评价点" 116.506 39.795
"亦庄" 20160215 8.45833333333333 25.4583333333333 0.525 13.5416666666667 62.375 4.33333333333333 "郊区环境评价点" 116.506 39.795
"亦庄" 20160817 68.3333333333333 61.9166666666667 1.4375 60.5416666666667 45.0416666666667 2 "郊区环境评价点" 116.506 39.795
"亦庄" 20160604 91 122.875 0.6625 NA 155.166666666667 15.375 "郊区环境评价点" 116.506 39.795
"亦庄" 20160229 31.5 40.8333333333333 0.759090909090909 33.125 51.1666666666667 12.1666666666667 "郊区环境评价点" 116.506 39.795
"亦庄" 20160824 90.75 105.5 1.57826086956522 73.8947368421053 80.75 2.20833333333333 "郊区环境评价点" 116.506 39.795
"亦庄" 20160421 126.045454545455 138.818181818182 0.831818181818182 63.1363636363636 64.2727272727273 7.31818181818182 "郊区环境评价点" 116.506 39.795
"亦庄" 20160611 10.2083333333333 55.5416666666667 0.325 22.7083333333333 90.5416666666667 2.04166666666667 "郊区环境评价点" 116.506 39.795
"亦庄" 20160618 48.875 85.2916666666667 0.633333333333333 59.5416666666667 120.375 3.58333333333333 "郊区环境评价点" 116.506 39.795
"亦庄" 20160122 21.9583333333333 107.625 0.5875 16.25 58.1666666666667 5.45833333333333 "郊区环境评价点" 116.506 39.795
"亦庄" 20160702 50.0833333333333 68.5 0.5 29.375 114.333333333333 2.25 "郊区环境评价点" 116.506 39.795
"亦庄" 20160306 106.208333333333 141.041666666667 2.05833333333333 88.1666666666667 10.0416666666667 41.7916666666667 "郊区环境评价点" 116.506 39.795
"亦庄" 20160504 38.9583333333333 60.25 0.558333333333333 59 59.6666666666667 3.70833333333333 "郊区环境评价点" 116.506 39.795
"亦庄" 20160313 32.9130434782609 110.304347826087 0.71304347826087 34.7391304347826 64.6086956521739 11.6521739130435 "郊区环境评价点" 116.506 39.795
"亦庄" 20160121 123.916666666667 171.916666666667 2.60416666666667 54.375 7.45833333333333 29.3333333333333 "郊区环境评价点" 116.506 39.795
"亦庄" 20160716 39.5833333333333 48.5416666666667 0.579166666666667 42.5833333333333 66.5416666666667 2.04166666666667 "郊区环境评价点" 116.506 39.795
"亦庄" 20160212 165.5 197.208333333333 2.65416666666667 54.125 26.4583333333333 24.75 "郊区环境评价点" 116.506 39.795
"亦庄" 20160128 160.5 216.583333333333 3.0375 90.375 16.9166666666667 59.9583333333333 "郊区环境评价点" 116.506 39.795
"亦庄" 20160723 125.833333333333 122.25 0.754166666666667 42.9583333333333 110.833333333333 2.04166666666667 "郊区环境评价点" 116.506 39.795
"亦庄" 20160204 17.5833333333333 51.7083333333333 0.708333333333333 33.0416666666667 52.0416666666667 12.25 "郊区环境评价点" 116.506 39.795
"亦庄" 20160105 53.0416666666667 42.125 2.00833333333333 44.25 25 23.125 "郊区环境评价点" 116.506 39.795
"亦庄" 20161026 43.6 118.473684210526 3.5 35.65 19.4 3.6 "郊区环境评价点" 116.506 39.795
"亦庄" 20160608 151.916666666667 142.5 1.34583333333333 NA 123.458333333333 3.66666666666667 "郊区环境评价点" 116.506 39.795
"亦庄" 20160410 81.0833333333333 146.25 0.929166666666667 48.625 51.875 16.3333333333333 "郊区环境评价点" 116.506 39.795
"亦庄" 20161216 193.791666666667 136.375 2.96666666666667 108.217391304348 12.3333333333333 26.6666666666667 "郊区环境评价点" 116.506 39.795
"亦庄" 20160311 24.1666666666667 54.625 0.6 41.1666666666667 49.4583333333333 8.125 "郊区环境评价点" 116.506 39.795
"亦庄" 20161025 130.090909090909 145.416666666667 3.19166666666667 56.4583333333333 5.875 5.08333333333333 "郊区环境评价点" 116.506 39.795
"亦庄" 20160303 289.125 262.625 3.07916666666667 105.75 23.7916666666667 44.3333333333333 "郊区环境评价点" 116.506 39.795
"亦庄" 20160325 27.85 54 0.757142857142857 47.6666666666667 52.0476190476191 9.57142857142857 "郊区环境评价点" 116.506 39.795
"亦庄" 20160523 70.5 91.0833333333333 1.135 48.625 92.625 16.8947368421053 "郊区环境评价点" 116.506 39.795
"亦庄" 20160202 39.0434782608696 31.75 1.24166666666667 58.25 30.7916666666667 28.75 "郊区环境评价点" 116.506 39.795
"亦庄" 20160224 33.5 38.3333333333333 0.833333333333333 32.8333333333333 45.75 15.125 "郊区环境评价点" 116.506 39.795
"亦庄" 20161115 44.625 57.0833333333333 1.3125 74.2916666666667 11.5833333333333 14.3333333333333 "郊区环境评价点" 116.506 39.795
"亦庄" 20160606 100.708333333333 105.458333333333 0.8 NA 142.75 9.41666666666667 "郊区环境评价点" 116.506 39.795
"亦庄" 20160125 63.2916666666667 62.625 1.72083333333333 67.875 20.7916666666667 41.5 "郊区环境评价点" 116.506 39.795
"亦庄" 20161016 104.291666666667 178.5 0.895833333333333 47.5 33.0416666666667 2.125 "郊区环境评价点" 116.506 39.795
"亦庄" 20160216 9.33333333333333 49.0833333333333 0.479166666666667 19.5416666666667 61.7916666666667 6.58333333333333 "郊区环境评价点" 116.506 39.795
"亦庄" 20160818 80.0416666666667 120.916666666667 2.17916666666667 49.1666666666667 21.125 2 "郊区环境评价点" 116.506 39.795
"亦庄" 20160605 67.4583333333333 111.25 0.729166666666667 NA 123 13.875 "郊区环境评价点" 116.506 39.795
"亦庄" 20160301 130.333333333333 102.541666666667 1.89583333333333 71.6666666666667 29.6666666666667 34.8333333333333 "郊区环境评价点" 116.506 39.795
"亦庄" 20160825 24.5 86.5416666666667 0.325 32.5416666666667 63.9583333333333 2 "郊区环境评价点" 116.506 39.795
"亦庄" 20160422 53.1666666666667 113.041666666667 0.3 23.0416666666667 84.1666666666667 2 "郊区环境评价点" 116.506 39.795
"亦庄" 20160612 69.1904761904762 78.4782608695652 0.856521739130435 37.3913043478261 122.652173913043 5.43478260869565 "郊区环境评价点" 116.506 39.795
"亦庄" 20160619 61.4583333333333 93.2916666666667 0.75 42.9583333333333 163.458333333333 4.83333333333333 "郊区环境评价点" 116.506 39.795
"亦庄" 20160123 12 38 0.5 16.875 52.0833333333333 5.91666666666667 "郊区环境评价点" 116.506 39.795
"亦庄" 20160718 90.2083333333333 125.75 0.68695652173913 49.695652173913 87.7391304347826 2.83333333333333 "郊区环境评价点" 116.506 39.795
"亦庄" 20161217 238.833333333333 263.541666666667 3.8375 125.958333333333 8.5 33.375 "郊区环境评价点" 116.506 39.795
"亦庄" 20160616 31.0833333333333 67.5416666666667 0.4875 63.5 84.25 2.16666666666667 "郊区环境评价点" 116.506 39.795
"亦庄" 20160413 184.625 186.708333333333 1.02916666666667 59.75 63.25 10.25 "郊区环境评价点" 116.506 39.795
"亦庄" 20160206 50.3333333333333 43.6666666666667 1.0125 33.9583333333333 53.1666666666667 27.1666666666667 "郊区环境评价点" 116.506 39.795
"亦庄" 20160717 84.9583333333333 83.4166666666667 0.675 45.625 103.166666666667 2.75 "郊区环境评价点" 116.506 39.795
"亦庄" 20160213 10.5 121.166666666667 0.370833333333333 7.75 62.75 5.04166666666667 "郊区环境评价点" 116.506 39.795
"亦庄" 20160129 52.9583333333333 128.041666666667 1.475 41.625 25.0833333333333 31.2083333333333 "郊区环境评价点" 116.506 39.795
"亦庄" 20160724 80.6842105263158 140.777777777778 0.370833333333333 44.0833333333333 111.458333333333 2 "郊区环境评价点" 116.506 39.795
"亦庄" 20160205 9.875 28 0.420833333333333 14.25 72.7916666666667 5.875 "郊区环境评价点" 116.506 39.795
"亦庄" 20160622 53.4583333333333 115.541666666667 0.725 41.0833333333333 142.5 2 "郊区环境评价点" 116.506 39.795
"亦庄" 20160822 55.5416666666667 88.9166666666667 1.64583333333333 32.875 121.5 2.6 "郊区环境评价点" 116.506 39.795
"亦庄" 20160609 99.4761904761905 188.1 1.03809523809524 NA 133.857142857143 5.47619047619048 "郊区环境评价点" 116.506 39.795
"亦庄" 20160411 59.5652173913044 93.6315789473684 0.539130434782609 41.0434782608696 54 8 "郊区环境评价点" 116.506 39.795
"亦庄" 20160819 18.875 65.5 1.4625 23.2916666666667 103 2 "郊区环境评价点" 116.506 39.795
"亦庄" 20160621 120.458333333333 135.166666666667 1.02916666666667 47.2916666666667 136.25 2 "郊区环境评价点" 116.506 39.795
"亦庄" 20160226 34.4166666666667 43.375 0.783333333333333 33.25 53.0416666666667 14.5833333333333 "郊区环境评价点" 116.506 39.795
"亦庄" 20160304 319.75 381.041666666667 4.46666666666667 113.208333333333 7.875 63 "郊区环境评价点" 116.506 39.795
"亦庄" 20160623 76.0833333333333 92.5 1.17083333333333 43.4166666666667 113.166666666667 5.29166666666667 "郊区环境评价点" 116.506 39.795
"亦庄" 20160613 53.1666666666667 81.1666666666667 0.570833333333333 41.4583333333333 83.7083333333333 2.91666666666667 "郊区环境评价点" 116.506 39.795
"亦庄" 20160615 17.4583333333333 55.2916666666667 0.4375 36.6666666666667 96.375 2 "郊区环境评价点" 116.506 39.795
"亦庄" 20160225 23.8636363636364 49.5 0.858333333333333 39.4583333333333 41.6666666666667 14.5833333333333 "郊区环境评价点" 116.506 39.795
"亦庄" 20161116 89.4782608695652 92.7727272727273 2.04782608695652 83.8260869565217 9 9.56521739130435 "郊区环境评价点" 116.506 39.795
"亦庄" 20160820 58.25 77.375 1.82083333333333 35.875 136.041666666667 2 "郊区环境评价点" 116.506 39.795
"亦庄" 20160126 45.9583333333333 74.9166666666667 1.17083333333333 46.125 39.875 32.375 "郊区环境评价点" 116.506 39.795
"亦庄" 20160614 40.0416666666667 72.4166666666667 0.475 32.9583333333333 71.2916666666667 2.08333333333333 "郊区环境评价点" 116.506 39.795
"亦庄" 20160217 50.5416666666667 47.375 1.07916666666667 36.375 47.125 18.7916666666667 "郊区环境评价点" 116.506 39.795
"亦庄" 20160821 71.1666666666667 108.583333333333 1.76666666666667 57.2916666666667 139.416666666667 2 "郊区环境评价点" 116.506 39.795
"亦庄" 20160418 24.45 35.7222222222222 0.325 25.3 74.95 2.6 "郊区环境评价点" 116.506 39.795
"亦庄" 20160209 52.875 111.083333333333 1.33333333333333 37.0416666666667 52.9166666666667 25.2083333333333 "郊区环境评价点" 116.506 39.795
"亦庄" 20160720 33.2727272727273 117.916666666667 0.2625 20.2916666666667 74.0833333333333 2.04166666666667 "郊区环境评价点" 116.506 39.795
"亦庄" 20160719 132.666666666667 145.75 1.09583333333333 51.4166666666667 42.0833333333333 2.16666666666667 "郊区环境评价点" 116.506 39.795
"亦庄" 20160412 79.875 93.9166666666667 0.625 51.25 40.875 7.29166666666667 "郊区环境评价点" 116.506 39.795
"亦庄" 20160620 77.7916666666667 108.791666666667 0.9125 44.375 160.916666666667 3.95833333333333 "郊区环境评价点" 116.506 39.795
"亦庄" 20160124 16.7916666666667 57.3333333333333 0.679166666666667 28 44.9166666666667 10.4166666666667 "郊区环境评价点" 116.506 39.795
"亦庄" 20160207 107.25 101.041666666667 1.3625 49.9583333333333 43.7083333333333 51.875 "郊区环境评价点" 116.506 39.795
"亦庄" 20160419 85.4736842105263 85.5882352941177 1.37894736842105 66.2105263157895 29.7368421052632 17.5789473684211 "郊区环境评价点" 116.506 39.795
"亦庄" 20160417 16.4583333333333 42.2380952380952 0.3 12.4583333333333 83.625 2 "郊区环境评价点" 116.506 39.795
"亦庄" 20160414 46.9130434782609 140.636363636364 0.334782608695652 32.9130434782609 69.7391304347826 2.56521739130435 "郊区环境评价点" 116.506 39.795
"亦庄" 20160219 17.5416666666667 36.8333333333333 0.808333333333333 37 46.75 8.66666666666667 "郊区环境评价点" 116.506 39.795
"亦庄" 20160415 74.875 75.7083333333333 1.32083333333333 60.75 54.875 22.5 "郊区环境评价点" 116.506 39.795
"亦庄" 20160218 18.5833333333333 57.5833333333333 0.541666666666667 24.0869565217391 62.2916666666667 7.875 "郊区环境评价点" 116.506 39.795
"亦庄" 20160416 38.4583333333333 87.3333333333333 0.25 21.625 59.7083333333333 2.20833333333333 "郊区环境评价点" 116.506 39.795
"亦庄" 20160610 67.625 108.5 0.604166666666667 20.125 117.208333333333 2.29166666666667 "郊区环境评价点" 116.506 39.795
"亦庄" 20160721 23.8260869565217 24.8333333333333 0.478260869565217 38.2083333333333 40.6666666666667 2 "郊区环境评价点" 116.506 39.795
"亦庄" 20160823 63.5833333333333 76.125 1.65 40.3333333333333 115.666666666667 5.16666666666667 "郊区环境评价点" 116.506 39.795
"亦庄" 20160420 72.2857142857143 101.625 0.676190476190476 41.3333333333333 72.0952380952381 9.33333333333333 "郊区环境评价点" 116.506 39.795
"亦庄" 20160208 320.625 371.166666666667 1.31666666666667 38 52.2916666666667 90.4166666666667 "郊区环境评价点" 116.506 39.795
