"门头沟" 20160929 69 71.9166666666667 0.6 48.0833333333333 77.8333333333333 6.08333333333333 "郊区环境评价点" 116.106 39.937
"门头沟" 20160928 11.375 25.375 0.242857142857143 24.1666666666667 18 2 "郊区环境评价点" 116.106 39.937
"门头沟" 20160904 69.5416666666667 77.1666666666667 0.716666666666667 28.4347826086957 88.0833333333333 2 "郊区环境评价点" 116.106 39.937
"门头沟" 20160512 40.0416666666667 158.25 0.445833333333333 13.5416666666667 76.125 2 "郊区环境评价点" 116.106 39.937
"门头沟" 20160524 13.375 52.7083333333333 0.525 15.7916666666667 75.25 2 "郊区环境评价点" 116.106 39.937
"门头沟" 20160829 16.25 34.0833333333333 0.870833333333333 10.0869565217391 72 5 "郊区环境评价点" 116.106 39.937
"门头沟" 20160830 25 52.0416666666667 1.12916666666667 11.8333333333333 93.9583333333333 4.16666666666667 "郊区环境评价点" 116.106 39.937
"门头沟" 20161017 40.9166666666667 96.2916666666667 0.6125 48.875 18.2916666666667 2.04166666666667 "郊区环境评价点" 116.106 39.937
"门头沟" 20160531 69.6666666666667 132.416666666667 0.7375 31.3478260869565 60.9583333333333 3.875 "郊区环境评价点" 116.106 39.937
"门头沟" 20160831 11 44.5833333333333 0.783333333333333 9.47826086956522 60.3333333333333 5 "郊区环境评价点" 116.106 39.937
"门头沟" 20160930 81.5833333333333 94.7916666666667 0.7125 56.3913043478261 76 3.375 "郊区环境评价点" 116.106 39.937
"门头沟" 20160618 28.4583333333333 61.0833333333333 0.620833333333333 22.1304347826087 103.291666666667 2 "郊区环境评价点" 116.106 39.937
"门头沟" 20160527 58.5833333333333 70.4166666666667 0.629166666666667 30.7391304347826 93.125 7.95833333333333 "郊区环境评价点" 116.106 39.937
"门头沟" 20160514 38.75 63.3333333333333 0.570833333333333 25.0833333333333 49.2916666666667 2.29166666666667 "郊区环境评价点" 116.106 39.937
"门头沟" 20160601 35.4347826086956 82.9166666666667 0.616666666666667 32.5833333333333 89.125 2.66666666666667 "郊区环境评价点" 116.106 39.937
"门头沟" 20160615 15.875 44.2916666666667 0.620833333333333 20.375 84.2916666666667 2 "郊区环境评价点" 116.106 39.937
"门头沟" 20160617 17.1666666666667 56.6666666666667 0.441666666666667 20.0833333333333 68 2.25 "郊区环境评价点" 116.106 39.937
"门头沟" 20160513 24.9130434782609 42.0869565217391 0.417391304347826 26.7727272727273 63.7391304347826 3.52173913043478 "郊区环境评价点" 116.106 39.937
"门头沟" 20160526 40.2727272727273 66.4166666666667 0.325 17.5416666666667 82.4583333333333 2.20833333333333 "郊区环境评价点" 116.106 39.937
"门头沟" 20161005 43.875 41.125 0.904166666666667 36 43.8333333333333 2.04166666666667 "郊区环境评价点" 116.106 39.937
"门头沟" 20160121 169.541666666667 195.625 NA 61.4090909090909 NA 16.2083333333333 "郊区环境评价点" 116.106 39.937
"门头沟" 20160128 98.5833333333333 147.166666666667 1.65833333333333 64.3913043478261 14.75 45.8333333333333 "郊区环境评价点" 116.106 39.937
"门头沟" 20160525 12.3333333333333 36.7083333333333 0.254166666666667 12.8260869565217 84.0833333333333 2 "郊区环境评价点" 116.106 39.937
"门头沟" 20160515 26.0833333333333 54.1666666666667 0.425 22.3478260869565 42.4583333333333 2 "郊区环境评价点" 116.106 39.937
"门头沟" 20160905 29.875 73.9583333333333 0.4375 18.125 63.4583333333333 3.58333333333333 "郊区环境评价点" 116.106 39.937
"门头沟" 20160510 35.9565217391304 56.6666666666667 0.55 22.25 94.7916666666667 2 "郊区环境评价点" 116.106 39.937
"门头沟" 20160621 53.25 93 0.770833333333333 14.5416666666667 127.833333333333 2 "郊区环境评价点" 116.106 39.937
"门头沟" 20160509 32.5 73.9166666666667 0.395833333333333 24.304347826087 57.5 2.04166666666667 "郊区环境评价点" 116.106 39.937
"门头沟" 20161001 158.166666666667 156.458333333333 1.30416666666667 66.2083333333333 72.25 6.66666666666667 "郊区环境评价点" 116.106 39.937
"门头沟" 20161018 108.416666666667 87.1666666666667 1.2375 66 7.58333333333333 2.08333333333333 "郊区环境评价点" 116.106 39.937
"门头沟" 20161031 7.66666666666667 33.25 0.170833333333333 14.3333333333333 47.5833333333333 2.5 "郊区环境评价点" 116.106 39.937
"门头沟" 20160528 83 108.458333333333 0.8875 27.9583333333333 110.333333333333 5.125 "郊区环境评价点" 116.106 39.937
"门头沟" 20160901 7.83333333333333 25.5 0.691666666666667 9.91666666666667 52.3333333333333 5.41666666666667 "郊区环境评价点" 116.106 39.937
"门头沟" 20160614 29.7083333333333 55.2083333333333 0.570833333333333 12.8260869565217 68.7083333333333 2 "郊区环境评价点" 116.106 39.937
"门头沟" 20160616 25.2916666666667 57.1666666666667 0.554166666666667 31.4347826086957 61.5 2 "郊区环境评价点" 116.106 39.937
"门头沟" 20160123 10.7083333333333 34.875 0.595833333333333 4.16666666666667 49.875 11.75 "郊区环境评价点" 116.106 39.937
"门头沟" 20161007 30.375 68.8333333333333 1.42916666666667 42.9583333333333 10.8333333333333 2 "郊区环境评价点" 116.106 39.937
"门头沟" 20161029 25.4583333333333 40.125 0.5375 43.25 15.25 3.70833333333333 "郊区环境评价点" 116.106 39.937
"门头沟" 20160828 8.125 26.9583333333333 0.783333333333333 9.33333333333333 51.8333333333333 4.83333333333333 "郊区环境评价点" 116.106 39.937
"门头沟" 20160307 21.7916666666667 95.9166666666667 0.4125 13.4583333333333 67.3333333333333 5.5 "郊区环境评价点" 116.106 39.937
"门头沟" 20160122 11.0434782608696 118.347826086957 0.5 8.47826086956522 46 8.56521739130435 "郊区环境评价点" 116.106 39.937
"门头沟" 20161006 63.5416666666667 79.875 1.3 42.0434782608696 3.95833333333333 2.04166666666667 "郊区环境评价点" 116.106 39.937
"门头沟" 20160519 79.6666666666667 101.125 0.858333333333333 33.1304347826087 123.583333333333 4.66666666666667 "郊区环境评价点" 116.106 39.937
"门头沟" 20160511 161.958333333333 130.875 1.35416666666667 32.0434782608696 100.791666666667 6.16666666666667 "郊区环境评价点" 116.106 39.937
"门头沟" 20160129 59.6666666666667 99.8333333333333 1.52916666666667 52.8333333333333 18.7083333333333 40.375 "郊区环境评价点" 116.106 39.937
"门头沟" 20160602 43.9 81.85 0.45 39.8421052631579 108.25 4.4 "郊区环境评价点" 116.106 39.937
"门头沟" 20160619 34.0833333333333 68.0416666666667 0.65 25.1666666666667 114.458333333333 2.125 "郊区环境评价点" 116.106 39.937
"门头沟" 20161101 40.7916666666667 38.4166666666667 0.6 44.9565217391304 18 4.5 "郊区环境评价点" 116.106 39.937
"门头沟" 20160701 9.25 59.4583333333333 0.2375 11.5 84.875 2 "郊区环境评价点" 116.106 39.937
"门头沟" 20160807 14 64.95 0.986956521739131 4 70.1739130434783 2.08695652173913 "郊区环境评价点" 116.106 39.937
"门头沟" 20161012 78.125 114.333333333333 1.01666666666667 66.7391304347826 9.91666666666667 2 "郊区环境评价点" 116.106 39.937
"门头沟" 20160703 66.5416666666667 73.5416666666667 0.820833333333333 22.1666666666667 126.583333333333 2 "郊区环境评价点" 116.106 39.937
"门头沟" 20160120 105.75 121.541666666667 0.1875 55.1739130434783 125.375 26.9583333333333 "郊区环境评价点" 116.106 39.937
"门头沟" 20160630 65.5714285714286 109.083333333333 0.55 14.8260869565217 89.9166666666667 2.41666666666667 "郊区环境评价点" 116.106 39.937
"门头沟" 20160127 88.5416666666667 75.8333333333333 1.80416666666667 65.1666666666667 16.125 44.875 "郊区环境评价点" 116.106 39.937
"门头沟" 20160304 291.625 344.875 3.16666666666667 94.8260869565217 21.7916666666667 27 "郊区环境评价点" 116.106 39.937
"门头沟" 20160702 18.5416666666667 42.125 0.475 17.5652173913043 90.7916666666667 2 "郊区环境评价点" 116.106 39.937
"门头沟" 20160622 47.7916666666667 79.2916666666667 0.679166666666667 20.1304347826087 111.791666666667 2 "郊区环境评价点" 116.106 39.937
"门头沟" 20160516 15.9583333333333 45.0416666666667 0.475 26 67.25 2.375 "郊区环境评价点" 116.106 39.937
"门头沟" 20160906 13.2222222222222 38.2352941176471 0.355555555555556 20.8823529411765 46.0555555555556 2.33333333333333 "郊区环境评价点" 116.106 39.937
"门头沟" 20160205 7.29166666666667 23.0833333333333 0.429166666666667 3.91304347826087 69.0416666666667 10.4583333333333 "郊区环境评价点" 116.106 39.937
"门头沟" 20160530 98.8333333333333 102.75 0.870833333333333 40.25 133 10.375 "郊区环境评价点" 116.106 39.937
"门头沟" 20160903 18.9166666666667 43.875 0.520833333333333 29.9583333333333 64.875 2.08333333333333 "郊区环境评价点" 116.106 39.937
"门头沟" 20161002 186.666666666667 237.75 1.20416666666667 49.1739130434783 60.0416666666667 2.5 "郊区环境评价点" 116.106 39.937
"门头沟" 20161019 196.041666666667 202.791666666667 1.77916666666667 62.7916666666667 21.9166666666667 2.375 "郊区环境评价点" 116.106 39.937
"门头沟" 20160507 17.9166666666667 45.6666666666667 0.3 26.2173913043478 74.9583333333333 2.45833333333333 "郊区环境评价点" 116.106 39.937
"门头沟" 20160529 29.0714285714286 78.625 0.495833333333333 22.3913043478261 92.4583333333333 3.20833333333333 "郊区环境评价点" 116.106 39.937
"门头沟" 20160902 11.5 42.4166666666667 0.6875 19.695652173913 22.8333333333333 3.5 "郊区环境评价点" 116.106 39.937
"门头沟" 20160620 57.75 85.6666666666667 0.783333333333333 19.0434782608696 110.208333333333 2 "郊区环境评价点" 116.106 39.937
"门头沟" 20161102 88.7916666666667 89.4583333333333 1.3375 64.9583333333333 10.5416666666667 6.70833333333333 "郊区环境评价点" 116.106 39.937
"门头沟" 20160124 8.875 56.0416666666667 0.491666666666667 3.47826086956522 48.375 9.5 "郊区环境评价点" 116.106 39.937
"门头沟" 20161008 9.5 27.1666666666667 0.266666666666667 14 40.75 2 "郊区环境评价点" 116.106 39.937
"门头沟" 20161030 32.75 61.5416666666667 0.520833333333333 32.6521739130435 24.4583333333333 2.875 "郊区环境评价点" 116.106 39.937
"门头沟" 20160508 48.2916666666667 70.5416666666667 0.629166666666667 38.625 75.3333333333333 7.16666666666667 "郊区环境评价点" 116.106 39.937
"门头沟" 20160308 8.77777777777778 34.2142857142857 0.255555555555556 11.1111111111111 71.6666666666667 2.66666666666667 "郊区环境评价点" 116.106 39.937
"门头沟" 20160626 27.4166666666667 58.875 0.304166666666667 9 118.875 2.45833333333333 "郊区环境评价点" 116.106 39.937
"门头沟" 20160505 53.7916666666667 72.2083333333333 0.725 43.6521739130435 63.875 8.45833333333333 "郊区环境评价点" 116.106 39.937
"门头沟" 20160520 92.9583333333333 116.625 1.1125 38.5833333333333 125.333333333333 8.25 "郊区环境评价点" 116.106 39.937
"门头沟" 20160718 90.7083333333333 95 0.866666666666667 26.3913043478261 82.6666666666667 2 "郊区环境评价点" 116.106 39.937
"门头沟" 20160130 70.1666666666667 84.25 1.73333333333333 58.7391304347826 11.9583333333333 37.4583333333333 "郊区环境评价点" 116.106 39.937
"门头沟" 20160603 75.5416666666667 92.375 1.01666666666667 44.0416666666667 119.875 9.5 "郊区环境评价点" 116.106 39.937
"门头沟" 20160907 36.2857142857143 69.75 0.578571428571429 25.7857142857143 90 2 "郊区环境评价点" 116.106 39.937
"门头沟" 20160206 17.3478260869565 28.4347826086957 0.81304347826087 13.5652173913043 62.2608695652174 20.7826086956522 "郊区环境评价点" 116.106 39.937
"门头沟" 20160717 55.6666666666667 67.9583333333333 0.854166666666667 18.6666666666667 105.125 2 "郊区环境评价点" 116.106 39.937
"门头沟" 20160808 16.8333333333333 32.5882352941176 1.01111111111111 3.25 75.0555555555556 2 "郊区环境评价点" 116.106 39.937
"门头沟" 20161013 126.875 132.458333333333 1.20833333333333 52.5833333333333 48.5833333333333 2 "郊区环境评价点" 116.106 39.937
"门头沟" 20160704 103.875 131.25 0.9 18.2608695652174 115.75 2.04166666666667 "郊区环境评价点" 116.106 39.937
"门头沟" 20160624 11.0416666666667 65.5416666666667 0.245833333333333 11.1739130434783 68.625 5.125 "郊区环境评价点" 116.106 39.937
"门头沟" 20160609 122.380952380952 196.8 0.928571428571429 22.7619047619048 119.047619047619 3.38095238095238 "郊区环境评价点" 116.106 39.937
"门头沟" 20161027 25.9130434782609 59.4782608695652 0.734782608695652 49.4347826086956 2.91304347826087 2 "郊区环境评价点" 116.106 39.937
"门头沟" 20160305 62.5 269.333333333333 0.3375 10.1666666666667 72.5833333333333 3.625 "郊区环境评价点" 116.106 39.937
"门头沟" 20161103 140.291666666667 135.333333333333 1.74166666666667 92.304347826087 5.41666666666667 4.66666666666667 "郊区环境评价点" 116.106 39.937
"门头沟" 20160623 72.7916666666667 89.875 0.933333333333333 23.1666666666667 113.375 3.45833333333333 "郊区环境评价点" 116.106 39.937
"门头沟" 20160517 57.2916666666667 74.6666666666667 0.845833333333333 38.2173913043478 97.9166666666667 7.04166666666667 "郊区环境评价点" 116.106 39.937
"门头沟" 20161026 36.7142857142857 84.9473684210526 0.515789473684211 44.9473684210526 9.36842105263158 2.73684210526316 "郊区环境评价点" 116.106 39.937
"门头沟" 20160912 36.2083333333333 46.9166666666667 0.566666666666667 24.304347826087 64.0416666666667 2 "郊区环境评价点" 116.106 39.937
"门头沟" 20160926 52.7083333333333 142.04347826087 0.916666666666667 35.5652173913044 43.4583333333333 2 "郊区环境评价点" 116.106 39.937
"门头沟" 20160707 82.8695652173913 99.4583333333333 1.09166666666667 22.875 141 2 "郊区环境评价点" 116.106 39.937
"门头沟" 20161003 133.708333333333 213.291666666667 1.07083333333333 42.75 64.4583333333333 2 "郊区环境评价点" 116.106 39.937
"门头沟" 20161020 83.75 212 1.03333333333333 41.4782608695652 17.2083333333333 2.125 "郊区环境评价点" 116.106 39.937
"门头沟" 20160126 38.2727272727273 38.6666666666667 1.00416666666667 25.3913043478261 41.4583333333333 29.7083333333333 "郊区环境评价点" 116.106 39.937
"门头沟" 20161010 73.4166666666667 61.125 0.725 58.8695652173913 29.375 3.95833333333333 "郊区环境评价点" 116.106 39.937
"门头沟" 20160805 74.7083333333333 112.625 1.2375 15.3478260869565 79.7083333333333 2.125 "郊区环境评价点" 116.106 39.937
"门头沟" 20160423 22.6086956521739 61.9583333333333 0.2625 42.7391304347826 43.7916666666667 3.41666666666667 "郊区环境评价点" 116.106 39.937
"门头沟" 20160628 59.0416666666667 76.8333333333333 0.608333333333333 16.3913043478261 47.75 2.45833333333333 "郊区环境评价点" 116.106 39.937
"门头沟" 20160125 16.6086956521739 32.5217391304348 0.605555555555556 8.91304347826087 55.1739130434783 18.952380952381 "郊区环境评价点" 116.106 39.937
"门头沟" 20161009 22.7083333333333 32.375 0.479166666666667 36.2916666666667 16.0833333333333 2.25 "郊区环境评价点" 116.106 39.937
"门头沟" 20160826 5.79166666666667 20.875 0.758333333333333 6.91666666666667 49.2916666666667 3.70833333333333 "郊区环境评价点" 116.106 39.937
"门头沟" 20160705 76.6666666666667 109.166666666667 0.920833333333333 21.0833333333333 113.791666666667 2 "郊区环境评价点" 116.106 39.937
"门头沟" 20160309 9.08695652173913 23.6666666666667 0.230434782608696 7.69565217391304 72.4782608695652 2.08695652173913 "郊区环境评价点" 116.106 39.937
"门头沟" 20160627 51.2916666666667 77.9166666666667 0.516666666666667 18.9166666666667 104 2 "郊区环境评价点" 116.106 39.937
"门头沟" 20160506 60.0833333333333 164.666666666667 0.133333333333333 8.66666666666667 85.625 2 "郊区环境评价点" 116.106 39.937
"门头沟" 20160521 78.3333333333333 116.708333333333 0.991666666666667 34.695652173913 113.291666666667 9.125 "郊区环境评价点" 116.106 39.937
"门头沟" 20160719 68 120.125 0.970833333333333 20.9583333333333 49.7083333333333 2 "郊区环境评价点" 116.106 39.937
"门头沟" 20160131 9.875 56.0416666666667 0.470833333333333 11.5833333333333 64.0416666666667 12.6666666666667 "郊区环境评价点" 116.106 39.937
"门头沟" 20160604 97.25 133.791666666667 0.8875 34.2173913043478 126.5 6.16666666666667 "郊区环境评价点" 116.106 39.937
"门头沟" 20160908 11.4583333333333 50.1666666666667 0.316666666666667 19.6521739130435 44.0416666666667 2 "郊区环境评价点" 116.106 39.937
"门头沟" 20160207 44.5416666666667 46.0416666666667 1.425 19.8260869565217 52.375 35.375 "郊区环境评价点" 116.106 39.937
"门头沟" 20160611 8.875 38.2916666666667 0.379166666666667 11.9583333333333 81.8333333333333 2 "郊区环境评价点" 116.106 39.937
"门头沟" 20160809 43.0666666666667 54.4 1.49333333333333 11.7333333333333 113.8 2.2 "郊区环境评价点" 116.106 39.937
"门头沟" 20161014 196 196.666666666667 1.36666666666667 64.7391304347826 37 2.45833333333333 "郊区环境评价点" 116.106 39.937
"门头沟" 20161021 35.3913043478261 63.0869565217391 0.821739130434783 36.6086956521739 14.3478260869565 2 "郊区环境评价点" 116.106 39.937
"门头沟" 20160625 12.125 27.875 0.1625 9.70833333333333 80.5 5.58333333333333 "郊区环境评价点" 116.106 39.937
"门头沟" 20160610 36.75 97.3333333333333 0.616666666666667 9.69565217391304 100.208333333333 2 "郊区环境评价点" 116.106 39.937
"门头沟" 20161028 7.66666666666667 33.625 0.2875 17.0869565217391 40.0416666666667 2 "郊区环境评价点" 116.106 39.937
"门头沟" 20160306 63.9166666666667 126.958333333333 1.08333333333333 44.0434782608696 27.2916666666667 19.875 "郊区环境评价点" 116.106 39.937
"门头沟" 20161104 206.5 232.458333333333 2.73333333333333 102.958333333333 6.58333333333333 4.375 "郊区环境评价点" 116.106 39.937
"门头沟" 20160709 85.0416666666667 122.458333333333 0.508333333333333 22 116.041666666667 2 "郊区环境评价点" 116.106 39.937
"门头沟" 20160518 65.125 96.2916666666667 0.825 28.875 110.958333333333 4.41666666666667 "郊区环境评价点" 116.106 39.937
"门头沟" 20160716 29.7083333333333 41.7916666666667 0.608333333333333 17.7826086956522 52.5 2 "郊区环境评价点" 116.106 39.937
"门头沟" 20160913 78.75 76.25 0.770833333333333 29.3333333333333 75.3333333333333 2 "郊区环境评价点" 116.106 39.937
"门头沟" 20160927 21.25 58.625 0.533333333333333 17.375 44.25 2 "郊区环境评价点" 116.106 39.937
"门头沟" 20160708 85.7916666666667 110.375 0.7 26.2173913043478 96.0416666666667 2.33333333333333 "郊区环境评价点" 116.106 39.937
"门头沟" 20161004 27.0833333333333 95.4166666666667 0.7875 36.304347826087 12.7083333333333 2.04166666666667 "郊区环境评价点" 116.106 39.937
"门头沟" 20160715 25.7083333333333 45.75 0.579166666666667 14.7083333333333 61.625 2 "郊区环境评价点" 116.106 39.937
"门头沟" 20160410 51.0833333333333 134.291666666667 0.5625 36.1666666666667 67.375 9.25 "郊区环境评价点" 116.106 39.937
"门头沟" 20161011 97.2916666666667 122.958333333333 1.24583333333333 50.9583333333333 29.5833333333333 3.16666666666667 "郊区环境评价点" 116.106 39.937
"门头沟" 20160806 80.9130434782609 99.0952380952381 1.31304347826087 6.65217391304348 91.2608695652174 2 "郊区环境评价点" 116.106 39.937
"门头沟" 20160424 73.8333333333333 88.375 0.875 60.3333333333333 55.375 15.75 "郊区环境评价点" 116.106 39.937
"门头沟" 20160629 87.4583333333333 99.125 0.804166666666667 14.3333333333333 78.125 2 "郊区环境评价点" 116.106 39.937
"门头沟" 20160409 48.3333333333333 93.0416666666667 0.5125 46.7391304347826 51.25 7.125 "郊区环境评价点" 116.106 39.937
"门头沟" 20160104 45.0416666666667 207.695652173913 0.716666666666667 23.5 49.1666666666667 3.70833333333333 "郊区环境评价点" 116.106 39.937
"门头沟" 20160827 8.75 23.4583333333333 0.770833333333333 8.43478260869565 47.6666666666667 4.375 "郊区环境评价点" 116.106 39.937
"门头沟" 20160706 72 109.04347826087 0.754545454545455 22.5238095238095 115.772727272727 2 "郊区环境评价点" 116.106 39.937
"门头沟" 20160310 8.16666666666667 32.7083333333333 0.170833333333333 8.56521739130435 67.25 4.45833333333333 "郊区环境评价点" 116.106 39.937
"门头沟" 20161024 45.7083333333333 54.8333333333333 0.716666666666667 45.695652173913 2.875 2.58333333333333 "郊区环境评价点" 116.106 39.937
"门头沟" 20160103 256.75 275.416666666667 3.9 90 7.70833333333333 10.375 "郊区环境评价点" 116.106 39.937
"门头沟" 20160522 47 81.7916666666667 0.716666666666667 24.0833333333333 125.541666666667 5.04166666666667 "郊区环境评价点" 116.106 39.937
"门头沟" 20160720 23.0833333333333 62.4166666666667 0.241666666666667 5.95652173913043 56.1666666666667 2.04166666666667 "郊区环境评价点" 116.106 39.937
"门头沟" 20160201 9.20833333333333 21.5 0.554166666666667 11.1304347826087 59.125 14.8333333333333 "郊区环境评价点" 116.106 39.937
"门头沟" 20160605 79.2083333333333 109.958333333333 0.708333333333333 27.9583333333333 129.75 5.08333333333333 "郊区环境评价点" 116.106 39.937
"门头沟" 20160909 13.3333333333333 39.9166666666667 0.404166666666667 21.5 41.5833333333333 2.125 "郊区环境评价点" 116.106 39.937
"门头沟" 20160208 72.6666666666667 111.208333333333 1.02916666666667 15.0416666666667 55.7916666666667 36.9583333333333 "郊区环境评价点" 116.106 39.937
"门头沟" 20160612 52.625 58.375 0.770833333333333 26 97.5 2.83333333333333 "郊区环境评价点" 116.106 39.937
"门头沟" 20160810 78.2727272727273 73.55 1.46818181818182 9.04545454545454 90.8636363636364 2.40909090909091 "郊区环境评价点" 116.106 39.937
"门头沟" 20161015 185.260869565217 260.95652173913 1.48695652173913 55.4347826086956 4.60869565217391 2 "郊区环境评价点" 116.106 39.937
"门头沟" 20161022 12.9166666666667 33.4166666666667 0.5 29.2173913043478 13.0416666666667 2 "郊区环境评价点" 116.106 39.937
"门头沟" 20160101 122.736842105263 113.75 2.39166666666667 90.6086956521739 8.625 21.0416666666667 "郊区环境评价点" 116.106 39.937
"门头沟" 20161213 104.208333333333 234.541666666667 2.6125 72 10.4166666666667 17.1666666666667 "郊区环境评价点" 116.106 39.937
"门头沟" 20161220 299.791666666667 231.304347826087 6.57083333333333 119.272727272727 6.8695652173913 19.2173913043478 "郊区环境评价点" 116.106 39.937
"门头沟" 20160108 33.625 27.4583333333333 0.85 26.6666666666667 46.5416666666667 15.7916666666667 "郊区环境评价点" 116.106 39.937
"门头沟" 20161105 169.041666666667 248.130434782609 2.875 89.7826086956522 13 3.54166666666667 "郊区环境评价点" 116.106 39.937
"门头沟" 20160710 73.5 109.086956521739 0.8125 19.8181818181818 108.875 2 "郊区环境评价点" 116.106 39.937
"门头沟" 20160314 56.2173913043478 56.0434782608696 1.15217391304348 65.5454545454545 28.5652173913043 17.2608695652174 "郊区环境评价点" 116.106 39.937
"门头沟" 20161112 72.375 79.9583333333333 1.61666666666667 54.875 13.75 5.125 "郊区环境评价点" 116.106 39.937
"门头沟" 20160914 73.125 108.875 0.779166666666667 19.5217391304348 94.875 2 "郊区环境评价点" 116.106 39.937
"门头沟" 20161119 115.583333333333 208.833333333333 2.03333333333333 60.3333333333333 34.304347826087 14.75 "郊区环境评价点" 116.106 39.937
"门头沟" 20160404 52.375 60.125 0.45 39.5416666666667 65.4583333333333 6.79166666666667 "郊区环境评价点" 116.106 39.937
"门头沟" 20160921 58.625 56.625 0.7125 44.2083333333333 40.0416666666667 2.45833333333333 "郊区环境评价点" 116.106 39.937
"门头沟" 20161126 232.375 214.333333333333 4.13333333333333 112.541666666667 10 24.5416666666667 "郊区环境评价点" 116.106 39.937
"门头沟" 20160411 41.8695652173913 102.368421052632 0.482608695652174 44.3478260869565 54.695652173913 7.47826086956522 "郊区环境评价点" 116.106 39.937
"门头沟" 20160212 140.125 170.583333333333 2.2625 40.0833333333333 28.75 18.125 "郊区环境评价点" 116.106 39.937
"门头沟" 20161203 101.666666666667 112.916666666667 2.9125 80.1666666666667 7.375 24.375 "郊区环境评价点" 116.106 39.937
"门头沟" 20160425 78.5416666666667 120.375 0.8125 41.4347826086956 82 7 "郊区环境评价点" 116.106 39.937
"门头沟" 20161210 48.7083333333333 59.2083333333333 1.79166666666667 57.8333333333333 13.1739130434783 14.4166666666667 "郊区环境评价点" 116.106 39.937
"门头沟" 20161110 170.375 235.041666666667 2.35833333333333 79.4583333333333 11.9166666666667 5.08333333333333 "郊区环境评价点" 116.106 39.937
"门头沟" 20160105 42.75 32.5833333333333 1.1 36.3913043478261 33.2083333333333 12.5833333333333 "郊区环境评价点" 116.106 39.937
"门头沟" 20161217 102.041666666667 130.916666666667 3.09583333333333 80.9166666666667 8.04166666666667 27.125 "郊区环境评价点" 116.106 39.937
"门头沟" 20161224 112.333333333333 102 2.90416666666667 74.75 5.08695652173913 19.7083333333333 "郊区环境评价点" 116.106 39.937
"门头沟" 20160311 27.5 53.3333333333333 0.808333333333333 35 46.875 15.4583333333333 "郊区环境评价点" 116.106 39.937
"门头沟" 20161025 73.375 77.25 1.02173913043478 52.0909090909091 7 2.17391304347826 "郊区环境评价点" 116.106 39.937
"门头沟" 20160911 29.9583333333333 45.4583333333333 0.566666666666667 19.6666666666667 81 2 "郊区环境评价点" 116.106 39.937
"门头沟" 20160523 58.4166666666667 82.875 0.820833333333333 33.0434782608696 78.9166666666667 6.20833333333333 "郊区环境评价点" 116.106 39.937
"门头沟" 20160721 13.9583333333333 16.0833333333333 0.7625 8.73913043478261 39.2916666666667 2 "郊区环境评价点" 116.106 39.937
"门头沟" 20160202 40.375 33.5833333333333 1.46666666666667 48.5 39.0833333333333 33.4583333333333 "郊区环境评价点" 116.106 39.937
"门头沟" 20160606 84.5 103.291666666667 0.766666666666667 28.695652173913 124.375 4.41666666666667 "郊区环境评价点" 116.106 39.937
"门头沟" 20160910 12.9583333333333 42.3333333333333 0.325 21.2608695652174 56.1666666666667 2.04166666666667 "郊区环境评价点" 116.106 39.937
"门头沟" 20160209 40.8333333333333 47.7916666666667 1.19583333333333 21.9565217391304 53.875 31.0416666666667 "郊区环境评价点" 116.106 39.937
"门头沟" 20160613 41.1363636363636 67.4166666666667 0.645833333333333 15.75 81.9583333333333 2 "郊区环境评价点" 116.106 39.937
"门头沟" 20160811 106.304347826087 128.608695652174 1.52173913043478 8.59090909090909 75.5652173913043 2.95652173913043 "郊区环境评价点" 116.106 39.937
"门头沟" 20161016 120.666666666667 209.625 0.8875 56.1304347826087 21.25 2 "郊区环境评价点" 116.106 39.937
"门头沟" 20161023 26.625 32.5833333333333 0.541666666666667 37.4583333333333 17.875 2 "郊区环境评价点" 116.106 39.937
"门头沟" 20160102 173.291666666667 204.260869565217 3.24166666666667 115.75 18.25 22.2083333333333 "郊区环境评价点" 116.106 39.937
"门头沟" 20161214 41.625 71.2916666666667 1.56666666666667 57.0416666666667 19.4782608695652 15.7916666666667 "郊区环境评价点" 116.106 39.937
"门头沟" 20161221 440.958333333333 450.916666666667 9.51666666666667 162.083333333333 3.83333333333333 21.8333333333333 "郊区环境评价点" 116.106 39.937
"门头沟" 20160109 59.375 69.4166666666667 1.5125 57.9565217391304 13.9166666666667 28.7083333333333 "郊区环境评价点" 116.106 39.937
"门头沟" 20161106 70.4166666666667 166.541666666667 1 50.7083333333333 24.125 4.54166666666667 "郊区环境评价点" 116.106 39.937
"门头沟" 20160711 76.125 92.2083333333333 0.895833333333333 26.125 108.125 2 "郊区环境评价点" 116.106 39.937
"门头沟" 20160315 115.45 101.25 1.745 74.3 23.45 38.7 "郊区环境评价点" 116.106 39.937
"门头沟" 20161113 96.125 112.375 1.6875 71.8260869565217 2.5 3.16666666666667 "郊区环境评价点" 116.106 39.937
"门头沟" 20160915 56.2916666666667 78.9583333333333 0.8375 18.1666666666667 96.6666666666667 2.33333333333333 "郊区环境评价点" 116.106 39.937
"门头沟" 20161120 56.4166666666667 117.125 1.47916666666667 51.5416666666667 6.43478260869565 3.91666666666667 "郊区环境评价点" 116.106 39.937
"门头沟" 20160405 94.9166666666667 102.25 0.779166666666667 50.2173913043478 74.3333333333333 9.41666666666667 "郊区环境评价点" 116.106 39.937
"门头沟" 20160922 104.260869565217 119.260869565217 0.952173913043478 32 59.695652173913 2.39130434782609 "郊区环境评价点" 116.106 39.937
"门头沟" 20161127 41.4583333333333 203.083333333333 1.125 30.625 48.3478260869565 7.70833333333333 "郊区环境评价点" 116.106 39.937
"门头沟" 20160412 64 78.75 0.720833333333333 63.0416666666667 31.9583333333333 3.95833333333333 "郊区环境评价点" 116.106 39.937
"门头沟" 20160213 9.75 105.083333333333 0.5875 4.34782608695652 59.25 11.375 "郊区环境评价点" 116.106 39.937
"门头沟" 20161204 135.833333333333 180.083333333333 3.47083333333333 78.2083333333333 9.47826086956522 24.9583333333333 "郊区环境评价点" 116.106 39.937
"门头沟" 20160426 74.0869565217391 103.875 1.2875 52.2916666666667 79.125 15.625 "郊区环境评价点" 116.106 39.937
"门头沟" 20161211 138.416666666667 109.608695652174 3.07916666666667 96.375 4.16666666666667 25.625 "郊区环境评价点" 116.106 39.937
"门头沟" 20161111 48.2083333333333 118.666666666667 1.03333333333333 54.5652173913044 8.91666666666667 4.70833333333333 "郊区环境评价点" 116.106 39.937
"门头沟" 20160106 45.7142857142857 76.625 2.27083333333333 28.625 34.25 14.4166666666667 "郊区环境评价点" 116.106 39.937
"门头沟" 20161218 171.166666666667 167.875 3.1875 80.0833333333333 13.8260869565217 26.4583333333333 "郊区环境评价点" 116.106 39.937
"门头沟" 20161225 148.857142857143 193.071428571429 3.01428571428571 84 5.92857142857143 31.7142857142857 "郊区环境评价点" 116.106 39.937
"门头沟" 20160312 96.7083333333333 82.1666666666667 1.71666666666667 80.4782608695652 14.9166666666667 31.375 "郊区环境评价点" 116.106 39.937
"门头沟" 20160608 112.045454545455 96.0416666666667 1.05 24.2608695652174 98.4583333333333 2 "郊区环境评价点" 116.106 39.937
"门头沟" 20160403 18.7916666666667 34.4583333333333 0.216666666666667 25.8260869565217 59.125 2.875 "郊区环境评价点" 116.106 39.937
"门头沟" 20160319 42.0416666666667 110.125 0.616666666666667 38.3333333333333 49.7916666666667 8.08333333333333 "郊区环境评价点" 116.106 39.937
"门头沟" 20160722 34.5 37.375 1.375 6.56521739130435 65.875 3.16666666666667 "郊区环境评价点" 116.106 39.937
"门头沟" 20160203 43.4166666666667 70.7083333333333 1.47916666666667 41.2173913043478 31.0416666666667 37.125 "郊区环境评价点" 116.106 39.937
"门头沟" 20160607 49.9166666666667 94.9583333333333 0.883333333333333 16.2916666666667 95.4583333333333 2 "郊区环境评价点" 116.106 39.937
"门头沟" 20160402 7.79166666666667 48.0833333333333 0.191666666666667 15.875 70.9166666666667 2 "郊区环境评价点" 116.106 39.937
"门头沟" 20160210 90.9583333333333 93.4166666666667 2.4875 51.75 27.25 50.3333333333333 "郊区环境评价点" 116.106 39.937
"门头沟" 20161201 34.4782608695652 62.4347826086956 2.42608695652174 35.1739130434783 46.5217391304348 15.0869565217391 "郊区环境评价点" 116.106 39.937
"门头沟" 20160812 63.7333333333333 128.307692307692 1.35333333333333 4.06666666666667 37.9333333333333 2.53333333333333 "郊区环境评价点" 116.106 39.937
"门头沟" 20161208 73.25 147.565217391304 1.6125 49.125 44.4782608695652 10 "郊区环境评价点" 116.106 39.937
"门头沟" 20161108 39.3333333333333 39.375 0.8625 47.25 15.8333333333333 6.625 "郊区环境评价点" 116.106 39.937
"门头沟" 20160430 117.416666666667 159.375 1.15 36.2083333333333 125 6.54166666666667 "郊区环境评价点" 116.106 39.937
"门头沟" 20161215 22.0454545454545 57.3478260869565 1.08695652173913 27.2173913043478 45.6521739130435 10.4782608695652 "郊区环境评价点" 116.106 39.937
"门头沟" 20161222 12.625 258.791666666667 0.366666666666667 9.73913043478261 66 6.75 "郊区环境评价点" 116.106 39.937
"门头沟" 20160110 52.75 87.1739130434783 1.62916666666667 49.3333333333333 18.0416666666667 25.7916666666667 "郊区环境评价点" 116.106 39.937
"门头沟" 20161107 29.1666666666667 68.0833333333333 0.558333333333333 22.6521739130435 32.3333333333333 3.79166666666667 "郊区环境评价点" 116.106 39.937
"门头沟" 20160712 32.9166666666667 96.2083333333333 0.545833333333333 18.9130434782609 61.1666666666667 2 "郊区环境评价点" 116.106 39.937
"门头沟" 20160316 218.416666666667 220.416666666667 1.67083333333333 78.1304347826087 52.625 30.8333333333333 "郊区环境评价点" 116.106 39.937
"门头沟" 20161114 32.25 104.208333333333 0.683333333333333 31.125 38 3.54166666666667 "郊区环境评价点" 116.106 39.937
"门头沟" 20160916 120.5 124.041666666667 1.0125 18.9130434782609 117.5 2 "郊区环境评价点" 116.106 39.937
"门头沟" 20161121 8.66666666666667 35.5833333333333 0.3875 11.2083333333333 62.0869565217391 2.20833333333333 "郊区环境评价点" 116.106 39.937
"门头沟" 20160406 124.125 127.347826086957 1.56666666666667 64.875 52.2083333333333 15.9583333333333 "郊区环境评价点" 116.106 39.937
"门头沟" 20160923 85.5217391304348 114.833333333333 1.0625 33.7083333333333 82.5 2 "郊区环境评价点" 116.106 39.937
"门头沟" 20161128 56.25 58.125 2.45416666666667 68.6666666666667 13.0434782608696 18.5416666666667 "郊区环境评价点" 116.106 39.937
"门头沟" 20160413 81.2916666666667 108.041666666667 0.591666666666667 46.2173913043478 52.125 4.875 "郊区环境评价点" 116.106 39.937
"门头沟" 20160214 7.66666666666667 22.5416666666667 0.554166666666667 2.29166666666667 70.5833333333333 9.66666666666667 "郊区环境评价点" 116.106 39.937
"门头沟" 20161205 58.9565217391304 137.434782608696 1.90833333333333 32.9583333333333 31.7916666666667 9.95833333333333 "郊区环境评价点" 116.106 39.937
"门头沟" 20160427 70.875 94.5652173913043 0.891666666666667 57.4782608695652 25.7083333333333 4.54166666666667 "郊区环境评价点" 116.106 39.937
"门头沟" 20161212 235.473684210526 250.105263157895 3.45789473684211 106.947368421053 5.44444444444444 30.4736842105263 "郊区环境评价点" 116.106 39.937
"门头沟" 20160329 22.3333333333333 97.3636363636364 0.241666666666667 39.1666666666667 52.875 4.91666666666667 "郊区环境评价点" 116.106 39.937
"门头沟" 20160107 7.45833333333333 30.6521739130435 0.2 8.26086956521739 54.1666666666667 6.58333333333333 "郊区环境评价点" 116.106 39.937
"门头沟" 20161219 168.041666666667 233.625 3.72916666666667 80.8571428571429 14.5416666666667 26.2916666666667 "郊区环境评价点" 116.106 39.937
"门头沟" 20161226 49.5 140.333333333333 1.32083333333333 40.8333333333333 34.304347826087 16.875 "郊区环境评价点" 116.106 39.937
"门头沟" 20160313 24.5416666666667 93.7916666666667 0.695833333333333 22.25 68.75 9.41666666666667 "郊区环境评价点" 116.106 39.937
"门头沟" 20160328 54.75 75.5 0.425 58.7391304347826 40 9.16666666666667 "郊区环境评价点" 116.106 39.937
"门头沟" 20160731 61.0833333333333 123.583333333333 1.44166666666667 13.75 59.2083333333333 2 "郊区环境评价点" 116.106 39.937
"门头沟" 20160320 65.9583333333333 84.2083333333333 0.883333333333333 65.6521739130435 29.0833333333333 9.375 "郊区环境评价点" 116.106 39.937
"门头沟" 20160723 83.125 84 1.52916666666667 6.54166666666667 87.8333333333333 2 "郊区环境评价点" 116.106 39.937
"门头沟" 20160204 9.125 36.375 0.466666666666667 5.875 73.875 12.5 "郊区环境评价点" 116.106 39.937
"门头沟" 20160219 18.625 39.7083333333333 0.8375 13 55.6666666666667 17.0833333333333 "郊区环境评价点" 116.106 39.937
"门头沟" 20161125 111.583333333333 117.5 2.64166666666667 81.25 10.2608695652174 20.5 "郊区环境评价点" 116.106 39.937
"门头沟" 20160211 127.416666666667 149.5 3.22083333333333 58.2608695652174 8.83333333333333 48.7083333333333 "郊区环境评价点" 116.106 39.937
"门头沟" 20161202 70.125 72.625 2.6 64.0416666666667 14.4782608695652 18.875 "郊区环境评价点" 116.106 39.937
"门头沟" 20160813 18.5416666666667 49.4166666666667 0.979166666666667 7.30434782608696 31.125 3 "郊区环境评价点" 116.106 39.937
"门头沟" 20161209 29.7826086956522 52.1428571428571 1.11304347826087 39.4347826086956 35.695652173913 11.5652173913043 "郊区环境评价点" 116.106 39.937
"门头沟" 20161109 130.791666666667 103.458333333333 1.81666666666667 80.7391304347826 2.66666666666667 4.91666666666667 "郊区环境评价点" 116.106 39.937
"门头沟" 20160501 164.708333333333 188.375 1.67916666666667 36.2608695652174 117.75 5.45833333333333 "郊区环境评价点" 116.106 39.937
"门头沟" 20161216 83.2916666666667 56.5 3.01666666666667 84.8333333333333 10.0434782608696 26.8333333333333 "郊区环境评价点" 116.106 39.937
"门头沟" 20161223 44 34.1875 1.72941176470588 48.7647058823529 25.5882352941176 14.8823529411765 "郊区环境评价点" 116.106 39.937
"门头沟" 20160111 6.72727272727273 43.3333333333333 0.195833333333333 6.60869565217391 61.625 2.70833333333333 "郊区环境评价点" 116.106 39.937
"门头沟" 20161123 12.6521739130435 28.5416666666667 1.05217391304348 19.8695652173913 46.1818181818182 9.04347826086956 "郊区环境评价点" 116.106 39.937
"门头沟" 20160713 12.75 49.4166666666667 0.504166666666667 13.0416666666667 94.5416666666667 2 "郊区环境评价点" 116.106 39.937
"门头沟" 20160317 311.375 329.166666666667 2.29166666666667 91.9166666666667 47.7916666666667 20.7083333333333 "郊区环境评价点" 116.106 39.937
"门头沟" 20161115 45.9473684210526 50.5 1.45 56.1304347826087 6.91304347826087 9.04166666666667 "郊区环境评价点" 116.106 39.937
"门头沟" 20160917 54.1 131.666666666667 0.785714285714286 28.5238095238095 49.4285714285714 2 "郊区环境评价点" 116.106 39.937
"门头沟" 20161122 7.875 22.4583333333333 0.4875 14.125 56.0434782608696 4.375 "郊区环境评价点" 116.106 39.937
"门头沟" 20160407 74.0952380952381 168.708333333333 0.55 32.304347826087 57.7083333333333 2.70833333333333 "郊区环境评价点" 116.106 39.937
"门头沟" 20160924 121.5 135.291666666667 0.966666666666667 43.304347826087 79.125 2 "郊区环境评价点" 116.106 39.937
"门头沟" 20161129 101.083333333333 102.625 2.9375 85.9166666666667 5.78260869565217 26.5416666666667 "郊区环境评价点" 116.106 39.937
"门头沟" 20160414 36.8095238095238 96.9090909090909 0.28695652173913 24.6521739130435 74.6086956521739 3.95652173913043 "郊区环境评价点" 116.106 39.937
"门头沟" 20160215 6.29166666666667 24.2083333333333 0.504166666666667 2.78260869565217 67.125 9.5 "郊区环境评价点" 116.106 39.937
"门头沟" 20161206 50.75 58.625 1.65833333333333 63.4583333333333 15.9130434782609 15.5416666666667 "郊区环境评价点" 116.106 39.937
"门头沟" 20160428 49.5833333333333 82.4583333333333 0.920833333333333 38.75 74.5 8.29166666666667 "郊区环境评价点" 116.106 39.937
"门头沟" 20160222 74.2380952380952 123.952380952381 1.35714285714286 28.4761904761905 43.8095238095238 20.5714285714286 "郊区环境评价点" 116.106 39.937
"门头沟" 20160330 33.1666666666667 69.5416666666667 0.554166666666667 54.8695652173913 41.7916666666667 6.41666666666667 "郊区环境评价点" 116.106 39.937
"门头沟" 20160824 76.7916666666667 110.375 1.33333333333333 15.0416666666667 46.75 3.625 "郊区环境评价点" 116.106 39.937
"门头沟" 20160229 43.5 44.5 1.27916666666667 43.3913043478261 31.4166666666667 19.7916666666667 "郊区环境评价点" 116.106 39.937
"门头沟" 20161227 42.6818181818182 54.5 1.175 34.8333333333333 39.4583333333333 8.16666666666667 "郊区环境评价点" 116.106 39.937
"门头沟" 20160115 64.0416666666667 96.4583333333333 1.475 51.4347826086956 17.5416666666667 29.9583333333333 "郊区环境评价点" 116.106 39.937
"门头沟" 20160221 63.4166666666667 42.625 1.30833333333333 33.4782608695652 37.8333333333333 29.9166666666667 "郊区环境评价点" 116.106 39.937
"门头沟" 20160801 81.3333333333333 97.2083333333333 1.46666666666667 8.34782608695652 88.1666666666667 2.04166666666667 "郊区环境评价点" 116.106 39.937
"门头沟" 20160321 94.75 101.791666666667 0.979166666666667 62.75 58.2083333333333 14.0416666666667 "郊区环境评价点" 116.106 39.937
"门头沟" 20160724 46.7368421052632 94.1111111111111 1.25833333333333 5.39130434782609 84.3333333333333 3.45833333333333 "郊区环境评价点" 116.106 39.937
"门头沟" 20160815 13.0416666666667 38.2916666666667 0.879166666666667 6.08695652173913 50.5416666666667 2.95833333333333 "郊区环境评价点" 116.106 39.937
"门头沟" 20160220 14.2083333333333 28.7391304347826 0.791666666666667 11.2083333333333 61.375 15 "郊区环境评价点" 116.106 39.937
"门头沟" 20161116 80.7826086956522 86.1818181818182 1.80869565217391 69.3478260869565 4.60869565217391 9.43478260869565 "郊区环境评价点" 116.106 39.937
"门头沟" 20160503 18.5416666666667 63.9583333333333 0.183333333333333 13.4347826086957 67.125 2 "郊区环境评价点" 116.106 39.937
"门头沟" 20160227 23.875 52.8333333333333 1.10416666666667 28.8260869565217 45 20.2916666666667 "郊区环境评价点" 116.106 39.937
"门头沟" 20160814 17.4583333333333 35.3333333333333 0.995833333333333 7.875 78.5 3.375 "郊区环境评价点" 116.106 39.937
"门头沟" 20160113 25.1666666666667 34.5 0.6 20.2608695652174 47.25 17.2083333333333 "郊区环境评价点" 116.106 39.937
"门头沟" 20161130 98.6666666666667 166.5 2.97916666666667 60.5416666666667 31.1739130434783 19.1666666666667 "郊区环境评价点" 116.106 39.937
"门头沟" 20160502 41.5833333333333 131.5 0.308333333333333 9.125 75.1666666666667 2 "郊区环境评价点" 116.106 39.937
"门头沟" 20160226 39.5 44.625 1.14166666666667 27.6666666666667 52.5833333333333 24.0416666666667 "郊区环境评价点" 116.106 39.937
"门头沟" 20161117 91.7272727272727 113.727272727273 1.72727272727273 59 2.72727272727273 2.36363636363636 "郊区环境评价点" 116.106 39.937
"门头沟" 20160112 7.45833333333333 22.7826086956522 0.2 5.04166666666667 71 2 "郊区环境评价点" 116.106 39.937
"门头沟" 20161124 56.875 42.0833333333333 2.16666666666667 57.2916666666667 21.8695652173913 19.375 "郊区环境评价点" 116.106 39.937
"门头沟" 20160714 25.0833333333333 53.9583333333333 0.6 21.7826086956522 76.9583333333333 2 "郊区环境评价点" 116.106 39.937
"门头沟" 20160318 195.5 337.583333333333 1.08333333333333 50.0434782608696 65.7083333333333 9.29166666666667 "郊区环境评价点" 116.106 39.937
"门头沟" 20160301 107.666666666667 101.083333333333 1.62916666666667 66.7083333333333 27.9583333333333 28.25 "郊区环境评价点" 116.106 39.937
"门头沟" 20160918 NA NA NA NA NA NA "郊区环境评价点" 116.106 39.937
"门头沟" 20160217 42.0416666666667 36.2916666666667 1.49583333333333 37.3478260869565 39.875 20.375 "郊区环境评价点" 116.106 39.937
"门头沟" 20160408 14.1666666666667 55.125 0.208333333333333 26.7083333333333 71.6666666666667 2.95833333333333 "郊区环境评价点" 116.106 39.937
"门头沟" 20160925 166.666666666667 201.458333333333 1.375 41.2083333333333 59.0416666666667 2 "郊区环境评价点" 116.106 39.937
"门头沟" 20160322 99.875 149.375 1.22083333333333 64.3913043478261 36.5833333333333 21.25 "郊区环境评价点" 116.106 39.937
"门头沟" 20160415 47.3333333333333 77.3333333333333 0.783333333333333 53.695652173913 46.375 10.5833333333333 "郊区环境评价点" 116.106 39.937
"门头沟" 20160216 6.91666666666667 39.625 0.55 3.54166666666667 74.6666666666667 11.4583333333333 "郊区环境评价点" 116.106 39.937
"门头沟" 20161207 87.6086956521739 91.1739130434783 2.23913043478261 81.9130434782609 23.0869565217391 20.6086956521739 "郊区环境评价点" 116.106 39.937
"门头沟" 20160429 93.2083333333333 85.9166666666667 1.025 53.6086956521739 80.7083333333333 9.75 "郊区环境评价点" 116.106 39.937
"门头沟" 20160223 12.375 41.625 0.7125 10.1739130434783 61.875 15.7083333333333 "郊区环境评价点" 116.106 39.937
"门头沟" 20160331 142.541666666667 120.833333333333 1.39166666666667 74.375 55.8333333333333 25.375 "郊区环境评价点" 116.106 39.937
"门头沟" 20160825 11.0833333333333 66.9166666666667 0.741666666666667 5.21739130434783 51.4166666666667 4.29166666666667 "郊区环境评价点" 116.106 39.937
"门头沟" 20160114 83.7916666666667 75.3333333333333 1.76666666666667 51.5 27 34.1666666666667 "郊区环境评价点" 116.106 39.937
"门头沟" 20161228 33.7916666666667 73.75 0.8875 23.625 45.3913043478261 6.29166666666667 "郊区环境评价点" 116.106 39.937
"门头沟" 20160116 147.583333333333 158.125 2.55833333333333 60.1666666666667 8.625 34.625 "郊区环境评价点" 116.106 39.937
"门头沟" 20160421 54.6363636363636 92.7272727272727 0.513636363636364 46.6666666666667 65.0909090909091 4.5 "郊区环境评价点" 116.106 39.937
"门头沟" 20160802 37.1363636363636 82.8 1.16363636363636 4.90909090909091 89.8636363636364 2.13636363636364 "郊区环境评价点" 116.106 39.937
"门头沟" 20160920 13.3333333333333 29.5416666666667 0.325 27.7391304347826 43.1666666666667 2 "郊区环境评价点" 116.106 39.937
"门头沟" 20160725 37.9230769230769 64.8 1.21304347826087 5.56521739130435 48.304347826087 2 "郊区环境评价点" 116.106 39.937
"门头沟" 20160816 18.6521739130435 31.0434782608696 1.05217391304348 11.8695652173913 53.8695652173913 2.78260869565217 "郊区环境评价点" 116.106 39.937
"门头沟" 20160420 73.5238095238095 102 0.914285714285714 51.3809523809524 66.1428571428571 8.14285714285714 "郊区环境评价点" 116.106 39.937
"门头沟" 20160324 11.7083333333333 23.0833333333333 0.220833333333333 17 65.2916666666667 3.29166666666667 "郊区环境评价点" 116.106 39.937
"门头沟" 20160504 19.4545454545455 57.9166666666667 0.320833333333333 31.7916666666667 70.7083333333333 3.29166666666667 "郊区环境评价点" 116.106 39.937
"门头沟" 20160228 30.9166666666667 53.5833333333333 1.4125 27.7083333333333 47.0416666666667 14.375 "郊区环境评价点" 116.106 39.937
"门头沟" 20160729 96.9166666666667 84.1666666666667 1.47916666666667 5.79166666666667 106.333333333333 2 "郊区环境评价点" 116.106 39.937
"门头沟" 20160820 41.875 53.25 1.29166666666667 7.20833333333333 87.5416666666667 3.04166666666667 "郊区环境评价点" 116.106 39.937
"门头沟" 20160225 23.6666666666667 40.1666666666667 0.970833333333333 17.695652173913 51.875 19.3333333333333 "郊区环境评价点" 116.106 39.937
"门头沟" 20160416 27.125 74.4583333333333 0.1625 9.66666666666667 75.4583333333333 2.04166666666667 "郊区环境评价点" 116.106 39.937
"门头沟" 20160822 55.2916666666667 76.2916666666667 1.35833333333333 14.5 78.75 3.91666666666667 "郊区环境评价点" 116.106 39.937
"门头沟" 20161118 226.833333333333 204.166666666667 3.9 116.166666666667 2.83333333333333 24 "郊区环境评价点" 116.106 39.937
"门头沟" 20160819 15.8333333333333 48.4166666666667 1.32083333333333 5.30434782608696 63.0833333333333 3.20833333333333 "郊区环境评价点" 116.106 39.937
"门头沟" 20160224 23.6666666666667 31.0833333333333 1.1625 20.625 48.6666666666667 18.9166666666667 "郊区环境评价点" 116.106 39.937
"门头沟" 20160730 135.761904761905 184.15 1.75714285714286 15.45 50.8571428571429 2.0952380952381 "郊区环境评价点" 116.106 39.937
"门头沟" 20160821 46.375 71.7916666666667 1.25 7.52173913043478 98.75 3.375 "郊区环境评价点" 116.106 39.937
"门头沟" 20160804 73.7916666666667 74.0833333333333 1.49166666666667 7.08333333333333 114.833333333333 2 "郊区环境评价点" 116.106 39.937
"门头沟" 20160919 7.7 22.1666666666667 0.3 14.5 53.25 2 "郊区环境评价点" 116.106 39.937
"门头沟" 20160218 18.7083333333333 53.625 0.795833333333333 12.4583333333333 67.7916666666667 16.9583333333333 "郊区环境评价点" 116.106 39.937
"门头沟" 20160422 25.2083333333333 95.875 0.183333333333333 16.0833333333333 87.2083333333333 2.33333333333333 "郊区环境评价点" 116.106 39.937
"门头沟" 20160803 34.7142857142857 58.7222222222222 1.12380952380952 5.52380952380952 110.142857142857 2.47619047619048 "郊区环境评价点" 116.106 39.937
"门头沟" 20160323 14.375 85.7916666666667 0.320833333333333 19.2916666666667 71.9166666666667 3.20833333333333 "郊区环境评价点" 116.106 39.937
"门头沟" 20160726 15.9166666666667 41.4583333333333 1.05833333333333 13 51.1666666666667 5.41666666666667 "郊区环境评价点" 116.106 39.937
"门头沟" 20160303 224.833333333333 218.333333333333 2.69583333333333 97.3333333333333 21.3333333333333 33.875 "郊区环境评价点" 116.106 39.937
"门头沟" 20160325 15.6363636363636 28.4761904761905 0.322727272727273 26 61.3636363636364 4.40909090909091 "郊区环境评价点" 116.106 39.937
"门头沟" 20160326 11.0416666666667 37.625 0.275 15.4347826086957 65.5416666666667 2.54166666666667 "郊区环境评价点" 116.106 39.937
"门头沟" 20160418 12.9 30.9444444444444 0.29 13.65 86.7 2.35 "郊区环境评价点" 116.106 39.937
"门头沟" 20160401 40.2916666666667 161.625 0.304166666666667 22.6086956521739 62.7083333333333 5.08333333333333 "郊区环境评价点" 116.106 39.937
"门头沟" 20160302 147.25 171.125 2.02083333333333 96.8260869565217 22.875 26.2916666666667 "郊区环境评价点" 116.106 39.937
"门头沟" 20160327 13.0833333333333 32.0416666666667 0.304166666666667 23.6666666666667 69.0833333333333 2.83333333333333 "郊区环境评价点" 116.106 39.937
"门头沟" 20160727 31.3181818181818 58.5833333333333 1.12916666666667 7.91666666666667 96.125 2.04166666666667 "郊区环境评价点" 116.106 39.937
"门头沟" 20160117 49.9166666666667 145.416666666667 0.616666666666667 18.6086956521739 57.4166666666667 3.41666666666667 "郊区环境评价点" 116.106 39.937
"门头沟" 20160823 82.2916666666667 79.875 1.2375 18.695652173913 48.5833333333333 3.75 "郊区环境评价点" 116.106 39.937
"门头沟" 20160818 64.9583333333333 98 2.0125 8.875 30.375 3.04166666666667 "郊区环境评价点" 116.106 39.937
"门头沟" 20160419 63.3157894736842 64.7058823529412 1.17894736842105 73.8421052631579 20.5789473684211 15.1052631578947 "郊区环境评价点" 116.106 39.937
"门头沟" 20160119 89.7083333333333 77.4166666666667 0.652173913043478 43.5454545454545 92.0869565217391 22.9565217391304 "郊区环境评价点" 116.106 39.937
"门头沟" 20160817 56.7916666666667 55.375 1.25416666666667 19.4347826086957 15.2916666666667 3.04166666666667 "郊区环境评价点" 116.106 39.937
"门头沟" 20160728 41.0526315789474 65.4166666666667 1.12916666666667 5.43478260869565 79.125 2.08333333333333 "郊区环境评价点" 116.106 39.937
"门头沟" 20160118 8.70833333333333 50.5833333333333 0.220833333333333 4.95833333333333 103.608695652174 2 "郊区环境评价点" 116.106 39.937
"门头沟" 20160417 10.875 39.4761904761905 0.229166666666667 8.56521739130435 80.5 2 "郊区环境评价点" 116.106 39.937
