"昌平" 20160512 29.4583333333333 137.875 0.333333333333333 29.75 54.9583333333333 2 "郊区环境评价点" 116.23 40.217
"昌平" 20160615 14.4166666666667 35.375 0.508333333333333 26.2916666666667 81.9583333333333 2 "郊区环境评价点" 116.23 40.217
"昌平" 20160114 32.125 51.875 1.15833333333333 56.4583333333333 27.0833333333333 20.375 "郊区环境评价点" 116.23 40.217
"昌平" 20160115 75.3333333333333 77.4166666666667 2.11666666666667 85.875 9.875 30.9583333333333 "郊区环境评价点" 116.23 40.217
"昌平" 20161021 44.4166666666667 70.9583333333333 0.8 38.5 16.1666666666667 2 "郊区环境评价点" 116.23 40.217
"昌平" 20160614 30.4166666666667 49.75 0.545833333333333 30.4166666666667 49.4583333333333 2.54166666666667 "郊区环境评价点" 116.23 40.217
"昌平" 20161019 191.173913043478 197.478260869565 2.38260869565217 76.4347826086957 22.695652173913 3.8695652173913 "郊区环境评价点" 116.23 40.217
"昌平" 20160113 15.75 37.2916666666667 0.629166666666667 37.875 44.4583333333333 8.95833333333333 "郊区环境评价点" 116.23 40.217
"昌平" 20160514 35.75 54.25 0.420833333333333 33.5833333333333 55.9166666666667 2.70833333333333 "郊区环境评价点" 116.23 40.217
"昌平" 20161112 88.9583333333333 99.6666666666667 2.0875 73.3333333333333 6.75 10.4583333333333 "郊区环境评价点" 116.23 40.217
"昌平" 20160120 95 91.875 2.82083333333333 79.125 6.95833333333333 35.9583333333333 "郊区环境评价点" 116.23 40.217
"昌平" 20160710 80.375 109.434782608696 0.908333333333333 19.6666666666667 138.333333333333 3.5 "郊区环境评价点" 116.23 40.217
"昌平" 20160513 24.5 44.0416666666667 0.408333333333333 36.2083333333333 59.7916666666667 5.45833333333333 "郊区环境评价点" 116.23 40.217
"昌平" 20160610 36 90.0833333333333 0.520833333333333 23.4583333333333 91.75 2.58333333333333 "郊区环境评价点" 116.23 40.217
"昌平" 20161020 100.5 223.708333333333 1.17916666666667 48.2916666666667 15.7916666666667 4 "郊区环境评价点" 116.23 40.217
"昌平" 20160119 44.0833333333333 54.25 1.53333333333333 60.2916666666667 19.75 18.9583333333333 "郊区环境评价点" 116.23 40.217
"昌平" 20160515 19.4583333333333 48.2083333333333 0.391666666666667 25.5416666666667 42.5 2.75 "郊区环境评价点" 116.23 40.217
"昌平" 20160609 104.047619047619 155.4 1.00952380952381 34.8571428571429 136.095238095238 4.19047619047619 "郊区环境评价点" 116.23 40.217
"昌平" 20161022 15.9166666666667 46.0416666666667 0.566666666666667 28.9166666666667 19.4166666666667 2.83333333333333 "郊区环境评价点" 116.23 40.217
"昌平" 20160121 106.571428571429 128.041666666667 2.41666666666667 73.5833333333333 10.125 18.4166666666667 "郊区环境评价点" 116.23 40.217
"昌平" 20160118 11.625 42.375 0.541666666666667 24.7083333333333 46.6666666666667 5.29166666666667 "郊区环境评价点" 116.23 40.217
"昌平" 20160611 7 32.5416666666667 0.420833333333333 22.8333333333333 71.0416666666667 2.25 "郊区环境评价点" 116.23 40.217
"昌平" 20160616 17.6666666666667 43.7916666666667 0.441666666666667 29.7916666666667 63.4583333333333 2.83333333333333 "郊区环境评价点" 116.23 40.217
"昌平" 20160613 31.2727272727273 66.5833333333333 0.379166666666667 23.7727272727273 62.375 2 "郊区环境评价点" 116.23 40.217
"昌平" 20160608 93.3333333333333 100.291666666667 0.975 36.5833333333333 114.625 2.54166666666667 "郊区环境评价点" 116.23 40.217
"昌平" 20161109 130.625 91.9583333333333 2.52083333333333 74.4583333333333 2.20833333333333 11.4166666666667 "郊区环境评价点" 116.23 40.217
"昌平" 20160112 13.4583333333333 35.3913043478261 0.516666666666667 29.0833333333333 43.25 7.41666666666667 "郊区环境评价点" 116.23 40.217
"昌平" 20160509 30.0833333333333 72.5416666666667 0.375 32.875 45.75 3.33333333333333 "郊区环境评价点" 116.23 40.217
"昌平" 20161111 56 102.583333333333 1.425 56.125 10.7083333333333 8.91666666666667 "郊区环境评价点" 116.23 40.217
"昌平" 20160928 11.3809523809524 30.125 0.470833333333333 22.3333333333333 40.125 3 "郊区环境评价点" 116.23 40.217
"昌平" 20160116 116.666666666667 137.5 2.45 88.5416666666667 7.58333333333333 35.4583333333333 "郊区环境评价点" 116.23 40.217
"昌平" 20161118 177.625 187.916666666667 3.65416666666667 88.7916666666667 2 14.7916666666667 "郊区环境评价点" 116.23 40.217
"昌平" 20161123 20.2727272727273 27.25 0.768181818181818 27.1666666666667 25.7083333333333 10.0416666666667 "郊区环境评价点" 116.23 40.217
"昌平" 20161110 146.875 231.875 2.46666666666667 81.4583333333333 9.25 9.70833333333333 "郊区环境评价点" 116.23 40.217
"昌平" 20160212 136.333333333333 195.291666666667 2.45833333333333 64.625 17.5 9.79166666666667 "郊区环境评价点" 116.23 40.217
"昌平" 20161002 171.333333333333 229.958333333333 1.36666666666667 85.9583333333333 66.9166666666667 5.29166666666667 "郊区环境评价点" 116.23 40.217
"昌平" 20160907 37.3571428571429 57.5 0.714285714285714 42.5 90.6428571428571 4 "郊区环境评价点" 116.23 40.217
"昌平" 20161016 148.5 226.5 1.4 65.0416666666667 15.75 2.95833333333333 "郊区环境评价点" 116.23 40.217
"昌平" 20160415 51 68.6666666666667 0.904166666666667 58.6666666666667 36.7916666666667 12.2916666666667 "郊区环境评价点" 116.23 40.217
"昌平" 20160117 34.6666666666667 102.083333333333 0.970833333333333 46.4583333333333 45.125 9.04166666666667 "郊区环境评价点" 116.23 40.217
"昌平" 20161023 26.5416666666667 44.4583333333333 0.733333333333333 46.625 7.91666666666667 2.125 "郊区环境评价点" 116.23 40.217
"昌平" 20161116 93.5217391304348 96.1818181818182 2.2695652173913 80.2173913043478 3.1304347826087 17.2608695652174 "郊区环境评价点" 116.23 40.217
"昌平" 20160607 58.875 93.125 0.729166666666667 38.625 85.125 2 "郊区环境评价点" 116.23 40.217
"昌平" 20160516 15.4166666666667 32.0416666666667 0.583333333333333 32.625 61.4166666666667 2.375 "郊区环境评价点" 116.23 40.217
"昌平" 20161113 84.5 105.208333333333 1.85 61.8333333333333 2.5 7.33333333333333 "郊区环境评价点" 116.23 40.217
"昌平" 20160908 13.0416666666667 46.875 0.6 41.6666666666667 39.375 4.875 "郊区环境评价点" 116.23 40.217
"昌平" 20160711 71.1666666666667 97.375 0.7375 24.2083333333333 132.041666666667 3.41666666666667 "郊区环境评价点" 116.23 40.217
"昌平" 20160606 69.2083333333333 99.7916666666667 0.766666666666667 32.375 132.333333333333 5.75 "郊区环境评价点" 116.23 40.217
"昌平" 20161120 54.5833333333333 98.9166666666667 1.24583333333333 36.5833333333333 8.875 2.33333333333333 "郊区环境评价点" 116.23 40.217
"昌平" 20160123 8.70833333333333 40.0416666666667 0.741666666666667 14.0416666666667 56 4.79166666666667 "郊区环境评价点" 116.23 40.217
"昌平" 20160922 81 97.125 1.04583333333333 37.375 58.8333333333333 4.5 "郊区环境评价点" 116.23 40.217
"昌平" 20160929 38.1739130434783 43.125 0.6 48.5833333333333 51.8333333333333 3.16666666666667 "郊区环境评价点" 116.23 40.217
"昌平" 20160307 26.3181818181818 106.916666666667 0.795833333333333 59.6 43.0952380952381 6.41666666666667 "郊区环境评价点" 116.23 40.217
"昌平" 20161119 102 207.583333333333 1.55833333333333 48.3333333333333 20.8333333333333 8.16666666666667 "郊区环境评价点" 116.23 40.217
"昌平" 20160122 10.7083333333333 82.625 0.5875 27.2083333333333 47.25 6.54166666666667 "郊区环境评价点" 116.23 40.217
"昌平" 20160921 50.9166666666667 47.625 0.8125 55.4583333333333 30.2916666666667 2.875 "郊区环境评价点" 116.23 40.217
"昌平" 20160612 66.4166666666667 62.9583333333333 0.9125 33.625 118.25 4.83333333333333 "郊区环境评价点" 116.23 40.217
"昌平" 20160617 17.9583333333333 34.9583333333333 0.454166666666667 24.4583333333333 66.4166666666667 2.25 "郊区环境评价点" 116.23 40.217
"昌平" 20161012 81.6363636363636 106 1.31666666666667 64.125 14.125 3.75 "郊区环境评价点" 116.23 40.217
"昌平" 20161005 48.5 47 1.375 50.875 29.0416666666667 2 "郊区环境评价点" 116.23 40.217
"昌平" 20161210 55.875 54.9166666666667 1.8375 63.5 4.875 17.125 "郊区环境评价点" 116.23 40.217
"昌平" 20160106 17.5416666666667 31.875 0.829166666666667 39.75 33.9166666666667 11.9583333333333 "郊区环境评价点" 116.23 40.217
"昌平" 20160510 33.875 46.9166666666667 0.383333333333333 33.5 78.2083333333333 2.16666666666667 "郊区环境评价点" 116.23 40.217
"昌平" 20161117 119.041666666667 141.791666666667 2.79583333333333 74.125 2.83333333333333 18.0416666666667 "郊区环境评价点" 116.23 40.217
"昌平" 20160912 27.5 36.4583333333333 0.770833333333333 32.5625 61.7916666666667 3 "郊区环境评价点" 116.23 40.217
"昌平" 20160517 45.4583333333333 65.9166666666667 0.516666666666667 35.5416666666667 116.875 9.5 "郊区环境评价点" 116.23 40.217
"昌平" 20160105 14.4583333333333 21.0416666666667 0.741666666666667 32.2083333333333 42.1666666666667 7.04166666666667 "郊区环境评价点" 116.23 40.217
"昌平" 20161124 52.625 46.3333333333333 1.225 57.9583333333333 14.2916666666667 17 "郊区环境评价点" 116.23 40.217
"昌平" 20160904 86.4166666666667 75.0833333333333 1.27916666666667 35.625 97.1666666666667 3.29166666666667 "郊区环境评价点" 116.23 40.217
"昌平" 20160213 10.4583333333333 95.875 0.370833333333333 34.2916666666667 51.875 4.41666666666667 "郊区环境评价点" 116.23 40.217
"昌平" 20161003 141.625 216.125 1.24583333333333 82.1666666666667 57.7916666666667 2.25 "郊区环境评价点" 116.23 40.217
"昌平" 20160918 20.2916666666667 39.5 0.6375 28.2916666666667 18.1666666666667 2.83333333333333 "郊区环境评价点" 116.23 40.217
"昌平" 20161017 43.5416666666667 120.291666666667 0.9375 49.4583333333333 28.9583333333333 2.20833333333333 "郊区环境评价点" 116.23 40.217
"昌平" 20160416 27.75 82.0833333333333 0.329166666666667 26.625 55.1666666666667 2.20833333333333 "郊区环境评价点" 116.23 40.217
"昌平" 20161115 46.9166666666667 55.3333333333333 1.40416666666667 52.5 7.70833333333333 13.9166666666667 "郊区环境评价点" 116.23 40.217
"昌平" 20161024 49.0416666666667 54.6666666666667 1.17916666666667 49.0416666666667 4.25 3.54166666666667 "郊区环境评价点" 116.23 40.217
"昌平" 20160826 7.58333333333333 22.0416666666667 0.866666666666667 24.4166666666667 53.9583333333333 2.08333333333333 "郊区环境评价点" 116.23 40.217
"昌平" 20160103 235.125 281.541666666667 4.35833333333333 98.5833333333333 6.54166666666667 10.75 "郊区环境评价点" 116.23 40.217
"昌平" 20160507 21.2083333333333 46.4583333333333 0.295833333333333 24.7083333333333 76.5833333333333 2.91666666666667 "郊区环境评价点" 116.23 40.217
"昌平" 20161114 43.1304347826087 110.416666666667 1.225 35.5217391304348 25.5416666666667 3.70833333333333 "郊区环境评价点" 116.23 40.217
"昌平" 20160909 11.75 30.4166666666667 0.683333333333333 30.9166666666667 44.9583333333333 5.29166666666667 "郊区环境评价点" 116.23 40.217
"昌平" 20160712 27.0833333333333 80.2083333333333 0.6125 19.2083333333333 64.2916666666667 2.75 "郊区环境评价点" 116.23 40.217
"昌平" 20160911 21.8333333333333 43.4583333333333 0.545833333333333 29.8333333333333 72.3333333333333 2 "郊区环境评价点" 116.23 40.217
"昌平" 20161121 11.8333333333333 34.9583333333333 0.433333333333333 15.6666666666667 40.6666666666667 3.33333333333333 "郊区环境评价点" 116.23 40.217
"昌平" 20160124 10.8333333333333 77.1666666666667 0.3625 17.2916666666667 45.9166666666667 5.66666666666667 "郊区环境评价点" 116.23 40.217
"昌平" 20160923 103.291666666667 118.208333333333 1.0375 34.5833333333333 98.2083333333333 2.04166666666667 "郊区环境评价点" 116.23 40.217
"昌平" 20160930 92.125 90.4166666666667 0.85 73.0833333333333 70.5833333333333 4.70833333333333 "郊区环境评价点" 116.23 40.217
"昌平" 20160308 9.11111111111111 34.7857142857143 0.4 31.7222222222222 63.8333333333333 2.77777777777778 "郊区环境评价点" 116.23 40.217
"昌平" 20161014 243 218.291666666667 2 75.625 40.625 4.83333333333333 "郊区环境评价点" 116.23 40.217
"昌平" 20161007 34.0416666666667 71.5833333333333 1.95416666666667 49.7083333333333 8.79166666666667 2.08333333333333 "郊区环境评价点" 116.23 40.217
"昌平" 20161212 234.578947368421 243.421052631579 3.45263157894737 110.263157894737 2.31578947368421 26.6842105263158 "郊区环境评价点" 116.23 40.217
"昌平" 20160214 9.91666666666667 19.1666666666667 0.641666666666667 27.2083333333333 57.2916666666667 3.20833333333333 "郊区环境评价点" 116.23 40.217
"昌平" 20160618 29.125 53.25 0.520833333333333 32.4583333333333 95.0416666666667 3.5 "郊区环境评价点" 116.23 40.217
"昌平" 20161013 122.75 136.041666666667 1.37083333333333 53 45.7083333333333 2.45833333333333 "郊区环境评价点" 116.23 40.217
"昌平" 20161006 68.25 87.9583333333333 1.97916666666667 52.5833333333333 4.04166666666667 3.75 "郊区环境评价点" 116.23 40.217
"昌平" 20161211 136.583333333333 112.304347826087 2.82083333333333 88.4166666666667 2.875 25.1666666666667 "郊区环境评价点" 116.23 40.217
"昌平" 20160107 13.7916666666667 35.1739130434783 0.808333333333333 32.125 41.5833333333333 8.125 "郊区环境评价点" 116.23 40.217
"昌平" 20160511 151.875 119.5 1.00416666666667 35.3333333333333 103.75 6.75 "郊区环境评价点" 116.23 40.217
"昌平" 20160906 11 30.5882352941176 0.577777777777778 32.2777777777778 34.8333333333333 5.94444444444444 "郊区环境评价点" 116.23 40.217
"昌平" 20160913 85.3333333333333 67.625 1.25 37.1428571428571 81.9583333333333 2.5 "郊区环境评价点" 116.23 40.217
"昌平" 20160518 57.8333333333333 78.75 0.408333333333333 35.375 111.791666666667 6.41666666666667 "郊区环境评价点" 116.23 40.217
"昌平" 20160920 16.5416666666667 25.5 0.533333333333333 37.125 41.6666666666667 2.95833333333333 "郊区环境评价点" 116.23 40.217
"昌平" 20161125 120.583333333333 124.041666666667 2.69166666666667 83.625 2.33333333333333 19 "郊区环境评价点" 116.23 40.217
"昌平" 20160905 27 86.375 0.491666666666667 38.75 47.125 2.25 "郊区环境评价点" 116.23 40.217
"昌平" 20161011 87.375 114.041666666667 1.21666666666667 66.2916666666667 26.125 3.875 "郊区环境评价点" 116.23 40.217
"昌平" 20161004 33.2083333333333 103.958333333333 1.28333333333333 40.4166666666667 18.25 3 "郊区环境评价点" 116.23 40.217
"昌平" 20160919 8.75 21.9583333333333 0.545833333333333 27.6666666666667 36.875 2 "郊区环境评价点" 116.23 40.217
"昌平" 20161018 116.818181818182 104 1.85416666666667 67.1818181818182 5.39130434782609 4.33333333333333 "郊区环境评价点" 116.23 40.217
"昌平" 20160417 12.4583333333333 52.5238095238095 0.454166666666667 26.375 60.0416666666667 3.16666666666667 "郊区环境评价点" 116.23 40.217
"昌平" 20161010 68.4583333333333 67.875 0.995833333333333 73.4583333333333 15.5 6.625 "郊区环境评价点" 116.23 40.217
"昌平" 20161025 78.8333333333333 87.5833333333333 1.51363636363636 66.8695652173913 2.73913043478261 2.59090909090909 "郊区环境评价点" 116.23 40.217
"昌平" 20160827 11.5217391304348 30.7916666666667 0.5125 33.875 38.7083333333333 5.58333333333333 "郊区环境评价点" 116.23 40.217
"昌平" 20160104 11.8260869565217 147.782608695652 0.5875 39.7083333333333 47.6666666666667 6.33333333333333 "郊区环境评价点" 116.23 40.217
"昌平" 20160508 59.2916666666667 62.9166666666667 0.6125 44.7083333333333 78.8333333333333 9.375 "郊区环境评价点" 116.23 40.217
"昌平" 20161009 29 42.7083333333333 1.00833333333333 58.1666666666667 17.5 2.75 "郊区环境评价点" 116.23 40.217
"昌平" 20160910 13.9583333333333 31.25 0.575 39.7916666666667 48.625 6.16666666666667 "郊区环境评价点" 116.23 40.217
"昌平" 20160713 12.6086956521739 35 0.461904761904762 21.8260869565217 80.0869565217391 2 "郊区环境评价点" 116.23 40.217
"昌平" 20160310 11.625 45.125 0.476190476190476 31.1363636363636 47.4583333333333 4.83333333333333 "郊区环境评价点" 116.23 40.217
"昌平" 20161122 10.7916666666667 23.2083333333333 0.754166666666667 19.375 41.125 4.70833333333333 "郊区环境评价点" 116.23 40.217
"昌平" 20160125 17.125 57.5 0.2625 31.125 44.0833333333333 12.0416666666667 "郊区环境评价点" 116.23 40.217
"昌平" 20160924 72.3333333333333 104.041666666667 0.995833333333333 31.125 95.75 3.08333333333333 "郊区环境评价点" 116.23 40.217
"昌平" 20161001 164.666666666667 166.166666666667 1.29583333333333 100.333333333333 76.5416666666667 6.29166666666667 "郊区环境评价点" 116.23 40.217
"昌平" 20160309 10.9565217391304 24.0952380952381 0.539130434782609 34.9130434782609 53.8695652173913 4.21739130434783 "郊区环境评价点" 116.23 40.217
"昌平" 20161015 206.166666666667 297.833333333333 1.93333333333333 68.0833333333333 4.875 2.16666666666667 "郊区环境评价点" 116.23 40.217
"昌平" 20161008 10.75 34.6666666666667 0.608333333333333 30.9583333333333 33.375 3.70833333333333 "郊区环境评价点" 116.23 40.217
"昌平" 20161213 81.875 227.625 1.6375 57.875 14.0833333333333 15.2916666666667 "郊区环境评价点" 116.23 40.217
"昌平" 20160215 8.75 35.875 0.358333333333333 25.75 54.6666666666667 3.33333333333333 "郊区环境评价点" 116.23 40.217
"昌平" 20160619 36.6666666666667 64.5416666666667 0.516666666666667 31.375 117.083333333333 2.5 "郊区环境评价点" 116.23 40.217
"昌平" 20160101 128.75 123.208333333333 3.05416666666667 112.708333333333 3.75 19.8333333333333 "郊区环境评价点" 116.23 40.217
"昌平" 20160505 53.6363636363636 69.0416666666667 0.69 45.375 66.2083333333333 11.0833333333333 "郊区环境评价点" 116.23 40.217
"昌平" 20160831 11.5 45.375 0.491666666666667 29.8333333333333 57.5833333333333 4.83333333333333 "郊区环境评价点" 116.23 40.217
"昌平" 20160108 15.9090909090909 28.1666666666667 0.730434782608696 33.75 37.4583333333333 10.4166666666667 "郊区环境评价点" 116.23 40.217
"昌平" 20161105 170 247 3.45833333333333 97 10.5833333333333 5.95833333333333 "郊区环境评价点" 116.23 40.217
"昌平" 20160703 63.125 75.7916666666667 1.0375 31.7083333333333 133.291666666667 4.16666666666667 "郊区环境评价点" 116.23 40.217
"昌平" 20160914 90.5416666666667 137.958333333333 1.2125 39.1666666666667 81.6666666666667 3.29166666666667 "郊区环境评价点" 116.23 40.217
"昌平" 20160519 81.6086956521739 100.086956521739 0.678260869565217 36 134.173913043478 8.26086956521739 "郊区环境评价点" 116.23 40.217
"昌平" 20160314 57.1739130434783 58.695652173913 1.26086956521739 63.0869565217391 30.0434782608696 13.8260869565217 "郊区环境评价点" 116.23 40.217
"昌平" 20161126 162.541666666667 190.166666666667 2.82916666666667 94.875 7.95833333333333 13.4583333333333 "郊区环境评价点" 116.23 40.217
"昌平" 20160404 46.3333333333333 61.625 0.654166666666667 44.625 66.125 6.16666666666667 "郊区环境评价点" 116.23 40.217
"昌平" 20160321 84.625 85.1666666666667 1.00833333333333 68.2083333333333 58 11.7083333333333 "郊区环境评价点" 116.23 40.217
"昌平" 20160807 13 62.7 0.726086956521739 17.4782608695652 73.4782608695652 3.1304347826087 "郊区环境评价点" 116.23 40.217
"昌平" 20160411 34.8 105.888888888889 0.681818181818182 47.5 52.3636363636364 8.16666666666667 "郊区环境评价点" 116.23 40.217
"昌平" 20161225 158.333333333333 192.428571428571 2.84666666666667 94.6 2.26666666666667 21.8 "郊区环境评价点" 116.23 40.217
"昌平" 20160418 15.7 36.6111111111111 0.490909090909091 18.5 66.75 2.3 "郊区环境评价点" 116.23 40.217
"昌平" 20161217 124.291666666667 116.666666666667 3.08333333333333 93.5 2.70833333333333 24.75 "郊区环境评价点" 116.23 40.217
"昌平" 20161026 39.7 87.1111111111111 0.94375 44.6111111111111 8.1 3.1 "郊区环境评价点" 116.23 40.217
"昌平" 20160828 8.875 29.2916666666667 0.3125 23.7916666666667 56.7083333333333 3.41666666666667 "郊区环境评价点" 116.23 40.217
"昌平" 20161224 117.5 87.5 2.65416666666667 84.4583333333333 2.125 17.6666666666667 "郊区环境评价点" 116.23 40.217
"昌平" 20160707 94.6666666666667 109.333333333333 1.3 26.9583333333333 157.458333333333 4.625 "郊区环境评价点" 116.23 40.217
"昌平" 20160304 291.916666666667 336.583333333333 4.10833333333333 116.125 11.0833333333333 26.9583333333333 "郊区环境评价点" 116.23 40.217
"昌平" 20160926 51.625 119.347826086957 1.18333333333333 36.5833333333333 40.75 3.29166666666667 "郊区环境评价点" 116.23 40.217
"昌平" 20160714 30.0833333333333 47.1666666666667 0.820833333333333 36.9166666666667 80.2083333333333 3.20833333333333 "郊区环境评价点" 116.23 40.217
"昌平" 20160311 20.1666666666667 57.375 0.575 33.8333333333333 53.4583333333333 3.625 "郊区环境评价点" 116.23 40.217
"昌平" 20161223 27.6111111111111 29.5 0.761111111111111 36.0555555555556 22.0555555555556 9.11111111111111 "郊区环境评价点" 116.23 40.217
"昌平" 20160126 30.0416666666667 51.625 0.9375 51 33.625 20.5416666666667 "郊区环境评价点" 116.23 40.217
"昌平" 20160925 136 159.666666666667 1.50416666666667 55.625 48.4166666666667 2.125 "郊区环境评价点" 116.23 40.217
"昌平" 20161130 85.75 151 2.2375 60.2083333333333 20.25 8.41666666666667 "郊区环境评价点" 116.23 40.217
"昌平" 20160408 12.9166666666667 59.375 0.529166666666667 31.2083333333333 67.4166666666667 3.95833333333333 "郊区环境评价点" 116.23 40.217
"昌平" 20161222 43.8695652173913 286.5 1.06666666666667 33 39.304347826087 3.66666666666667 "郊区环境评价点" 116.23 40.217
"昌平" 20160811 87.3181818181818 108.652173913043 1.20869565217391 30.304347826087 100 4.25 "郊区环境评价点" 116.23 40.217
"昌平" 20161214 21.125 45.4583333333333 0.929166666666667 36.125 34.7083333333333 9.125 "郊区环境评价点" 116.23 40.217
"昌平" 20160216 7.75 60.125 0.333333333333333 25.5416666666667 59.375 3.625 "郊区环境评价点" 116.23 40.217
"昌平" 20160620 78.7916666666667 88.75 0.820833333333333 24.4583333333333 130 3.875 "郊区环境评价点" 116.23 40.217
"昌平" 20160102 193.086956521739 207.545454545455 4.15652173913043 110.434782608696 6.26086956521739 19.304347826087 "郊区环境评价点" 116.23 40.217
"昌平" 20160506 50.1666666666667 156.083333333333 0.283333333333333 18.8333333333333 74.375 2.08333333333333 "郊区环境评价点" 116.23 40.217
"昌平" 20160901 6.81818181818182 31.4166666666667 0.666666666666667 34.625 41.9473684210526 3.29166666666667 "郊区环境评价点" 116.23 40.217
"昌平" 20160109 71.7916666666667 67.25 2.49166666666667 77.7083333333333 9.125 26.7083333333333 "郊区环境评价点" 116.23 40.217
"昌平" 20161106 73.4166666666667 169.833333333333 1.18333333333333 57.5833333333333 19.8333333333333 6.95833333333333 "郊区环境评价点" 116.23 40.217
"昌平" 20160704 126.272727272727 142.695652173913 1.33913043478261 24.8695652173913 136.434782608696 3.45 "郊区环境评价点" 116.23 40.217
"昌平" 20160915 35.5416666666667 73.3333333333333 0.854166666666667 34.3333333333333 74.75 5.08333333333333 "郊区环境评价点" 116.23 40.217
"昌平" 20160520 89.1739130434783 119.217391304348 1.01739130434783 41.1739130434783 151.304347826087 14.0869565217391 "郊区环境评价点" 116.23 40.217
"昌平" 20160315 105.809523809524 97.8095238095238 1.7047619047619 82.5714285714286 21.7142857142857 25.9047619047619 "郊区环境评价点" 116.23 40.217
"昌平" 20161127 46.5416666666667 154.25 0.916666666666667 38.3333333333333 28.3333333333333 9.16666666666667 "郊区环境评价点" 116.23 40.217
"昌平" 20160405 76.9166666666667 88.4166666666667 0.854166666666667 48.9166666666667 81.9583333333333 12.4583333333333 "郊区环境评价点" 116.23 40.217
"昌平" 20160322 86.0833333333333 129.083333333333 1.1625 70.25 33.0416666666667 16.4583333333333 "郊区环境评价点" 116.23 40.217
"昌平" 20160808 19.9444444444444 31.8235294117647 0.783333333333333 24.1111111111111 70.1111111111111 2 "郊区环境评价点" 116.23 40.217
"昌平" 20160412 75.0416666666667 92.7083333333333 0.7625 53.75 30.4583333333333 2.95833333333333 "郊区环境评价点" 116.23 40.217
"昌平" 20161226 48.2727272727273 149.545454545455 1.28571428571429 44.4761904761905 26.0952380952381 18.7142857142857 "郊区环境评价点" 116.23 40.217
"昌平" 20160419 71.4210526315789 66.5882352941177 1.33157894736842 59.9473684210526 31.9473684210526 16.8947368421053 "郊区环境评价点" 116.23 40.217
"昌平" 20161218 210.458333333333 224.875 3.80416666666667 96.75 3.125 20.7916666666667 "郊区环境评价点" 116.23 40.217
"昌平" 20161027 31.1666666666667 63.25 0.529166666666667 29.2916666666667 6.20833333333333 2.29166666666667 "郊区环境评价点" 116.23 40.217
"昌平" 20160829 14.7916666666667 35.2916666666667 0.45 30.125 70.375 3.29166666666667 "郊区环境评价点" 116.23 40.217
"昌平" 20160313 19.4166666666667 85.6666666666667 0.579166666666667 37.6666666666667 58 6.08333333333333 "郊区环境评价点" 116.23 40.217
"昌平" 20160708 82.9166666666667 115.791666666667 1.28333333333333 25.5833333333333 121.541666666667 5.41666666666667 "郊区环境评价点" 116.23 40.217
"昌平" 20160305 43.4583333333333 238.708333333333 0.529166666666667 55.75 54.4166666666667 3.875 "郊区环境评价点" 116.23 40.217
"昌平" 20160927 20.4583333333333 57.625 0.775 21.4166666666667 43.5416666666667 2.08333333333333 "郊区环境评价点" 116.23 40.217
"昌平" 20160715 28.5833333333333 48.1666666666667 0.604166666666667 23.125 62.4583333333333 2 "郊区环境评价点" 116.23 40.217
"昌平" 20160312 87.4166666666667 73.125 1.675 81 16.4583333333333 20.5 "郊区环境评价点" 116.23 40.217
"昌平" 20160204 11.7083333333333 33.0416666666667 0.529166666666667 33.5416666666667 62.7916666666667 7.58333333333333 "郊区环境评价点" 116.23 40.217
"昌平" 20160127 70.125 75 2.03333333333333 82.25 10.5 30.4166666666667 "郊区环境评价点" 116.23 40.217
"昌平" 20161216 56.5 55.1666666666667 1.89583333333333 74.4166666666667 3.79166666666667 21.5416666666667 "郊区环境评价点" 116.23 40.217
"昌平" 20161201 21.4583333333333 57.4583333333333 0.808333333333333 34.5416666666667 29.75 8.79166666666667 "郊区环境评价点" 116.23 40.217
"昌平" 20160409 37.8333333333333 98.9583333333333 0.8375 51.375 45.875 6.95833333333333 "郊区环境评价点" 116.23 40.217
"昌平" 20160203 36.7916666666667 46.4583333333333 1.30416666666667 53.1666666666667 38.7083333333333 21.2916666666667 "郊区环境评价点" 116.23 40.217
"昌平" 20160812 90.3076923076923 129.166666666667 1.39285714285714 69.1428571428571 31.7142857142857 2 "郊区环境评价点" 116.23 40.217
"昌平" 20161215 18.5833333333333 51.3333333333333 0.620833333333333 28.9583333333333 29.125 10 "郊区环境评价点" 116.23 40.217
"昌平" 20160217 29.125 39.2083333333333 0.833333333333333 48 40.7916666666667 13.6666666666667 "郊区环境评价点" 116.23 40.217
"昌平" 20160621 59.7916666666667 94.3333333333333 0.579166666666667 19.5833333333333 122.166666666667 2.5 "郊区环境评价点" 116.23 40.217
"昌平" 20160706 75.75 113.75 1.02083333333333 28.2083333333333 143.666666666667 3.54166666666667 "郊区环境评价点" 116.23 40.217
"昌平" 20161031 13.125 37.9583333333333 0.65 17.0869565217391 37.9545454545455 3.29411764705882 "郊区环境评价点" 116.23 40.217
"昌平" 20160902 9.125 21.375 0.354166666666667 31.25 22.625 3.45833333333333 "郊区环境评价点" 116.23 40.217
"昌平" 20160110 76.125 113.913043478261 2.35833333333333 65.1666666666667 22.875 23.6666666666667 "郊区环境评价点" 116.23 40.217
"昌平" 20161107 30.2083333333333 73.5833333333333 0.769565217391304 31.1739130434783 23.5 4.25 "郊区环境评价点" 116.23 40.217
"昌平" 20160705 83.8333333333333 127.375 1.14583333333333 23.9583333333333 147.5 3.66666666666667 "郊区环境评价点" 116.23 40.217
"昌平" 20160916 107.5 103.125 1.25833333333333 32.3333333333333 99.5833333333333 4.04166666666667 "郊区环境评价点" 116.23 40.217
"昌平" 20160521 67.2916666666667 106.583333333333 0.745833333333333 36.375 126 13.1666666666667 "郊区环境评价点" 116.23 40.217
"昌平" 20160316 198.666666666667 204.25 1.98333333333333 94.75 37.5 26.1666666666667 "郊区环境评价点" 116.23 40.217
"昌平" 20161128 55.2083333333333 57.2916666666667 1.75416666666667 67.75 6.75 17.3333333333333 "郊区环境评价点" 116.23 40.217
"昌平" 20160406 97.8333333333333 100.739130434783 2.10833333333333 81.3333333333333 41.9583333333333 27.2083333333333 "郊区环境评价点" 116.23 40.217
"昌平" 20160323 7.78260869565217 70.7826086956522 0.308695652173913 19.6086956521739 74.6521739130435 2 "郊区环境评价点" 116.23 40.217
"昌平" 20160809 40.3333333333333 82.7333333333333 1.25333333333333 26 171.6 5.06666666666667 "郊区环境评价点" 116.23 40.217
"昌平" 20160413 82.25 123.041666666667 0.645833333333333 46.7916666666667 43.625 4.95833333333333 "郊区环境评价点" 116.23 40.217
"昌平" 20161227 36.0833333333333 36.75 0.883333333333333 33.875 27.695652173913 10.0833333333333 "郊区环境评价点" 116.23 40.217
"昌平" 20160420 78.1428571428571 109.75 0.609523809523809 45.8095238095238 67.1428571428571 7.52380952380952 "郊区环境评价点" 116.23 40.217
"昌平" 20161219 173.416666666667 236.083333333333 3.475 88.5833333333333 4.66666666666667 20.2083333333333 "郊区环境评价点" 116.23 40.217
"昌平" 20161028 12.5416666666667 42.4166666666667 0.133333333333333 18.625 30.2916666666667 3.04166666666667 "郊区环境评价点" 116.23 40.217
"昌平" 20160830 19.9583333333333 44.25 0.295833333333333 28.7083333333333 101.041666666667 2.125 "郊区环境评价点" 116.23 40.217
"昌平" 20160206 16.9166666666667 32.5833333333333 0.745833333333333 38.8333333333333 52.1666666666667 11 "郊区环境评价点" 116.23 40.217
"昌平" 20160709 65.5217391304348 106.95652173913 0.756521739130435 23.1739130434783 126.478260869565 2.95652173913043 "郊区环境评价点" 116.23 40.217
"昌平" 20160306 54.25 125.666666666667 1.24166666666667 82.9583333333333 24 19.5 "郊区环境评价点" 116.23 40.217
"昌平" 20160702 21.9166666666667 41.875 0.683333333333333 29.125 96.125 2.83333333333333 "郊区环境评价点" 116.23 40.217
"昌平" 20160716 25.375 36.0416666666667 0.741666666666667 29.2916666666667 40.1666666666667 2.83333333333333 "郊区环境评价点" 116.23 40.217
"昌平" 20160205 10.6666666666667 27.7916666666667 0.445833333333333 33 57.5833333333333 7.875 "郊区环境评价点" 116.23 40.217
"昌平" 20160602 88.0434782608696 106.416666666667 0.675 40.375 134.833333333333 5.54166666666667 "郊区环境评价点" 116.23 40.217
"昌平" 20160128 81.7083333333333 111.791666666667 1.6 74.7391304347826 19.9166666666667 28.75 "郊区环境评价点" 116.23 40.217
"昌平" 20160701 7.83333333333333 33.75 0.429166666666667 15.4583333333333 79.4583333333333 2 "郊区环境评价点" 116.23 40.217
"昌平" 20161202 77.0416666666667 68.5416666666667 2.46666666666667 75.5 4.04166666666667 18.5 "郊区环境评价点" 116.23 40.217
"昌平" 20160410 45.9583333333333 145.5 0.879166666666667 48.4166666666667 58.625 6.70833333333333 "郊区环境评价点" 116.23 40.217
"昌平" 20160425 98.3636363636364 130.954545454545 0.654545454545455 36.5454545454545 89.3181818181818 10.2272727272727 "郊区环境评价点" 116.23 40.217
"昌平" 20160813 17.7916666666667 50.2083333333333 0.8125 35.2083333333333 19.3333333333333 4.41666666666667 "郊区环境评价点" 116.23 40.217
"昌平" 20160630 42.1666666666667 103.833333333333 0.6 23.7916666666667 77.8333333333333 2.70833333333333 "郊区环境评价点" 116.23 40.217
"昌平" 20160218 13.5 44.625 0.525 39.4166666666667 57.5833333333333 6.33333333333333 "郊区环境评价点" 116.23 40.217
"昌平" 20160622 56.9166666666667 85.875 0.679166666666667 28.4166666666667 120.625 2.45833333333333 "郊区环境评价点" 116.23 40.217
"昌平" 20160424 83.6666666666667 79 0.891666666666667 62.75 56 14.7083333333333 "郊区环境评价点" 116.23 40.217
"昌平" 20161101 39.6666666666667 42.9583333333333 0.716666666666667 46.7391304347826 10.4166666666667 7.63636363636364 "郊区环境评价点" 116.23 40.217
"昌平" 20160903 16.125 29.7916666666667 0.204166666666667 32.6666666666667 55.8333333333333 2.375 "郊区环境评价点" 116.23 40.217
"昌平" 20160111 12.875 49.0833333333333 0.645833333333333 35.4583333333333 47.4583333333333 8.70833333333333 "郊区环境评价点" 116.23 40.217
"昌平" 20161108 31.3333333333333 38.0833333333333 0.975 41.5 19.3333333333333 9.20833333333333 "郊区环境评价点" 116.23 40.217
"昌平" 20160202 14.7083333333333 29.375 0.620833333333333 34.3333333333333 54.5833333333333 9.95833333333333 "郊区环境评价点" 116.23 40.217
"昌平" 20160917 33.9166666666667 92.9583333333333 0.716666666666667 36.625 27.5416666666667 2 "郊区环境评价点" 116.23 40.217
"昌平" 20160522 42.875 78.6666666666667 0.620833333333333 38.2916666666667 122.666666666667 5.70833333333333 "郊区环境评价点" 116.23 40.217
"昌平" 20160317 260.125 287.833333333333 2.34583333333333 113.708333333333 38.9166666666667 20.2916666666667 "郊区环境评价点" 116.23 40.217
"昌平" 20161129 100.666666666667 102.833333333333 2.75217391304348 74.5833333333333 2.29166666666667 17.625 "郊区环境评价点" 116.23 40.217
"昌平" 20160407 43.625 131.916666666667 0.608333333333333 35.25 53.8333333333333 5.375 "郊区环境评价点" 116.23 40.217
"昌平" 20160324 8.41666666666667 20.9583333333333 0.416666666666667 23.25 62.9583333333333 3.66666666666667 "郊区环境评价点" 116.23 40.217
"昌平" 20160810 68.4545454545455 76.95 1.04545454545455 26.4090909090909 113.772727272727 2.09090909090909 "郊区环境评价点" 116.23 40.217
"昌平" 20160414 26.9565217391304 85.4545454545455 0.430434782608696 27.2173913043478 74.6521739130435 2.78260869565217 "郊区环境评价点" 116.23 40.217
"昌平" 20161228 36.875 70.0833333333333 0.829166666666667 31.0833333333333 26.9565217391304 9.54166666666667 "郊区环境评价点" 116.23 40.217
"昌平" 20160421 72.9523809523809 103.428571428571 0.557142857142857 43.4285714285714 64.7142857142857 5.04761904761905 "郊区环境评价点" 116.23 40.217
"昌平" 20161220 383.75 330.608695652174 8.15416666666667 131.25 2.5 10 "郊区环境评价点" 116.23 40.217
"昌平" 20161029 24.304347826087 35.9130434782609 0.126086956521739 34.1304347826087 18.4782608695652 3.95652173913043 "郊区环境评价点" 116.23 40.217
"昌平" 20160626 32.5 60 0.6375 36 115.625 4.04166666666667 "郊区环境评价点" 116.23 40.217
"昌平" 20160207 34.4166666666667 45.875 0.729166666666667 36.6666666666667 52.5833333333333 16.6666666666667 "郊区环境评价点" 116.23 40.217
"昌平" 20160229 33.6666666666667 37.1666666666667 0.691666666666667 48.2727272727273 40.8333333333333 13.2083333333333 "郊区环境评价点" 116.23 40.217
"昌平" 20160130 31.4166666666667 73.5416666666667 0.95 49.9166666666667 32.5416666666667 15.8333333333333 "郊区环境评价点" 116.23 40.217
"昌平" 20160527 37 52.2916666666667 0.525 34.5 97.875 9.91666666666667 "郊区环境评价点" 116.23 40.217
"昌平" 20160717 61.2173913043478 66.9565217391304 1.09565217391304 24.7391304347826 119.521739130435 2.39130434782609 "郊区环境评价点" 116.23 40.217
"昌平" 20160625 14.5652173913043 29.4347826086957 0.552173913043478 20.2173913043478 86.304347826087 2.30434782608696 "郊区环境评价点" 116.23 40.217
"昌平" 20160603 91.4545454545455 120.291666666667 0.895 62.5 113.380952380952 11.0416666666667 "郊区环境评价点" 116.23 40.217
"昌平" 20160129 79.25 106.75 2.3375 75.4583333333333 10.3333333333333 32.0833333333333 "郊区环境评价点" 116.23 40.217
"昌平" 20160526 20.9166666666667 45.1666666666667 0.3625 41.5833333333333 62.3333333333333 2.20833333333333 "郊区环境评价点" 116.23 40.217
"昌平" 20161203 144.666666666667 134.583333333333 2.89583333333333 98.2916666666667 3.33333333333333 17.75 "郊区环境评价点" 116.23 40.217
"昌平" 20160624 6.78260869565217 42.5 0.433333333333333 19.125 62.375 3.54166666666667 "郊区环境评价点" 116.23 40.217
"昌平" 20160426 93.5416666666667 128 1.26666666666667 50.5416666666667 87.5 18.9583333333333 "郊区环境评价点" 116.23 40.217
"昌平" 20160814 10.9583333333333 33.7916666666667 0.808333333333333 25.1666666666667 70.5 3.91666666666667 "郊区环境评价点" 116.23 40.217
"昌平" 20160525 12.4583333333333 30.375 0.3 23.6666666666667 73.7916666666667 2.70833333333333 "郊区环境评价点" 116.23 40.217
"昌平" 20160219 22 43.3913043478261 0.765217391304348 39.7826086956522 43.9130434782609 7.56521739130435 "郊区环境评价点" 116.23 40.217
"昌平" 20160623 62.2272727272727 98.1666666666667 0.870833333333333 34.3333333333333 82.35 2.33333333333333 "郊区环境评价点" 116.23 40.217
"昌平" 20160209 42.2916666666667 57.0416666666667 1.19583333333333 49.2083333333333 42.6666666666667 19.375 "郊区环境评价点" 116.23 40.217
"昌平" 20161102 68.5833333333333 79.7916666666667 1.03333333333333 60.375 12.9166666666667 6.125 "郊区环境评价点" 116.23 40.217
"昌平" 20160524 14.2083333333333 54.0833333333333 0.345833333333333 34.6666666666667 56.75 2.375 "郊区环境评价点" 116.23 40.217
"昌平" 20160319 39.4166666666667 79.0833333333333 0.95 54.5 38.2083333333333 9.66666666666667 "郊区环境评价点" 116.23 40.217
"昌平" 20160729 103.458333333333 93 1.375 40.2083333333333 119.958333333333 2 "郊区环境评价点" 116.23 40.217
"昌平" 20160627 47.625 72.2916666666667 0.5625 37.75 109.583333333333 3.25 "郊区环境评价点" 116.23 40.217
"昌平" 20160531 68.6842105263158 111.7 0.96 31.55 85.35 12.1176470588235 "郊区环境评价点" 116.23 40.217
"昌平" 20160523 58.625 76.5 0.775 46.4583333333333 66.9583333333333 9.625 "郊区环境评价点" 116.23 40.217
"昌平" 20160318 127.458333333333 271.75 1.18333333333333 56.5833333333333 50.875 9.70833333333333 "郊区环境评价点" 116.23 40.217
"昌平" 20160728 31.8333333333333 68.75 0.779166666666667 26.2916666666667 117.25 3.20833333333333 "郊区环境评价点" 116.23 40.217
"昌平" 20160423 21.5 40.5833333333333 0.341666666666667 21.625 69.0416666666667 2.625 "郊区环境评价点" 116.23 40.217
"昌平" 20160530 71.0416666666667 89.875 1.03333333333333 44.2916666666667 154.25 8.625 "郊区环境评价点" 116.23 40.217
"昌平" 20161207 83.8695652173913 102.478260869565 2.05217391304348 70.2173913043478 15 14.7391304347826 "郊区环境评价点" 116.23 40.217
"昌平" 20160816 19.5 37.5416666666667 0.591666666666667 26.9583333333333 76.6666666666667 2 "郊区环境评价点" 116.23 40.217
"昌平" 20160401 27.9166666666667 146.916666666667 0.345833333333333 31.625 56.4583333333333 5.79166666666667 "郊区环境评价点" 116.23 40.217
"昌平" 20160422 34.4166666666667 75.2916666666667 0.395238095238095 22.0416666666667 73.75 2.08333333333333 "郊区环境评价点" 116.23 40.217
"昌平" 20161221 414.25 430.416666666667 8.225 150.416666666667 3.125 12.625 "郊区环境评价点" 116.23 40.217
"昌平" 20161030 31.6086956521739 60.5217391304348 0.304347826086957 31.7826086956522 25.695652173913 5.04347826086957 "郊区环境评价点" 116.23 40.217
"昌平" 20160815 13.7916666666667 34.9583333333333 0.604166666666667 28.875 57.6666666666667 2.875 "郊区环境评价点" 116.23 40.217
"昌平" 20160208 122.727272727273 202.666666666667 1.28333333333333 46.25 44.625 43.625 "郊区环境评价点" 116.23 40.217
"昌平" 20160301 95.2083333333333 90.3333333333333 1.67083333333333 86.5833333333333 17.125 23.1666666666667 "郊区环境评价点" 116.23 40.217
"昌平" 20160131 13.0833333333333 26.5833333333333 0.616666666666667 33.375 51.5 8.75 "郊区环境评价点" 116.23 40.217
"昌平" 20160528 62.4583333333333 86.4166666666667 0.725 38.5416666666667 120.5 9.33333333333333 "郊区环境评价点" 116.23 40.217
"昌平" 20160718 93.625 113 1.23333333333333 31.5416666666667 98.9166666666667 3.91666666666667 "郊区环境评价点" 116.23 40.217
"昌平" 20160428 76.625 117.291666666667 0.854166666666667 51.4166666666667 81.4166666666667 5.66666666666667 "郊区环境评价点" 116.23 40.217
"昌平" 20160604 86.0416666666667 122.375 0.9 39.75 139 12.0416666666667 "郊区环境评价点" 116.23 40.217
"昌平" 20160730 113.285714285714 164.95 2.00952380952381 49.2857142857143 71.9523809523809 2.14285714285714 "郊区环境评价点" 116.23 40.217
"昌平" 20160628 54.1666666666667 69.9583333333333 0.3875 28.1666666666667 61.7083333333333 2.70833333333333 "郊区环境评价点" 116.23 40.217
"昌平" 20161204 143.25 218.25 3.0125 84.7916666666667 8.41666666666667 14.9583333333333 "郊区环境评价点" 116.23 40.217
"昌平" 20160801 52.2083333333333 68.0833333333333 1.15833333333333 27.4583333333333 97.8333333333333 2.70833333333333 "郊区环境评价点" 116.23 40.217
"昌平" 20160427 90.695652173913 118.545454545455 0.921739130434783 65.3913043478261 48.695652173913 6.43478260869565 "郊区环境评价点" 116.23 40.217
"昌平" 20160403 14.25 33.125 0.495833333333333 28.6666666666667 59.5833333333333 3.625 "郊区环境评价点" 116.23 40.217
"昌平" 20160228 29.9166666666667 47.625 0.654166666666667 46.7083333333333 44.5 4.75 "郊区环境评价点" 116.23 40.217
"昌平" 20160220 15.0833333333333 30.6521739130435 0.633333333333333 25.75 54.4166666666667 8.5 "郊区环境评价点" 116.23 40.217
"昌平" 20160731 39.25 91.6666666666667 1.01666666666667 35.125 72.1666666666667 2 "郊区环境评价点" 116.23 40.217
"昌平" 20160210 73.0833333333333 84.875 2.15833333333333 64.2083333333333 30.25 32.625 "郊区环境评价点" 116.23 40.217
"昌平" 20161103 130.375 109.416666666667 1.77916666666667 91.5833333333333 5.41666666666667 8.625 "郊区环境评价点" 116.23 40.217
"昌平" 20160227 17.1304347826087 46 0.560869565217391 46.4347826086956 48.1304347826087 10.1739130434783 "郊区环境评价点" 116.23 40.217
"昌平" 20160320 49 81.5833333333333 0.7875 54.875 38.0833333333333 7.54166666666667 "郊区环境评价点" 116.23 40.217
"昌平" 20160224 24.0416666666667 40.875 0.8625 38.3478260869565 42.2083333333333 9.52631578947368 "郊区环境评价点" 116.23 40.217
"昌平" 20160330 20.6666666666667 50.125 0.568421052631579 43.7916666666667 55.5833333333333 7.25 "郊区环境评价点" 116.23 40.217
"昌平" 20160601 73.304347826087 89.7391304347826 0.669565217391304 39.6521739130435 94.4347826086957 3.94117647058824 "郊区环境评价点" 116.23 40.217
"昌平" 20161209 19.6086956521739 50.8095238095238 0.717391304347826 34.4347826086956 25.7826086956522 10.2608695652174 "郊区环境评价点" 116.23 40.217
"昌平" 20160211 160.791666666667 162.291666666667 3.82916666666667 84.7083333333333 5.41666666666667 36.2083333333333 "郊区环境评价点" 116.23 40.217
"昌平" 20160529 20.4782608695652 61.4347826086956 0.408695652173913 23.0869565217391 96.3913043478261 3.1304347826087 "郊区环境评价点" 116.23 40.217
"昌平" 20160719 63.0909090909091 108.772727272727 1.03636363636364 34.0454545454545 45 2.04545454545455 "郊区环境评价点" 116.23 40.217
"昌平" 20160820 37.375 49.5833333333333 0.975 24.375 85.7916666666667 2 "郊区环境评价点" 116.23 40.217
"昌平" 20161208 83.9583333333333 141.782608695652 2.14583333333333 59.4583333333333 28.3333333333333 8.5 "郊区环境评价点" 116.23 40.217
"昌平" 20160817 43.2916666666667 49.2916666666667 0.883333333333333 36.625 32.8333333333333 2.79166666666667 "郊区环境评价点" 116.23 40.217
"昌平" 20160402 7.33333333333333 45.0833333333333 0.3375 20.2083333333333 71.75 2.41666666666667 "郊区环境评价点" 116.23 40.217
"昌平" 20160303 225.791666666667 210.666666666667 3.1875 114.666666666667 25.6666666666667 32.625 "郊区环境评价点" 116.23 40.217
"昌平" 20160819 12.125 45.1666666666667 0.954166666666667 15.4166666666667 59.4583333333333 2.79166666666667 "郊区环境评价点" 116.23 40.217
"昌平" 20160824 63.695652173913 91.0434782608696 1.06086956521739 33.1304347826087 92.9130434782609 2.34782608695652 "郊区环境评价点" 116.23 40.217
"昌平" 20160325 8.95454545454546 23.7619047619048 0.445454545454545 22.8181818181818 73.7272727272727 2.40909090909091 "郊区环境评价点" 116.23 40.217
"昌平" 20160430 131.916666666667 196.75 1.11666666666667 59.1666666666667 121.25 6 "郊区环境评价点" 116.23 40.217
"昌平" 20160302 131.217391304348 156.304347826087 1.91739130434783 99.4347826086957 23.3913043478261 24.3478260869565 "郊区环境评价点" 116.23 40.217
"昌平" 20160201 11.4090909090909 21.5416666666667 0.529166666666667 32.8333333333333 51.1666666666667 7.875 "郊区环境评价点" 116.23 40.217
"昌平" 20160502 47.2727272727273 161.681818181818 0.322727272727273 19.4545454545455 52.4545454545455 2 "郊区环境评价点" 116.23 40.217
"昌平" 20161104 221.875 241.458333333333 3.14583333333333 128.458333333333 4.16666666666667 5.54166666666667 "郊区环境评价点" 116.23 40.217
"昌平" 20160429 118.695652173913 103.695652173913 1.17391304347826 53.1739130434783 87.6521739130435 11.2608695652174 "郊区环境评价点" 116.23 40.217
"昌平" 20160605 80.5416666666667 113.916666666667 0.854166666666667 46.4166666666667 135.625 11.1666666666667 "郊区环境评价点" 116.23 40.217
"昌平" 20160225 23.625 53.4583333333333 0.779166666666667 45.0833333333333 34.6666666666667 13.0833333333333 "郊区环境评价点" 116.23 40.217
"昌平" 20160629 96.4166666666667 104.625 0.583333333333333 27.625 94.0416666666667 2 "郊区环境评价点" 116.23 40.217
"昌平" 20161205 52.5 136.826086956522 1.09583333333333 34.4166666666667 27.75 6.625 "郊区环境评价点" 116.23 40.217
"昌平" 20160802 33.0909090909091 63.4 0.9 17.6818181818182 90.7272727272727 2 "郊区环境评价点" 116.23 40.217
"昌平" 20160503 23.0833333333333 63.7083333333333 0.370833333333333 28.2083333333333 53.5833333333333 3.125 "郊区环境评价点" 116.23 40.217
"昌平" 20160723 91.4166666666667 104.708333333333 1.18333333333333 24.8333333333333 100.375 2 "郊区环境评价点" 116.23 40.217
"昌平" 20160720 26.375 64.2916666666667 0.8125 22.8333333333333 34.8333333333333 2.75 "郊区环境评价点" 116.23 40.217
"昌平" 20160221 61.7083333333333 52.3333333333333 1.17916666666667 60.6666666666667 30.2916666666667 19.7083333333333 "郊区环境评价点" 116.23 40.217
"昌平" 20160226 30.875 46.5 0.820833333333333 50.7916666666667 42.9166666666667 13.875 "郊区环境评价点" 116.23 40.217
"昌平" 20160818 55.4347826086956 76.4347826086957 1.6 31.1304347826087 32.695652173913 2 "郊区环境评价点" 116.23 40.217
"昌平" 20160722 52.375 58.5 1.11666666666667 18.875 91.9583333333333 2.66666666666667 "郊区环境评价点" 116.23 40.217
"昌平" 20161206 61.0434782608696 60.0416666666667 2.05416666666667 72 6.04166666666667 17.0416666666667 "郊区环境评价点" 116.23 40.217
"昌平" 20160504 32.5 54.75 0.645833333333333 45.5833333333333 59.625 3.91666666666667 "郊区环境评价点" 116.23 40.217
"昌平" 20160825 9.625 54.2083333333333 0.554166666666667 16.5416666666667 58.0416666666667 2.79166666666667 "郊区环境评价点" 116.23 40.217
"昌平" 20160331 114.166666666667 100.166666666667 1.37083333333333 76.15 62.5714285714286 29.5 "郊区环境评价点" 116.23 40.217
"昌平" 20160328 37.9583333333333 66.75 0.833333333333333 64.9166666666667 30.375 8.875 "郊区环境评价点" 116.23 40.217
"昌平" 20160222 60.75 107.304347826087 1.08333333333333 68.8333333333333 36 11.4583333333333 "郊区环境评价点" 116.23 40.217
"昌平" 20160726 17.0909090909091 38.4166666666667 0.775 26.875 67.625 4.83333333333333 "郊区环境评价点" 116.23 40.217
"昌平" 20160327 12.5217391304348 32.3478260869565 0.578260869565217 38.8695652173913 54.7391304347826 5.8695652173913 "郊区环境评价点" 116.23 40.217
"昌平" 20160326 8.54166666666667 23.7916666666667 0.454166666666667 23 65.2916666666667 5.08333333333333 "郊区环境评价点" 116.23 40.217
"昌平" 20160821 40.4583333333333 71.4166666666667 0.945833333333333 26.875 123 2.75 "郊区环境评价点" 116.23 40.217
"昌平" 20160725 39.4615384615385 60.4 0.852173913043478 32.4347826086956 54.3913043478261 2 "郊区环境评价点" 116.23 40.217
"昌平" 20160724 31.3157894736842 86.3333333333333 0.870833333333333 25.25 77.8333333333333 6.41666666666667 "郊区环境评价点" 116.23 40.217
"昌平" 20160727 26.1666666666667 57.5833333333333 0.845833333333333 27.7083333333333 110.875 2.16666666666667 "郊区环境评价点" 116.23 40.217
"昌平" 20160329 11.5909090909091 83.5 0.445454545454545 33.1363636363636 61 2.95454545454545 "郊区环境评价点" 116.23 40.217
"昌平" 20160803 25.7619047619048 46.3888888888889 0.761904761904762 21.2380952380952 105.666666666667 2.80952380952381 "郊区环境评价点" 116.23 40.217
"昌平" 20160223 12.6521739130435 47.625 0.485714285714286 31 56.2083333333333 7.16666666666667 "郊区环境评价点" 116.23 40.217
"昌平" 20160823 65.7083333333333 72.8333333333333 1.07916666666667 35.4166666666667 72.5833333333333 3.16666666666667 "郊区环境评价点" 116.23 40.217
"昌平" 20160501 196.565217391304 201.95652173913 1.85217391304348 39.3913043478261 127.869565217391 12.7391304347826 "郊区环境评价点" 116.23 40.217
"昌平" 20160822 54.1666666666667 73.75 1.15833333333333 28.4583333333333 108.625 2.45833333333333 "郊区环境评价点" 116.23 40.217
"昌平" 20160805 62.75 102.75 0.9625 21.625 95.75 3.625 "郊区环境评价点" 116.23 40.217
"昌平" 20160804 70.9583333333333 81.7083333333333 1.32083333333333 28.2083333333333 140.958333333333 2 "郊区环境评价点" 116.23 40.217
"昌平" 20160806 83.9130434782609 102.190476190476 1.01304347826087 25.3913043478261 112.913043478261 2 "郊区环境评价点" 116.23 40.217
"昌平" 20160721 15.75 21.125 0.841666666666667 24.7916666666667 34.2916666666667 2 "郊区环境评价点" 116.23 40.217
