"榆垡" 20161031 14.3333333333333 44.5833333333333 0.545833333333333 15.5 39.5833333333333 2.125 "对照点及区域点" 116.3 39.52
"榆垡" 20160505 60.9545454545455 68.0833333333333 1.69565217391304 48.75 94.2083333333333 20.0833333333333 "对照点及区域点" 116.3 39.52
"榆垡" 20160526 28.4166666666667 59.4583333333333 0.491666666666667 33.2916666666667 91.375 2.125 "对照点及区域点" 116.3 39.52
"榆垡" 20160529 50.9166666666667 83.5416666666667 0.808333333333333 25.125 121.125 5.20833333333333 "对照点及区域点" 116.3 39.52
"榆垡" 20161029 28.3333333333333 37.2083333333333 0.7625 23 21.3333333333333 5.66666666666667 "对照点及区域点" 116.3 39.52
"榆垡" 20160603 95.7826086956522 108.913043478261 1.39565217391304 33.695652173913 165.086956521739 21.6521739130435 "对照点及区域点" 116.3 39.52
"榆垡" 20161228 103.708333333333 148 1.4875 43.9166666666667 23.0833333333333 9.45833333333333 "对照点及区域点" 116.3 39.52
"榆垡" 20160525 17.9166666666667 54.625 0.408333333333333 25.3333333333333 103.375 2 "对照点及区域点" 116.3 39.52
"榆垡" 20161219 446.230769230769 416.461538461538 6.33076923076923 107.461538461538 10.8461538461538 6 "对照点及区域点" 116.3 39.52
"榆垡" 20160602 44.2272727272727 91.8260869565217 0.826086956521739 33.3478260869565 147.478260869565 11.3478260869565 "对照点及区域点" 116.3 39.52
"榆垡" 20161227 85.875 115.791666666667 1.47916666666667 47.5 24.6666666666667 5.20833333333333 "对照点及区域点" 116.3 39.52
"榆垡" 20160725 22 83.2 0.88695652173913 8.47619047619048 NA 2.65 "对照点及区域点" 116.3 39.52
"榆垡" 20160527 69 84.0833333333333 0.941666666666667 46.75 108.875 20.375 "对照点及区域点" 116.3 39.52
"榆垡" 20161225 226.307692307692 234.846153846154 3.87692307692308 84.3076923076923 5.15384615384615 34 "对照点及区域点" 116.3 39.52
"榆垡" 20161224 130.695652173913 125.583333333333 2.175 51.7083333333333 22.0833333333333 21.875 "对照点及区域点" 116.3 39.52
"榆垡" 20160531 37.5263157894737 150.857142857143 0.771428571428571 23.952380952381 108.714285714286 8.57142857142857 "对照点及区域点" 116.3 39.52
"榆垡" 20160808 34.6111111111111 42.1764705882353 1.17222222222222 11.3888888888889 70.6111111111111 3.61111111111111 "对照点及区域点" 116.3 39.52
"榆垡" 20160524 26.3478260869565 79.625 0.5 25.1666666666667 82.2916666666667 2.79166666666667 "对照点及区域点" 116.3 39.52
"榆垡" 20160506 89.1304347826087 177.208333333333 0.3125 21.3333333333333 96.6666666666667 2.375 "对照点及区域点" 116.3 39.52
"榆垡" 20160624 3 60.0833333333333 0.5875 16.2916666666667 73.5833333333333 2.20833333333333 "对照点及区域点" 116.3 39.52
"榆垡" 20161101 78.3636363636364 75.6521739130435 1.37826086956522 43.0869565217391 20.0869565217391 6.65217391304348 "对照点及区域点" 116.3 39.52
"榆垡" 20160530 142 128.166666666667 1.37083333333333 33.5 175.375 18.9583333333333 "对照点及区域点" 116.3 39.52
"榆垡" 20160614 43.9583333333333 79.4583333333333 1.01304347826087 19.5416666666667 80.2916666666667 2 "对照点及区域点" 116.3 39.52
"榆垡" 20160123 14.7826086956522 65.1304347826087 0.621739130434783 18.0952380952381 52.7619047619048 6.69565217391304 "对照点及区域点" 116.3 39.52
"榆垡" 20160601 32.5833333333333 83.9583333333333 0.7875 37.375 100.958333333333 6.20833333333333 "对照点及区域点" 116.3 39.52
"榆垡" 20160826 12.8260869565217 31.7916666666667 0.3625 17.7916666666667 36.9565217391304 2 "对照点及区域点" 116.3 39.52
"榆垡" 20160507 20.9583333333333 67.375 0.404166666666667 38.3333333333333 86.2083333333333 2.66666666666667 "对照点及区域点" 116.3 39.52
"榆垡" 20160705 79.75 117.916666666667 1.42916666666667 19.25 129.708333333333 2.29166666666667 "对照点及区域点" 116.3 39.52
"榆垡" 20160902 19.9583333333333 49.5 0.579166666666667 19.2916666666667 43.4583333333333 5.875 "对照点及区域点" 116.3 39.52
"榆垡" 20160509 52.0833333333333 76.2083333333333 0.75 30.5416666666667 84.4583333333333 5.125 "对照点及区域点" 116.3 39.52
"榆垡" 20160528 55.4166666666667 99.4583333333333 1.16666666666667 32.6666666666667 144.75 19.1666666666667 "对照点及区域点" 116.3 39.52
"榆垡" 20161030 56.2916666666667 67.9583333333333 1.01666666666667 32.125 14.5833333333333 6.375 "对照点及区域点" 116.3 39.52
"榆垡" 20160124 49.5833333333333 57.4583333333333 1.525 42.5416666666667 39.75 13.0833333333333 "对照点及区域点" 116.3 39.52
"榆垡" 20160726 19.625 46.4166666666667 1.02083333333333 10.375 143.5 3.7 "对照点及区域点" 116.3 39.52
"榆垡" 20161027 40.6666666666667 60.0833333333333 1.5875 34.9583333333333 2 4 "对照点及区域点" 116.3 39.52
"榆垡" 20161220 306.541666666667 417.695652173913 6.7375 84.6521739130435 10.4166666666667 6.375 "对照点及区域点" 116.3 39.52
"榆垡" 20160604 91.4583333333333 131.25 1.08333333333333 26.125 175.375 13.5416666666667 "对照点及区域点" 116.3 39.52
"榆垡" 20161205 79.9583333333333 271.826086956522 2.3625 38.125 28.9545454545455 5 "对照点及区域点" 116.3 39.52
"榆垡" 20160809 57.0666666666667 57.9333333333333 1.74 13.6666666666667 102.2 7.06666666666667 "对照点及区域点" 116.3 39.52
"榆垡" 20161127 143.708333333333 329.291666666667 2.4 35.5416666666667 42.1666666666667 6.91666666666667 "对照点及区域点" 116.3 39.52
"榆垡" 20160512 46.9583333333333 139.166666666667 0.541666666666667 26.8333333333333 70.7083333333333 2.41666666666667 "对照点及区域点" 116.3 39.52
"榆垡" 20160625 18 45.3333333333333 0.4375 25.75 94.5416666666667 2.91666666666667 "对照点及区域点" 116.3 39.52
"榆垡" 20161204 340.954545454545 447.666666666667 5.88333333333333 93.25 9.16666666666667 8.20833333333333 "对照点及区域点" 116.3 39.52
"榆垡" 20160729 111.875 121.208333333333 1.72083333333333 16.125 125.041666666667 3.375 "对照点及区域点" 116.3 39.52
"榆垡" 20161226 120.772727272727 230.636363636364 2.03636363636364 54.45 20.1818181818182 15.4761904761905 "对照点及区域点" 116.3 39.52
"榆垡" 20161218 358.75 408.166666666667 6.24583333333333 96.9583333333333 11.7083333333333 17.5416666666667 "对照点及区域点" 116.3 39.52
"榆垡" 20160906 54.2222222222222 65.3529411764706 0.9 20.5 48.8333333333333 7 "对照点及区域点" 116.3 39.52
"榆垡" 20160426 83.875 115.333333333333 1.22083333333333 44.7083333333333 117.5 18.625 "对照点及区域点" 116.3 39.52
"榆垡" 20160121 125.444444444444 226.75 3.27083333333333 63.4347826086956 10.5454545454545 34.5416666666667 "对照点及区域点" 116.3 39.52
"榆垡" 20160518 66.625 101.416666666667 0.791666666666667 35.5833333333333 159.125 10.1666666666667 "对照点及区域点" 116.3 39.52
"榆垡" 20160510 50.2916666666667 77.4583333333333 0.754166666666667 40 105.416666666667 6.66666666666667 "对照点及区域点" 116.3 39.52
"榆垡" 20160905 42.8333333333333 71.2916666666667 0.858333333333333 13.5833333333333 79.625 6.33333333333333 "对照点及区域点" 116.3 39.52
"榆垡" 20160730 144.6 202.631578947368 1.245 11.25 122.5 4.3 "对照点及区域点" 116.3 39.52
"榆垡" 20160120 202.5 208.090909090909 5.7 95.0909090909091 6.54545454545455 71 "对照点及区域点" 116.3 39.52
"榆垡" 20160517 71.375 92.9166666666667 0.933333333333333 41.0416666666667 147.083333333333 19.9583333333333 "对照点及区域点" 116.3 39.52
"榆垡" 20161102 113.227272727273 112.75 1.91304347826087 52.304347826087 12.8333333333333 20.1739130434783 "对照点及区域点" 116.3 39.52
"榆垡" 20161028 13.9090909090909 44.6666666666667 0.745833333333333 19.5416666666667 26.4166666666667 2 "对照点及区域点" 116.3 39.52
"榆垡" 20160615 30.625 66.25 0.691304347826087 19.25 110 4.52173913043478 "对照点及区域点" 116.3 39.52
"榆垡" 20161201 100.454545454545 215.916666666667 1.54166666666667 54.9583333333333 35.9166666666667 14.2083333333333 "对照点及区域点" 116.3 39.52
"榆垡" 20161223 46.6666666666667 95.4375 0.977777777777778 46.6111111111111 21.2777777777778 6.83333333333333 "对照点及区域点" 116.3 39.52
"榆垡" 20160827 17.0416666666667 46.625 0.458333333333333 22.9166666666667 44.4166666666667 2 "对照点及区域点" 116.3 39.52
"榆垡" 20160508 61.0476190476191 69.7083333333333 0.9625 44.4583333333333 98.6666666666667 12.375 "对照点及区域点" 116.3 39.52
"榆垡" 20160706 48.9583333333333 98.9166666666667 1.07083333333333 15.5833333333333 138 2.41666666666667 "对照点及区域点" 116.3 39.52
"榆垡" 20160903 19.7916666666667 48.875 0.6375 14.125 58.6666666666667 5.91666666666667 "对照点及区域点" 116.3 39.52
"榆垡" 20161222 153.541666666667 323.041666666667 3.07083333333333 40.7391304347826 38.0833333333333 3.25 "对照点及区域点" 116.3 39.52
"榆垡" 20160515 40.4583333333333 75.25 0.704166666666667 27.7916666666667 52.8333333333333 2 "对照点及区域点" 116.3 39.52
"榆垡" 20160430 116.590909090909 167.318181818182 1.32272727272727 51.3636363636364 134.454545454545 10.7727272727273 "对照点及区域点" 116.3 39.52
"榆垡" 20160125 161.142857142857 144.375 3.9 83.5416666666667 28.9583333333333 36.1666666666667 "对照点及区域点" 116.3 39.52
"榆垡" 20160727 61.9166666666667 73.8333333333333 1.22083333333333 10.2608695652174 134.625 2.04761904761905 "对照点及区域点" 116.3 39.52
"榆垡" 20160127 217.791666666667 177.125 4.4625 87.2173913043478 20.6363636363636 70.7083333333333 "对照点及区域点" 116.3 39.52
"榆垡" 20161221 324.434782608696 365.782608695652 6.76086956521739 85.7391304347826 7.91304347826087 10.3913043478261 "对照点及区域点" 116.3 39.52
"榆垡" 20160605 88.5416666666667 129.958333333333 1.27916666666667 31.375 156.291666666667 12.0416666666667 "对照点及区域点" 116.3 39.52
"榆垡" 20161206 212.125 126.75 3.1125 64.9166666666667 15.625 20.5833333333333 "对照点及区域点" 116.3 39.52
"榆垡" 20160810 68.3181818181818 82.15 1.15909090909091 11 87.0454545454545 2.40909090909091 "对照点及区域点" 116.3 39.52
"榆垡" 20161128 145.833333333333 133.333333333333 2.09166666666667 59.6363636363636 25.4583333333333 26 "对照点及区域点" 116.3 39.52
"榆垡" 20160513 35.7083333333333 51 0.383333333333333 41.3333333333333 75.25 10 "对照点及区域点" 116.3 39.52
"榆垡" 20160626 38.7083333333333 80.9583333333333 0.716666666666667 28.5833333333333 137 9.5 "对照点及区域点" 116.3 39.52
"榆垡" 20160428 84.4782608695652 123.391304347826 1.00434782608696 63.4347826086956 103.565217391304 14.1304347826087 "对照点及区域点" 116.3 39.52
"榆垡" 20160101 260.428571428571 275.583333333333 6.17391304347826 102.782608695652 5.33333333333333 22.5 "对照点及区域点" 116.3 39.52
"榆垡" 20160831 33.1304347826087 70 0.654545454545455 21.3913043478261 45.1363636363636 2.39130434782609 "对照点及区域点" 116.3 39.52
"榆垡" 20160130 80.75 82.5416666666667 2.1125 58.6666666666667 16.6666666666667 20.25 "对照点及区域点" 116.3 39.52
"榆垡" 20160907 26.5714285714286 54.75 0.7 10.8571428571429 90.6428571428571 10.5714285714286 "对照点及区域点" 116.3 39.52
"榆垡" 20160427 94.7083333333333 117.782608695652 1.1125 50.375 92.7916666666667 12.7916666666667 "对照点及区域点" 116.3 39.52
"榆垡" 20160122 31.0416666666667 121.25 0.741666666666667 20.4090909090909 68.8181818181818 6.125 "对照点及区域点" 116.3 39.52
"榆垡" 20160519 86.9583333333333 118.458333333333 1.02916666666667 33.8333333333333 217.041666666667 16.3333333333333 "对照点及区域点" 116.3 39.52
"榆垡" 20160511 139.791666666667 131.291666666667 1.24583333333333 35.5416666666667 153.916666666667 11.4166666666667 "对照点及区域点" 116.3 39.52
"榆垡" 20160129 62.0833333333333 150.25 1.91666666666667 51.375 24.1666666666667 23.1666666666667 "对照点及区域点" 116.3 39.52
"榆垡" 20160731 91.0833333333333 131.166666666667 2.32083333333333 14.2916666666667 113.833333333333 2.375 "对照点及区域点" 116.3 39.52
"榆垡" 20161203 399.857142857143 342.291666666667 5.47916666666667 93.6666666666667 12.2083333333333 21.6666666666667 "对照点及区域点" 116.3 39.52
"榆垡" 20160807 24.5217391304348 74.2 0.88695652173913 8.52173913043478 85.4347826086957 2 "对照点及区域点" 116.3 39.52
"榆垡" 20161103 219.291666666667 217 2.62916666666667 55.25 7.33333333333333 11.3333333333333 "对照点及区域点" 116.3 39.52
"榆垡" 20160128 191.416666666667 277.5 4.7625 98.875 16.75 70.9166666666667 "对照点及区域点" 116.3 39.52
"榆垡" 20160616 66.7083333333333 77.125 0.758333333333333 30.9166666666667 99.5416666666667 2.83333333333333 "对照点及区域点" 116.3 39.52
"榆垡" 20161202 211.5 208.416666666667 2.45416666666667 74.2916666666667 19.5 51.7916666666667 "对照点及区域点" 116.3 39.52
"榆垡" 20160806 86.7391304347826 95.5238095238095 1.15652173913043 9.21739130434783 68.304347826087 2.17391304347826 "对照点及区域点" 116.3 39.52
"榆垡" 20160828 14.5 49.8333333333333 0.483333333333333 20.0416666666667 52 2 "对照点及区域点" 116.3 39.52
"榆垡" 20160502 54.7391304347826 119.652173913043 0.473913043478261 22.3913043478261 83.4782608695652 2.82608695652174 "对照点及区域点" 116.3 39.52
"榆垡" 20160707 108.416666666667 113.583333333333 1.59583333333333 18.5416666666667 162.166666666667 3.75 "对照点及区域点" 116.3 39.52
"榆垡" 20160904 59 65.5833333333333 0.920833333333333 15.6666666666667 70.5 8.125 "对照点及区域点" 116.3 39.52
"榆垡" 20160805 56.25 96.2916666666667 1.00416666666667 9.16666666666667 82 2.08333333333333 "对照点及区域点" 116.3 39.52
"榆垡" 20160516 25.375 53.3333333333333 0.466666666666667 45 80.75 7.29166666666667 "对照点及区域点" 116.3 39.52
"榆垡" 20160501 163.863636363636 209.090909090909 1.87727272727273 49.4090909090909 148.318181818182 18 "对照点及区域点" 116.3 39.52
"榆垡" 20160126 85.3913043478261 197.375 2.74166666666667 64.3333333333333 32.375 28.6666666666667 "对照点及区域点" 116.3 39.52
"榆垡" 20160728 56.4583333333333 79.5 1.075 8.83333333333333 112.375 2 "对照点及区域点" 116.3 39.52
"榆垡" 20161130 238.041666666667 267.666666666667 3.55416666666667 72.5416666666667 19.9166666666667 17.0833333333333 "对照点及区域点" 116.3 39.52
"榆垡" 20160202 113.227272727273 170.375 2.725 66.75 42.75 30.25 "对照点及区域点" 116.3 39.52
"榆垡" 20160606 117.208333333333 128.041666666667 1.35416666666667 30 147.416666666667 7.625 "对照点及区域点" 116.3 39.52
"榆垡" 20161207 292.565217391304 360.608695652174 4.10434782608696 83.9565217391304 14.7826086956522 21.0869565217391 "对照点及区域点" 116.3 39.52
"榆垡" 20160811 65.125 90.5416666666667 1.0625 9.79166666666667 84.875 2.04166666666667 "对照点及区域点" 116.3 39.52
"榆垡" 20161129 233.086956521739 263.130434782609 4.36521739130435 77.5217391304348 13.3913043478261 24.9565217391304 "对照点及区域点" 116.3 39.52
"榆垡" 20160514 47.7083333333333 62.25 0.779166666666667 27.6666666666667 52.2916666666667 2.70833333333333 "对照点及区域点" 116.3 39.52
"榆垡" 20160627 57.3 78.0416666666667 1.30833333333333 25.304347826087 107.375 3.375 "对照点及区域点" 116.3 39.52
"榆垡" 20160429 125.875 116.541666666667 1.52083333333333 64.75 120.75 29.6666666666667 "对照点及区域点" 116.3 39.52
"榆垡" 20160102 324.375 348.086956521739 7.875 124.958333333333 4.58333333333333 20.6666666666667 "对照点及区域点" 116.3 39.52
"榆垡" 20160901 8.625 57.9583333333333 0.420833333333333 18.9583333333333 33.4583333333333 4.20833333333333 "对照点及区域点" 116.3 39.52
"榆垡" 20160131 101.75 132.791666666667 1.98333333333333 52.75 40.2083333333333 13.8333333333333 "对照点及区域点" 116.3 39.52
"榆垡" 20160908 19.4583333333333 42.875 0.5875 16.8333333333333 47.625 5.5 "对照点及区域点" 116.3 39.52
"榆垡" 20160915 115.916666666667 127.791666666667 0.879166666666667 15.5 74.625 6.82608695652174 "对照点及区域点" 116.3 39.52
"榆垡" 20160322 113.583333333333 190.541666666667 1.49583333333333 70.625 52.9166666666667 25.3333333333333 "对照点及区域点" 116.3 39.52
"榆垡" 20160520 95.5833333333333 129.458333333333 1.12916666666667 43.2916666666667 164.375 17.625 "对照点及区域点" 116.3 39.52
"榆垡" 20161105 125.208333333333 185.739130434783 2.725 60.7083333333333 26.75 4.75 "对照点及区域点" 116.3 39.52
"榆垡" 20160929 53.4166666666667 46.2083333333333 0.508333333333333 20.625 45.125 5.54166666666667 "对照点及区域点" 116.3 39.52
"榆垡" 20160801 98.0833333333333 133.333333333333 2.83478260869565 16.5833333333333 80.4166666666667 2.54166666666667 "对照点及区域点" 116.3 39.52
"榆垡" 20161006 54.5416666666667 83.1666666666667 1.12083333333333 20.5 14.0416666666667 2.04166666666667 "对照点及区域点" 116.3 39.52
"榆垡" 20160206 53.2916666666667 52.6666666666667 1.39166666666667 25.875 69.8333333333333 23.25 "对照点及区域点" 116.3 39.52
"榆垡" 20161104 163.041666666667 246.125 3.10416666666667 64.875 6.375 3.5 "对照点及区域点" 116.3 39.52
"榆垡" 20160815 17.5 40.4166666666667 0.8125 11.7826086956522 40.304347826087 7.04166666666667 "对照点及区域点" 116.3 39.52
"榆垡" 20160617 38.3157894736842 80.3333333333333 0.754166666666667 30.2083333333333 105.875 5.70833333333333 "对照点及区域点" 116.3 39.52
"榆垡" 20161020 58.6666666666667 157.958333333333 1.18333333333333 24.1666666666667 15.625 2.33333333333333 "对照点及区域点" 116.3 39.52
"榆垡" 20160822 46.625 72.875 0.7625 10.9166666666667 67.9166666666667 2.125 "对照点及区域点" 116.3 39.52
"榆垡" 20160829 26.4583333333333 54.3333333333333 0.708333333333333 20.875 52.0833333333333 2.70833333333333 "对照点及区域点" 116.3 39.52
"榆垡" 20160503 30.304347826087 67.375 0.3625 34.7083333333333 62.9166666666667 2 "对照点及区域点" 116.3 39.52
"榆垡" 20160708 84.9583333333333 123.791666666667 1.34583333333333 19.125 111.625 2.04166666666667 "对照点及区域点" 116.3 39.52
"榆垡" 20160305 332.791666666667 408.625 1.13333333333333 35.125 64 11.0833333333333 "对照点及区域点" 116.3 39.52
"榆垡" 20160715 35.6666666666667 54.7083333333333 0.795833333333333 21.3333333333333 45.7083333333333 2 "对照点及区域点" 116.3 39.52
"榆垡" 20160912 33.875 52.875 1.0125 15.9583333333333 42.5416666666667 5.875 "对照点及区域点" 116.3 39.52
"榆垡" 20160919 11.9583333333333 27.375 0.425 16.2916666666667 28 2 "对照点及区域点" 116.3 39.52
"榆垡" 20160926 55 137.521739130435 1.25 15.1666666666667 36.0434782608696 2.29166666666667 "对照点及区域点" 116.3 39.52
"榆垡" 20160319 103.833333333333 196.291666666667 1.50833333333333 47.6666666666667 77.875 20.5416666666667 "对照点及区域点" 116.3 39.52
"榆垡" 20160402 8.39130434782609 69.75 0.345833333333333 24.75 74.5 3.04166666666667 "对照点及区域点" 116.3 39.52
"榆垡" 20160203 186.875 196.25 4.44166666666667 86.5833333333333 41.0833333333333 97.7083333333333 "对照点及区域点" 116.3 39.52
"榆垡" 20160607 74.2083333333333 130.291666666667 1.57083333333333 19.1666666666667 106.583333333333 2.41666666666667 "对照点及区域点" 116.3 39.52
"榆垡" 20161208 138.208333333333 263.95652173913 2.06086956521739 44.9166666666667 34.875 13.2916666666667 "对照点及区域点" 116.3 39.52
"榆垡" 20160812 59.4666666666667 87.3076923076923 0.946666666666667 12.7333333333333 44.2666666666667 2.66666666666667 "对照点及区域点" 116.3 39.52
"榆垡" 20160423 22.8333333333333 59.2916666666667 0.404166666666667 41.5833333333333 76.4583333333333 3.95833333333333 "对照点及区域点" 116.3 39.52
"榆垡" 20160819 23.6521739130435 73.7826086956522 1.06521739130435 10.2608695652174 89.5652173913043 2 "对照点及区域点" 116.3 39.52
"榆垡" 20160628 67.5416666666667 78.7083333333333 1.56666666666667 14.2916666666667 72.6666666666667 2 "对照点及区域点" 116.3 39.52
"榆垡" 20161024 86.0416666666667 72.5833333333333 1.3 27.5416666666667 2 2.625 "对照点及区域点" 116.3 39.52
"榆垡" 20160103 203.041666666667 327.083333333333 4.23333333333333 62.1666666666667 5 10.5416666666667 "对照点及区域点" 116.3 39.52
"榆垡" 20160302 291.666666666667 339.666666666667 3.14166666666667 91.2083333333333 25.2083333333333 45.8333333333333 "对照点及区域点" 116.3 39.52
"榆垡" 20160201 162.958333333333 184 2.8875 67.5 35.6666666666667 23.0416666666667 "对照点及区域点" 116.3 39.52
"榆垡" 20160909 26.7916666666667 49.2083333333333 0.670833333333333 19.3333333333333 38.5416666666667 6.54166666666667 "对照点及区域点" 116.3 39.52
"榆垡" 20160916 126.916666666667 173.375 0.9375 10.1666666666667 81.9130434782609 4.04166666666667 "对照点及区域点" 116.3 39.52
"榆垡" 20160323 31.75 90 0.654166666666667 42.75 60.9166666666667 6.33333333333333 "对照点及区域点" 116.3 39.52
"榆垡" 20160521 87.1666666666667 127.291666666667 1.05833333333333 36.7916666666667 148.958333333333 15.1666666666667 "对照点及区域点" 116.3 39.52
"榆垡" 20161106 90.7916666666667 150.125 1.15416666666667 32.5 28.75 7.79166666666667 "对照点及区域点" 116.3 39.52
"榆垡" 20160930 94.4166666666667 103.083333333333 0.841666666666667 28.7916666666667 50.5833333333333 7.04166666666667 "对照点及区域点" 116.3 39.52
"榆垡" 20160802 42.9090909090909 98 1.38636363636364 11.8636363636364 75.7142857142857 2.40909090909091 "对照点及区域点" 116.3 39.52
"榆垡" 20161007 36.5416666666667 57.3333333333333 1.71666666666667 21.4166666666667 9.125 2 "对照点及区域点" 116.3 39.52
"榆垡" 20160207 166.363636363636 164.083333333333 2.84583333333333 38.1666666666667 62.1666666666667 59 "对照点及区域点" 116.3 39.52
"榆垡" 20160922 124.958333333333 116.916666666667 1.06666666666667 20.25 61.2083333333333 7.58333333333333 "对照点及区域点" 116.3 39.52
"榆垡" 20160816 22.1304347826087 35.3478260869565 0.582608695652174 10.9565217391304 58.7826086956522 2.34782608695652 "对照点及区域点" 116.3 39.52
"榆垡" 20160618 65.8333333333333 80.625 1.1 28.0833333333333 112.791666666667 3.875 "对照点及区域点" 116.3 39.52
"榆垡" 20161021 50.2083333333333 62.9583333333333 1.05833333333333 26.7083333333333 5.66666666666667 2.04166666666667 "对照点及区域点" 116.3 39.52
"榆垡" 20160823 75.9166666666667 73.4583333333333 0.933333333333333 12.4166666666667 61.7916666666667 3.54166666666667 "对照点及区域点" 116.3 39.52
"榆垡" 20160830 47.6666666666667 69.1666666666667 0.925 23.4166666666667 88.6666666666667 2 "对照点及区域点" 116.3 39.52
"榆垡" 20160504 40.4347826086956 61.875 0.520833333333333 55.4583333333333 75.3333333333333 4.08333333333333 "对照点及区域点" 116.3 39.52
"榆垡" 20160709 70.75 107.208333333333 1.19583333333333 15.75 93.8333333333333 3.5 "对照点及区域点" 116.3 39.52
"榆垡" 20160306 226.3 326.1 3.12 79.1 2.7 21.1 "对照点及区域点" 116.3 39.52
"榆垡" 20160716 49.0416666666667 58.9166666666667 1.07083333333333 22.125 54.5 2 "对照点及区域点" 116.3 39.52
"榆垡" 20160913 66.125 68.6666666666667 0.841666666666667 16.25 57.4583333333333 8.25 "对照点及区域点" 116.3 39.52
"榆垡" 20160920 21.5416666666667 33.4166666666667 0.519047619047619 18 36.4166666666667 2.56521739130435 "对照点及区域点" 116.3 39.52
"榆垡" 20160927 19.7083333333333 58.375 0.819047619047619 12.25 36.3636363636364 2 "对照点及区域点" 116.3 39.52
"榆垡" 20160320 74.9166666666667 95.75 1.14166666666667 56.8333333333333 80.3333333333333 15.625 "对照点及区域点" 116.3 39.52
"榆垡" 20160403 20.3157894736842 41 0.354166666666667 37.4166666666667 72.9583333333333 4.66666666666667 "对照点及区域点" 116.3 39.52
"榆垡" 20160204 45.2916666666667 135.541666666667 1.32083333333333 35.75 56.375 22.5 "对照点及区域点" 116.3 39.52
"榆垡" 20160608 149.458333333333 142.583333333333 1.7 29.4583333333333 118.541666666667 3.75 "对照点及区域点" 116.3 39.52
"榆垡" 20161209 43.9047619047619 88.2857142857143 0.869565217391304 42.1739130434783 28.5652173913043 6.69565217391304 "对照点及区域点" 116.3 39.52
"榆垡" 20160813 31 51.5416666666667 1.07916666666667 21 19.5833333333333 2 "对照点及区域点" 116.3 39.52
"榆垡" 20160424 88.9130434782609 81.7391304347826 0.895652173913044 58 87.0869565217391 24.6086956521739 "对照点及区域点" 116.3 39.52
"榆垡" 20160820 40.7916666666667 44.8333333333333 1.0375 11.625 62.0833333333333 2.08333333333333 "对照点及区域点" 116.3 39.52
"榆垡" 20160629 102.125 117.333333333333 1.15416666666667 14.875 74.75 2 "对照点及区域点" 116.3 39.52
"榆垡" 20161025 104.541666666667 132.041666666667 1.44166666666667 30.75 4.91666666666667 2.95833333333333 "对照点及区域点" 116.3 39.52
"榆垡" 20160104 135.421052631579 222.15 3.16190476190476 46.25 29.3809523809524 6.33333333333333 "对照点及区域点" 116.3 39.52
"榆垡" 20160303 373.041666666667 325.25 2.95416666666667 94.75 45.125 49.4583333333333 "对照点及区域点" 116.3 39.52
"榆垡" 20161108 42.625 47.1666666666667 0.604166666666667 32.875 28.7083333333333 5.625 "对照点及区域点" 116.3 39.52
"榆垡" 20160910 28.2083333333333 47.7083333333333 0.941666666666667 18.25 50.5 6.875 "对照点及区域点" 116.3 39.52
"榆垡" 20160917 48.375 111.791666666667 1.225 15.5 33.8333333333333 4.20833333333333 "对照点及区域点" 116.3 39.52
"榆垡" 20160324 17.0909090909091 38.0416666666667 0.429166666666667 50.5238095238095 61.4166666666667 4.45833333333333 "对照点及区域点" 116.3 39.52
"榆垡" 20160522 59.4583333333333 106.333333333333 0.808333333333333 53.9545454545455 130.708333333333 9.70833333333333 "对照点及区域点" 116.3 39.52
"榆垡" 20161107 49.625 106.5 0.895833333333333 25.625 29.0416666666667 3.45833333333333 "对照点及区域点" 116.3 39.52
"榆垡" 20161001 153.125 171.416666666667 1.14166666666667 31.1666666666667 47.5416666666667 6.16666666666667 "对照点及区域点" 116.3 39.52
"榆垡" 20160803 61 94.2222222222222 1.59047619047619 12.2857142857143 144.047619047619 2.19047619047619 "对照点及区域点" 116.3 39.52
"榆垡" 20161008 13 40.1666666666667 0.516666666666667 14.7727272727273 40.4583333333333 2 "对照点及区域点" 116.3 39.52
"榆垡" 20160208 317.318181818182 341.083333333333 3.30416666666667 43.2083333333333 52.5 84.125 "对照点及区域点" 116.3 39.52
"榆垡" 20160923 94.3636363636364 146.090909090909 0.990909090909091 14.0909090909091 85.4090909090909 2.68181818181818 "对照点及区域点" 116.3 39.52
"榆垡" 20160817 74.0833333333333 58.9166666666667 1.06666666666667 23.4583333333333 27.1666666666667 2.125 "对照点及区域点" 116.3 39.52
"榆垡" 20160619 88.9166666666667 109.291666666667 0.9375 22.3333333333333 180.875 8.29166666666667 "对照点及区域点" 116.3 39.52
"榆垡" 20161022 20.4583333333333 50.625 0.783333333333333 16.8333333333333 8.25 2 "对照点及区域点" 116.3 39.52
"榆垡" 20160824 99.4583333333333 128.458333333333 1.10416666666667 21.2916666666667 49.625 3.29166666666667 "对照点及区域点" 116.3 39.52
"榆垡" 20160703 93.125 92.25 1.32083333333333 22.8333333333333 120.958333333333 3.45833333333333 "对照点及区域点" 116.3 39.52
"榆垡" 20160229 54.2083333333333 73.1666666666667 0.941666666666667 37.1666666666667 57.5 12.3333333333333 "对照点及区域点" 116.3 39.52
"榆垡" 20160710 73.5833333333333 109.913043478261 1.10416666666667 13.0869565217391 111.916666666667 2 "对照点及区域点" 116.3 39.52
"榆垡" 20160307 11 135 0.677777777777778 17.4444444444444 107 4.11111111111111 "对照点及区域点" 116.3 39.52
"榆垡" 20160717 83.2857142857143 93.2916666666667 1.41666666666667 19.125 104.913043478261 2.04166666666667 "对照点及区域点" 116.3 39.52
"榆垡" 20160914 83.9166666666667 100.958333333333 0.766666666666667 13.4583333333333 70.75 12.0833333333333 "对照点及区域点" 116.3 39.52
"榆垡" 20160921 61.875 59.0416666666667 0.7625 21.75 30.9583333333333 3.5 "对照点及区域点" 116.3 39.52
"榆垡" 20160928 14.2083333333333 29.4166666666667 0.3125 17.75 30.125 2 "对照点及区域点" 116.3 39.52
"榆垡" 20160321 141.826086956522 144.833333333333 1.45217391304348 83.8181818181818 90.7727272727273 39.0833333333333 "对照点及区域点" 116.3 39.52
"榆垡" 20160404 93.5416666666667 85.0416666666667 0.916666666666667 57.8333333333333 88.9583333333333 29.4166666666667 "对照点及区域点" 116.3 39.52
"榆垡" 20160205 20.0833333333333 56.125 0.7125 18.2916666666667 80.7916666666667 8.79166666666667 "对照点及区域点" 116.3 39.52
"榆垡" 20160609 120.0625 193.894736842105 1.325 27.6 145.4 5.65 "对照点及区域点" 116.3 39.52
"榆垡" 20161210 130.041666666667 143.875 2.53333333333333 57.875 20.4166666666667 12.7083333333333 "对照点及区域点" 116.3 39.52
"榆垡" 20160814 19.9166666666667 43.3333333333333 0.941666666666667 18.375 16.6666666666667 2.66666666666667 "对照点及区域点" 116.3 39.52
"榆垡" 20160425 78.875 108.666666666667 0.875 40.5416666666667 139.375 12.4166666666667 "对照点及区域点" 116.3 39.52
"榆垡" 20160821 49.4583333333333 65.0833333333333 1.0625 14 78.2083333333333 2 "对照点及区域点" 116.3 39.52
"榆垡" 20160630 76.6666666666667 116.125 0.841666666666667 20 101 2 "对照点及区域点" 116.3 39.52
"榆垡" 20161026 52.6111111111111 113.263157894737 1.27142857142857 23.3809523809524 8 2.15 "对照点及区域点" 116.3 39.52
"榆垡" 20160105 52.4583333333333 85.5833333333333 1.52083333333333 48.75 21.1666666666667 12.9166666666667 "对照点及区域点" 116.3 39.52
"榆垡" 20160304 351.375 431.791666666667 3.85833333333333 91.4166666666667 25 40.125 "对照点及区域点" 116.3 39.52
"榆垡" 20161109 159.5 131 1.7875 46.6666666666667 15.3333333333333 11.2916666666667 "对照点及区域点" 116.3 39.52
"榆垡" 20160911 35.4583333333333 51.3333333333333 1.02916666666667 11.875 63.5 5.58333333333333 "对照点及区域点" 116.3 39.52
"榆垡" 20160918 23.6666666666667 59.1363636363636 0.708333333333333 15.625 8.28571428571429 2.08333333333333 "对照点及区域点" 116.3 39.52
"榆垡" 20160325 34.0454545454545 56.6190476190476 0.975 62.8181818181818 52.8571428571429 11.2857142857143 "对照点及区域点" 116.3 39.52
"榆垡" 20160523 86.9130434782609 98.2083333333333 1.2875 35.4583333333333 95.8636363636364 16.2916666666667 "对照点及区域点" 116.3 39.52
"榆垡" 20160925 171.5 225.583333333333 1.38333333333333 18.0416666666667 74.75 5.41666666666667 "对照点及区域点" 116.3 39.52
"榆垡" 20161002 165.833333333333 203.666666666667 1.30833333333333 30.4166666666667 40.5833333333333 4 "对照点及区域点" 116.3 39.52
"榆垡" 20160804 88.75 100.375 1.79583333333333 10.4166666666667 113.208333333333 3.20833333333333 "对照点及区域点" 116.3 39.52
"榆垡" 20161009 30.5833333333333 40.6666666666667 0.491666666666667 24 12.9130434782609 4 "对照点及区域点" 116.3 39.52
"榆垡" 20160209 101.916666666667 203.333333333333 3.375 34.7083333333333 62 48.8333333333333 "对照点及区域点" 116.3 39.52
"榆垡" 20160924 164.291666666667 175.375 1.27083333333333 22.7916666666667 61.9583333333333 3.70833333333333 "对照点及区域点" 116.3 39.52
"榆垡" 20160818 101.95652173913 139.782608695652 1.72173913043478 23.0869565217391 19.0869565217391 2 "对照点及区域点" 116.3 39.52
"榆垡" 20160620 102.541666666667 141.5 1.32083333333333 20.5416666666667 186.833333333333 6.08333333333333 "对照点及区域点" 116.3 39.52
"榆垡" 20161023 25.4166666666667 32.0416666666667 0.666666666666667 20.9583333333333 15.7083333333333 2.29166666666667 "对照点及区域点" 116.3 39.52
"榆垡" 20160825 24.875 83.9583333333333 0.525 13.2083333333333 45.5 2.04166666666667 "对照点及区域点" 116.3 39.52
"榆垡" 20160704 91.0833333333333 129 1.225 18.2083333333333 119.5 2.20833333333333 "对照点及区域点" 116.3 39.52
"榆垡" 20160301 188.041666666667 152.208333333333 2.19583333333333 75.3333333333333 41.9583333333333 43.25 "对照点及区域点" 116.3 39.52
"榆垡" 20160711 81.1818181818182 95.6666666666667 0.879166666666667 12.9565217391304 126.291666666667 2.34782608695652 "对照点及区域点" 116.3 39.52
"榆垡" 20160308 17.3333333333333 45.9285714285714 0.866666666666667 22.1666666666667 52.1111111111111 6 "对照点及区域点" 116.3 39.52
"榆垡" 20160718 107 117.291666666667 1.6125 16.2173913043478 103.416666666667 2 "对照点及区域点" 116.3 39.52
"榆垡" 20160315 132.85 133.3 1.23 62.5 84.05 37.5 "对照点及区域点" 116.3 39.52
"榆垡" 20161120 68.4166666666667 175.75 1.34166666666667 31.6666666666667 13 13.7083333333333 "对照点及区域点" 116.3 39.52
"榆垡" 20160329 20.6086956521739 96.9047619047619 0.38695652173913 36.8695652173913 84.5652173913043 5.91304347826087 "对照点及区域点" 116.3 39.52
"榆垡" 20160214 6.41666666666667 26.5833333333333 0.404166666666667 7.08333333333333 83.5 2.79166666666667 "对照点及区域点" 116.3 39.52
"榆垡" 20160405 131.458333333333 155.708333333333 1.33333333333333 62.0833333333333 96.5833333333333 29.6666666666667 "对照点及区域点" 116.3 39.52
"榆垡" 20160420 80.7619047619048 113.8125 1.1047619047619 66.2857142857143 85.9047619047619 13.2380952380952 "对照点及区域点" 116.3 39.52
"榆垡" 20160610 96.1363636363636 131.916666666667 0.9 17.75 144.583333333333 4.125 "对照点及区域点" 116.3 39.52
"榆垡" 20161211 254.791666666667 228.434782608696 3.44583333333333 79.0833333333333 10.875 34.8333333333333 "对照点及区域点" 116.3 39.52
"榆垡" 20160213 12.0416666666667 135.416666666667 0.5 10.0416666666667 74 2.5 "对照点及区域点" 116.3 39.52
"榆垡" 20160220 27.6666666666667 46.5217391304348 0.866666666666667 15.2083333333333 67.7916666666667 12.7083333333333 "对照点及区域点" 116.3 39.52
"榆垡" 20160419 83.4736842105263 73.7647058823529 2.12105263157895 67.5263157894737 50 14.7368421052632 "对照点及区域点" 116.3 39.52
"榆垡" 20160701 38.9583333333333 96.5 0.9375 17.25 102.875 2.20833333333333 "对照点及区域点" 116.3 39.52
"榆垡" 20160227 64.3571428571429 71.4166666666667 1.56666666666667 44.125 57.5833333333333 16.5416666666667 "对照点及区域点" 116.3 39.52
"榆垡" 20160106 115.416666666667 152.208333333333 3.40833333333333 73.0416666666667 19.3333333333333 20.7916666666667 "对照点及区域点" 116.3 39.52
"榆垡" 20160212 190.541666666667 232.375 3.39166666666667 55.5833333333333 21.1666666666667 22.8333333333333 "对照点及区域点" 116.3 39.52
"榆垡" 20161110 164.791666666667 216.208333333333 1.30454545454545 35.4583333333333 16.4782608695652 9.34782608695652 "对照点及区域点" 116.3 39.52
"榆垡" 20160312 126.416666666667 97.4166666666667 1.95652173913043 88.3636363636364 59.125 47.5454545454545 "对照点及区域点" 116.3 39.52
"榆垡" 20161117 120.791666666667 207.708333333333 2.34166666666667 43 6.41666666666667 14.4583333333333 "对照点及区域点" 116.3 39.52
"榆垡" 20160326 40.3478260869565 61.9583333333333 0.654166666666667 70.7083333333333 50.2916666666667 7.20833333333333 "对照点及区域点" 116.3 39.52
"榆垡" 20160211 172.25 192.208333333333 4.15833333333333 71.75 6.625 57.5 "对照点及区域点" 116.3 39.52
"榆垡" 20161124 188.458333333333 229.833333333333 2.52083333333333 62.5217391304348 17.6521739130435 21.0416666666667 "对照点及区域点" 116.3 39.52
"榆垡" 20161003 115.208333333333 178.375 1.0625 23.75 54.0416666666667 3.16666666666667 "对照点及区域点" 116.3 39.52
"榆垡" 20160622 82.75 165.04347826087 0.926086956521739 18.5652173913043 164.347826086957 2.26086956521739 "对照点及区域点" 116.3 39.52
"榆垡" 20161010 104.708333333333 84.4166666666667 1.17916666666667 30.1363636363636 10.4583333333333 9.86363636363636 "对照点及区域点" 116.3 39.52
"榆垡" 20160210 103.166666666667 106.916666666667 3.25 56 36.2083333333333 61.9166666666667 "对照点及区域点" 116.3 39.52
"榆垡" 20161017 60 98.7916666666667 0.945833333333333 19.375 29.7083333333333 2.04166666666667 "对照点及区域点" 116.3 39.52
"榆垡" 20161215 90.8571428571429 109.409090909091 1.78636363636364 43.0454545454545 25.6818181818182 10.3636363636364 "对照点及区域点" 116.3 39.52
"榆垡" 20160621 150.6 148.25 1.37916666666667 28.7083333333333 133 2.25 "对照点及区域点" 116.3 39.52
"榆垡" 20160224 56.6363636363636 54.8333333333333 1.17916666666667 36.5217391304348 52 19.6666666666667 "对照点及区域点" 116.3 39.52
"榆垡" 20160720 22.7142857142857 97.7083333333333 1.2 9.45833333333333 60.5833333333333 2 "对照点及区域点" 116.3 39.52
"榆垡" 20160317 268.083333333333 303.125 2.07083333333333 74.875 126.181818181818 37.0833333333333 "对照点及区域点" 116.3 39.52
"榆垡" 20161122 33.125 22.5 0.608333333333333 22.2083333333333 47.6521739130435 3.58333333333333 "对照点及区域点" 116.3 39.52
"榆垡" 20160712 46.25 88.5 0.804166666666667 15.2083333333333 64.6666666666667 2 "对照点及区域点" 116.3 39.52
"榆垡" 20160309 27.2083333333333 37.8636363636364 0.804166666666667 29.5 2 6.375 "对照点及区域点" 116.3 39.52
"榆垡" 20160719 120.541666666667 157.458333333333 1.975 17.375 34.5833333333333 2.04166666666667 "对照点及区域点" 116.3 39.52
"榆垡" 20160316 245.083333333333 245.75 1.77083333333333 64.25 123.583333333333 47.4583333333333 "对照点及区域点" 116.3 39.52
"榆垡" 20161121 11.125 65.4583333333333 0.358333333333333 13.9166666666667 56.2916666666667 4.5 "对照点及区域点" 116.3 39.52
"榆垡" 20160330 50.6086956521739 70.695652173913 1.04782608695652 63.695652173913 69.304347826087 19.1739130434783 "对照点及区域点" 116.3 39.52
"榆垡" 20160215 23.25 29.75 0.920833333333333 15.1666666666667 66.7916666666667 4.75 "对照点及区域点" 116.3 39.52
"榆垡" 20160406 141.791666666667 152.173913043478 1.8 57.5416666666667 61.875 24.375 "对照点及区域点" 116.3 39.52
"榆垡" 20160421 71 116.583333333333 0.583333333333333 53.6666666666667 100.833333333333 7 "对照点及区域点" 116.3 39.52
"榆垡" 20160611 13.9 84.5416666666667 0.4125 20.6666666666667 94.0416666666667 2 "对照点及区域点" 116.3 39.52
"榆垡" 20161212 300.157894736842 332.368421052632 4.16111111111111 79.6842105263158 8.68421052631579 30.8947368421053 "对照点及区域点" 116.3 39.52
"榆垡" 20160108 77.0833333333333 109.125 2.27083333333333 70.6666666666667 12.75 18.25 "对照点及区域点" 116.3 39.52
"榆垡" 20160221 118.083333333333 106.208333333333 2.0875 3 31.3333333333333 37.0833333333333 "对照点及区域点" 116.3 39.52
"榆垡" 20161112 105.291666666667 170.875 2.26666666666667 47.7083333333333 21.125 11.6666666666667 "对照点及区域点" 116.3 39.52
"榆垡" 20160702 39.3333333333333 73.7916666666667 0.933333333333333 17.0416666666667 116.375 2.04166666666667 "对照点及区域点" 116.3 39.52
"榆垡" 20160228 78.9583333333333 107.625 1.0875 35.75 51.8333333333333 7.83333333333333 "对照点及区域点" 116.3 39.52
"榆垡" 20160107 46.5 77.5217391304348 1.37083333333333 46.5454545454545 30.1739130434783 15.875 "对照点及区域点" 116.3 39.52
"榆垡" 20160724 83.4444444444444 157.055555555556 1.0125 14.625 159.25 2 "对照点及区域点" 116.3 39.52
"榆垡" 20161111 159.5 224.916666666667 2.66666666666667 50.75 8.25 12.6666666666667 "对照点及区域点" 116.3 39.52
"榆垡" 20160313 52.5416666666667 149.375 0.970833333333333 49.625 79.8333333333333 9.70833333333333 "对照点及区域点" 116.3 39.52
"榆垡" 20161118 206.375 183.833333333333 3.86666666666667 55.125 4.95652173913043 22.4166666666667 "对照点及区域点" 116.3 39.52
"榆垡" 20160327 41.0869565217391 62.5833333333333 0.545833333333333 64.9166666666667 59.0833333333333 9.45833333333333 "对照点及区域点" 116.3 39.52
"榆垡" 20160723 110.291666666667 106.75 1.40833333333333 23.25 112.083333333333 2.16666666666667 "对照点及区域点" 116.3 39.52
"榆垡" 20161125 296.291666666667 290.083333333333 3.82916666666667 67 13.5 28.4583333333333 "对照点及区域点" 116.3 39.52
"榆垡" 20161004 33.0833333333333 109.333333333333 0.9625 22.2916666666667 25.1666666666667 2 "对照点及区域点" 116.3 39.52
"榆垡" 20160623 57.3333333333333 111.708333333333 0.9375 28.0416666666667 92.625 2.83333333333333 "对照点及区域点" 116.3 39.52
"榆垡" 20161011 127.75 172.541666666667 1.69583333333333 24.5652173913043 17.125 6.71428571428571 "对照点及区域点" 116.3 39.52
"榆垡" 20160722 44.0526315789474 48.375 1.31363636363636 11.9130434782609 58.2727272727273 2.26315789473684 "对照点及区域点" 116.3 39.52
"榆垡" 20161018 111.125 102.458333333333 1.4375 22.875 8.375 4.04166666666667 "对照点及区域点" 116.3 39.52
"榆垡" 20161216 203 154.791666666667 3.09583333333333 72.375 15.0416666666667 34.6666666666667 "对照点及区域点" 116.3 39.52
"榆垡" 20160714 43.7083333333333 60 1.21666666666667 18.2173913043478 100.958333333333 2.125 "对照点及区域点" 116.3 39.52
"榆垡" 20160225 38.2083333333333 59.4583333333333 0.991666666666667 35.5416666666667 58.125 14.375 "对照点及区域点" 116.3 39.52
"榆垡" 20160721 30.7692307692308 25.375 1.03333333333333 9.41666666666667 30.0909090909091 2.83333333333333 "对照点及区域点" 116.3 39.52
"榆垡" 20160318 243.5 352.125 2.33333333333333 95.5416666666667 94.125 14.625 "对照点及区域点" 116.3 39.52
"榆垡" 20161123 141.173913043478 118.166666666667 1.96666666666667 49.2916666666667 15.5416666666667 17.2083333333333 "对照点及区域点" 116.3 39.52
"榆垡" 20160713 28.625 74.2916666666667 1.01666666666667 18.2083333333333 112.25 2.125 "对照点及区域点" 116.3 39.52
"榆垡" 20160310 25.7142857142857 48.5416666666667 0.55 20 14.8 8.16666666666667 "对照点及区域点" 116.3 39.52
"榆垡" 20160408 25.7083333333333 71.5833333333333 0.408333333333333 42.8333333333333 81.7083333333333 7.58333333333333 "对照点及区域点" 116.3 39.52
"榆垡" 20161115 80.875 81.7916666666667 1.79166666666667 50.4583333333333 20.3333333333333 15.375 "对照点及区域点" 116.3 39.52
"榆垡" 20160613 71.3333333333333 100.541666666667 1.03333333333333 24.5416666666667 65.3333333333333 2.25 "对照点及区域点" 116.3 39.52
"榆垡" 20160331 137.875 144.833333333333 1.58333333333333 78.875 79.5909090909091 28.7916666666667 "对照点及区域点" 116.3 39.52
"榆垡" 20160216 66.4583333333333 76.5 1.83333333333333 34.9166666666667 50.7083333333333 11.75 "对照点及区域点" 116.3 39.52
"榆垡" 20160407 112.291666666667 220 1.29166666666667 56.625 56.9166666666667 6.45833333333333 "对照点及区域点" 116.3 39.52
"榆垡" 20160422 24.375 82.125 0.279166666666667 33.625 106.25 2.25 "对照点及区域点" 116.3 39.52
"榆垡" 20160612 65.4347826086957 83.695652173913 0.952173913043478 31.7391304347826 141.04347826087 5 "对照点及区域点" 116.3 39.52
"榆垡" 20161213 170.291666666667 301.333333333333 2.70416666666667 52.9583333333333 16.0833333333333 12.25 "对照点及区域点" 116.3 39.52
"榆垡" 20160109 214.083333333333 174 3.98333333333333 108.708333333333 13.3333333333333 53.3333333333333 "对照点及区域点" 116.3 39.52
"榆垡" 20160222 91.5 154.304347826087 2.19166666666667 5.83333333333333 43.25 24 "对照点及区域点" 116.3 39.52
"榆垡" 20161113 92.0416666666667 116.083333333333 1.91666666666667 39.125 6.58333333333333 8.25 "对照点及区域点" 116.3 39.52
"榆垡" 20160116 148.541666666667 212.875 2.4 74.3333333333333 13.875 45.2916666666667 "对照点及区域点" 116.3 39.52
"榆垡" 20161019 153.166666666667 181.583333333333 1.7125 21.3333333333333 12.3333333333333 3.75 "对照点及区域点" 116.3 39.52
"榆垡" 20161014 112.952380952381 212.571428571429 1.17619047619048 22.7619047619048 29.8095238095238 8.80952380952381 "对照点及区域点" 116.3 39.52
"榆垡" 20160413 171.458333333333 170.333333333333 1.275 70.75 91.0416666666667 10.7083333333333 "对照点及区域点" 116.3 39.52
"榆垡" 20160226 17.4285714285714 53.8333333333333 1.24583333333333 34.2083333333333 65.6666666666667 14.4166666666667 "对照点及区域点" 116.3 39.52
"榆垡" 20160314 94 89.3478260869565 1.16521739130435 57.3478260869565 72 26.7391304347826 "对照点及区域点" 116.3 39.52
"榆垡" 20161119 208 268.958333333333 3.525 59.7916666666667 11.4166666666667 9.91666666666667 "对照点及区域点" 116.3 39.52
"榆垡" 20160328 96.125 90.875 0.916666666666667 71.25 66.4166666666667 32 "对照点及区域点" 116.3 39.52
"榆垡" 20160412 78.7916666666667 89.2916666666667 0.933333333333333 65.5 43.2916666666667 5.66666666666667 "对照点及区域点" 116.3 39.52
"榆垡" 20161126 356.565217391304 379.625 4.1125 69.5 14.6666666666667 20.7083333333333 "对照点及区域点" 116.3 39.52
"榆垡" 20161005 51.3333333333333 53.2916666666667 1.3 19.7083333333333 21.2083333333333 2 "对照点及区域点" 116.3 39.52
"榆垡" 20160114 170.173913043478 188.95652173913 5.06086956521739 104.304347826087 16.5652173913043 46.6086956521739 "对照点及区域点" 116.3 39.52
"榆垡" 20161012 65.2083333333333 113.708333333333 1.02083333333333 18.7083333333333 22.9166666666667 4.25 "对照点及区域点" 116.3 39.52
"榆垡" 20160411 56.9230769230769 84.5789473684211 0.91304347826087 50.9130434782609 64 10.304347826087 "对照点及区域点" 116.3 39.52
"榆垡" 20160217 58.5 72.75 1.54166666666667 32.6666666666667 60.375 22.3333333333333 "对照点及区域点" 116.3 39.52
"榆垡" 20161217 321.875 316.708333333333 5.25416666666667 81.2916666666667 11.1666666666667 21 "对照点及区域点" 116.3 39.52
"榆垡" 20160113 124.954545454545 143.863636363636 2.92727272727273 71.4545454545455 27.4090909090909 32.4545454545455 "对照点及区域点" 116.3 39.52
"榆垡" 20160118 25.4583333333333 60.6666666666667 0.879166666666667 22.2083333333333 67.625 9.95833333333333 "对照点及区域点" 116.3 39.52
"榆垡" 20160410 63.0666666666667 134.875 1.075 48.5833333333333 72.0416666666667 15.5 "对照点及区域点" 116.3 39.52
"榆垡" 20160110 165.458333333333 285 4.41666666666667 83.2916666666667 20.125 26.875 "对照点及区域点" 116.3 39.52
"榆垡" 20160223 14.7083333333333 60.375 0.5 10.875 85.2083333333333 8.125 "对照点及区域点" 116.3 39.52
"榆垡" 20160417 13.875 41.3333333333333 0.3375 42.375 60.5 2.875 "对照点及区域点" 116.3 39.52
"榆垡" 20160311 42.0416666666667 63.4583333333333 0.916666666666667 44.5416666666667 58.4583333333333 10.9583333333333 "对照点及区域点" 116.3 39.52
"榆垡" 20160409 98.4285714285714 104.041666666667 1.0375 72.25 64.0416666666667 20.9583333333333 "对照点及区域点" 116.3 39.52
"榆垡" 20161116 145 132.454545454545 3.0695652173913 57.2608695652174 11.6818181818182 10.4782608695652 "对照点及区域点" 116.3 39.52
"榆垡" 20160119 86.3181818181818 70.0454545454545 2.31363636363636 59.2857142857143 32 22 "对照点及区域点" 116.3 39.52
"榆垡" 20160401 45.9166666666667 149.25 0.554166666666667 36.7083333333333 78.4583333333333 6.33333333333333 "对照点及区域点" 116.3 39.52
"榆垡" 20160416 31 87.2222222222222 0.372222222222222 25.3888888888889 78.5555555555556 3.77777777777778 "对照点及区域点" 116.3 39.52
"榆垡" 20160111 33.25 79.3333333333333 1.25833333333333 39.0416666666667 39.375 6.41666666666667 "对照点及区域点" 116.3 39.52
"榆垡" 20160115 195.954545454545 243.125 5.08333333333333 104.958333333333 14 42.3333333333333 "对照点及区域点" 116.3 39.52
"榆垡" 20160418 15.4736842105263 37.6470588235294 0.552631578947368 34.8333333333333 76.4210526315789 2.16666666666667 "对照点及区域点" 116.3 39.52
"榆垡" 20161214 38.125 98.2083333333333 0.734782608695652 41.0833333333333 31.375 13.5 "对照点及区域点" 116.3 39.52
"榆垡" 20160218 53.7083333333333 91.5 1.19583333333333 26.75 66.5 10.2916666666667 "对照点及区域点" 116.3 39.52
"榆垡" 20161015 107.291666666667 113.25 1.14166666666667 28 2.125 2.91666666666667 "对照点及区域点" 116.3 39.52
"榆垡" 20161114 60 131.791666666667 1.49583333333333 26.9166666666667 39.8695652173913 4 "对照点及区域点" 116.3 39.52
"榆垡" 20160117 55.4583333333333 143.041666666667 1.15833333333333 32.25 43.3636363636364 14.5416666666667 "对照点及区域点" 116.3 39.52
"榆垡" 20160219 35.5416666666667 61 1.05416666666667 30.3333333333333 55.375 10.125 "对照点及区域点" 116.3 39.52
"榆垡" 20160414 43.4782608695652 136.045454545455 0.530434782608696 37.6521739130435 88.1739130434783 6 "对照点及区域点" 116.3 39.52
"榆垡" 20161013 159.75 136.375 1.26666666666667 26 29.0416666666667 4.54545454545455 "对照点及区域点" 116.3 39.52
"榆垡" 20160415 73.8695652173913 73.5652173913043 1.42173913043478 66.0909090909091 71.6086956521739 22.8695652173913 "对照点及区域点" 116.3 39.52
"榆垡" 20161016 87.5833333333333 142.375 0.85 17.2083333333333 31.125 2.79166666666667 "对照点及区域点" 116.3 39.52
"榆垡" 20160112 49.9166666666667 55.695652173913 1.6875 56.75 27.625 13.3333333333333 "对照点及区域点" 116.3 39.52
