"大兴" 20160929 71.4166666666667 75 0.75 89.3333333333333 41.2916666666667 5.875 "郊区环境评价点" 116.404 39.718
"大兴" 20160828 14.4166666666667 56.2083333333333 0.345833333333333 45.9583333333333 64.6666666666667 2.79166666666667 "郊区环境评价点" 116.404 39.718
"大兴" 20161112 85.1666666666667 132.125 1.88333333333333 79.0416666666667 10.7083333333333 14.3333333333333 "郊区环境评价点" 116.404 39.718
"大兴" 20161010 109.666666666667 94.9166666666667 1.52083333333333 95.6666666666667 10.5833333333333 11.0416666666667 "郊区环境评价点" 116.404 39.718
"大兴" 20160911 35.2083333333333 57.7083333333333 0.875 40.25 78.25 2.20833333333333 "郊区环境评价点" 116.404 39.718
"大兴" 20160919 15.5238095238095 36.5833333333333 0.425 51.8181818181818 32.625 2.33333333333333 "郊区环境评价点" 116.404 39.718
"大兴" 20161011 140.291666666667 188.083333333333 1.78333333333333 95.0416666666667 18.9583333333333 7.95833333333333 "郊区环境评价点" 116.404 39.718
"大兴" 20161113 107.166666666667 113.708333333333 2.575 77.375 2 13.125 "郊区环境评价点" 116.404 39.718
"大兴" 20161013 127.444444444444 125.555555555556 1.68888888888889 71.3333333333333 2 2.77777777777778 "郊区环境评价点" 116.404 39.718
"大兴" 20160918 23.0833333333333 51.0454545454545 0.654166666666667 36.7083333333333 18.2916666666667 2.54166666666667 "郊区环境评价点" 116.404 39.718
"大兴" 20160912 34.9583333333333 48.5 0.866666666666667 39.4583333333333 68.25 2 "郊区环境评价点" 116.404 39.718
"大兴" 20160710 76.125 113.347826086957 0.770833333333333 26.4166666666667 117.541666666667 5.08333333333333 "郊区环境评价点" 116.404 39.718
"大兴" 20161016 109.625 195.041666666667 1.16666666666667 46.9583333333333 32.4166666666667 2.375 "郊区环境评价点" 116.404 39.718
"大兴" 20161002 182.666666666667 230 1.67916666666667 115.291666666667 51.4583333333333 5 "郊区环境评价点" 116.404 39.718
"大兴" 20160921 73.125 84 0.8 89.3333333333333 38.25 8.41666666666667 "郊区环境评价点" 116.404 39.718
"大兴" 20161114 51.875 141.625 1.43333333333333 47.6666666666667 35 5.75 "郊区环境评价点" 116.404 39.718
"大兴" 20161111 155.208333333333 233.208333333333 2.75 83.75 3.70833333333333 19.4166666666667 "郊区环境评价点" 116.404 39.718
"大兴" 20160924 145.583333333333 178.041666666667 1.27083333333333 83.1666666666667 87.7083333333333 2.83333333333333 "郊区环境评价点" 116.404 39.718
"大兴" 20160920 31.6 57.5 0.75625 86.4375 8.5625 4.1875 "郊区环境评价点" 116.404 39.718
"大兴" 20161005 64.625 59.2083333333333 1.35 51.9583333333333 27.4166666666667 2.04166666666667 "郊区环境评价点" 116.404 39.718
"大兴" 20160930 109.208333333333 119.583333333333 1.02083333333333 109.875 66.7916666666667 8.58333333333333 "郊区环境评价点" 116.404 39.718
"大兴" 20161110 173.583333333333 236.666666666667 1.6 64.0416666666667 7.41666666666667 10.9166666666667 "郊区环境评价点" 116.404 39.718
"大兴" 20161014 NA NA NA NA NA NA "郊区环境评价点" 116.404 39.718
"大兴" 20160922 120.458333333333 119.25 1.19166666666667 112.9375 63.5416666666667 8.41666666666667 "郊区环境评价点" 116.404 39.718
"大兴" 20160616 38.4583333333333 62.3333333333333 0.608333333333333 63.4583333333333 83.9583333333333 3.41666666666667 "郊区环境评价点" 116.404 39.718
"大兴" 20161021 NA 36.3333333333333 0.995454545454545 19.5 12.4166666666667 2.5 "郊区环境评价点" 116.404 39.718
"大兴" 20161117 109.125 161.416666666667 2.42083333333333 71.9166666666667 2.45833333333333 20.0416666666667 "郊区环境评价点" 116.404 39.718
"大兴" 20161119 160.375 228.25 2.70416666666667 81.5 14.6666666666667 10.8333333333333 "郊区环境评价点" 116.404 39.718
"大兴" 20161006 67.875 107 1.43333333333333 60.8333333333333 8.33333333333333 2.45833333333333 "郊区环境评价点" 116.404 39.718
"大兴" 20160714 31.9166666666667 54.125 0.916666666666667 45.2083333333333 96.25 7.875 "郊区环境评价点" 116.404 39.718
"大兴" 20161116 116.521739130435 119.727272727273 2.4304347826087 94.4782608695652 6.21739130434783 21.0869565217391 "郊区环境评价点" 116.404 39.718
"大兴" 20161012 79.1304347826087 128.347826086957 1.04782608695652 72.3913043478261 25.7391304347826 4.1304347826087 "郊区环境评价点" 116.404 39.718
"大兴" 20160913 71.2222222222222 59.2222222222222 0.966666666666667 66 15.4444444444444 2.11111111111111 "郊区环境评价点" 116.404 39.718
"大兴" 20160829 22.3333333333333 53.875 0.541666666666667 54.5833333333333 69.9166666666667 3.70833333333333 "郊区环境评价点" 116.404 39.718
"大兴" 20161009 48.4166666666667 57.0416666666667 0.708333333333333 63.9166666666667 13.875 4.83333333333333 "郊区环境评价点" 116.404 39.718
"大兴" 20161019 220.916666666667 204.75 1.96666666666667 79.4166666666667 2.41666666666667 8.08333333333333 "郊区环境评价点" 116.404 39.718
"大兴" 20161024 NA 65.3913043478261 1.05454545454545 19.0454545454545 3.36363636363636 5.68181818181818 "郊区环境评价点" 116.404 39.718
"大兴" 20161115 53.0833333333333 54.5416666666667 1.85416666666667 76.25 10.875 18.5833333333333 "郊区环境评价点" 116.404 39.718
"大兴" 20160715 30.4166666666667 50.7916666666667 0.7 48.2083333333333 52.875 2 "郊区环境评价点" 116.404 39.718
"大兴" 20160902 20.3333333333333 57.7083333333333 0.554166666666667 51.25 32.6666666666667 2.5 "郊区环境评价点" 116.404 39.718
"大兴" 20160811 71.3333333333333 98 0.795833333333333 24.5 106.625 5.83333333333333 "郊区环境评价点" 116.404 39.718
"大兴" 20160712 35.75 85.625 0.570833333333333 39.625 73.2083333333333 5.25 "郊区环境评价点" 116.404 39.718
"大兴" 20161018 126.875 118.083333333333 1.55833333333333 70.1304347826087 8.625 8.45833333333333 "郊区环境评价点" 116.404 39.718
"大兴" 20160928 20.1666666666667 32.5416666666667 0.379166666666667 51.6666666666667 28.5416666666667 3.41666666666667 "郊区环境评价点" 116.404 39.718
"大兴" 20161003 117.541666666667 185.208333333333 1.18333333333333 80.375 59.4166666666667 3.33333333333333 "郊区环境评价点" 116.404 39.718
"大兴" 20160923 117.727272727273 148.5 1.20909090909091 70.8636363636364 105 2.27272727272727 "郊区环境评价点" 116.404 39.718
"大兴" 20160711 82.75 99.0416666666667 0.6875 27.1666666666667 126.041666666667 9.625 "郊区环境评价点" 116.404 39.718
"大兴" 20161017 78 123.666666666667 1.15 51.1666666666667 25.625 5.375 "郊区环境评价点" 116.404 39.718
"大兴" 20160925 198.333333333333 239.916666666667 1.75 96.125 84.25 6.58333333333333 "郊区环境评价点" 116.404 39.718
"大兴" 20161120 64.6666666666667 145.166666666667 1.34166666666667 52.3333333333333 2.66666666666667 8.29166666666667 "郊区环境评价点" 116.404 39.718
"大兴" 20161007 41.3913043478261 65.1304347826087 1.66086956521739 49.4782608695652 8.8695652173913 2 "郊区环境评价点" 116.404 39.718
"大兴" 20160907 45 60 0.6 52 31 11 "郊区环境评价点" 116.404 39.718
"大兴" 20161105 182.458333333333 265.695652173913 3.05833333333333 111.75 14.625 6.625 "郊区环境评价点" 116.404 39.718
"大兴" 20160307 45.75 144.375 5.92727272727273 38.2916666666667 57.2 22.6 "郊区环境评价点" 116.404 39.718
"大兴" 20160914 95 89.3333333333333 1.13333333333333 27.7777777777778 164.375 8.77777777777778 "郊区环境评价点" 116.404 39.718
"大兴" 20161001 166.958333333333 183.5 1.61666666666667 137.583333333333 42.2083333333333 10.5416666666667 "郊区环境评价点" 116.404 39.718
"大兴" 20160509 67.3 117.1 0.75 50.8 45.1 11.3 "郊区环境评价点" 116.404 39.718
"大兴" 20161015 185.090909090909 211.857142857143 2.60714285714286 131.928571428571 2 5.07142857142857 "郊区环境评价点" 116.404 39.718
"大兴" 20160906 34.7777777777778 59.4117647058824 0.722222222222222 59.3888888888889 44.25 2.55555555555556 "郊区环境评价点" 116.404 39.718
"大兴" 20160617 36.9166666666667 70.9583333333333 0.658333333333333 60.25 59.625 6.125 "郊区环境评价点" 116.404 39.718
"大兴" 20161022 NA 15.875 0.841666666666667 13.8333333333333 11.4583333333333 2.5 "郊区环境评价点" 116.404 39.718
"大兴" 20161118 181.833333333333 178.916666666667 4.14583333333333 85.0833333333333 2.20833333333333 26.1666666666667 "郊区环境评价点" 116.404 39.718
"大兴" 20161210 105.833333333333 109 2.99166666666667 84.625 6.04166666666667 19.125 "郊区环境评价点" 116.404 39.718
"大兴" 20160905 36.1666666666667 66.6666666666667 0.654166666666667 46.7083333333333 94.7083333333333 2.16666666666667 "郊区环境评价点" 116.404 39.718
"大兴" 20160305 64.0416666666667 278.5 4.74583333333333 25.2916666666667 68.625 6.875 "郊区环境评价点" 116.404 39.718
"大兴" 20160510 79 73.2222222222222 0.688888888888889 29 155.777777777778 8.77777777777778 "郊区环境评价点" 116.404 39.718
"大兴" 20161004 34.25 108.25 0.9375 45.5416666666667 21.625 2.04166666666667 "郊区环境评价点" 116.404 39.718
"大兴" 20161109 173.727272727273 140.5 2.1375 90.2083333333333 3.875 19.6666666666667 "郊区环境评价点" 116.404 39.718
"大兴" 20160830 38.5 76.4583333333333 0.770833333333333 64.6666666666667 97.125 3.83333333333333 "郊区环境评价点" 116.404 39.718
"大兴" 20160304 312.458333333333 368.375 5.43333333333333 111.958333333333 13.375 70.7083333333333 "郊区环境评价点" 116.404 39.718
"大兴" 20161020 NA 36.0666666666667 1.28666666666667 25.7333333333333 10.5333333333333 5.8 "郊区环境评价点" 116.404 39.718
"大兴" 20161025 120.857142857143 128.958333333333 1.48333333333333 19.9583333333333 5.29166666666667 8.04166666666667 "郊区环境评价点" 116.404 39.718
"大兴" 20160516 25 54.0434782608696 0.378260869565217 40.0869565217391 76.4347826086957 4 "郊区环境评价点" 116.404 39.718
"大兴" 20160716 37.0416666666667 47.5833333333333 0.7875 54.8333333333333 68.5416666666667 3.04166666666667 "郊区环境评价点" 116.404 39.718
"大兴" 20160903 23.75 61.4166666666667 0.554166666666667 43.2916666666667 81.5833333333333 2.66666666666667 "郊区环境评价点" 116.404 39.718
"大兴" 20160812 78.5333333333333 99.6923076923077 0.753333333333333 30.8666666666667 57.7333333333333 4.73333333333333 "郊区环境评价点" 116.404 39.718
"大兴" 20160713 24.75 71.8333333333333 0.6625 52.25 99.375 3.33333333333333 "郊区环境评价点" 116.404 39.718
"大兴" 20160202 68.2083333333333 66.375 2.21666666666667 72.4583333333333 28.5833333333333 44.25 "郊区环境评价点" 116.404 39.718
"大兴" 20160826 12.4583333333333 40.7916666666667 0.295 42.875 63.9166666666667 3 "郊区环境评价点" 116.404 39.718
"大兴" 20161122 14.5833333333333 23.3333333333333 0.470833333333333 31.5416666666667 45.4166666666667 5.66666666666667 "郊区环境评价点" 116.404 39.718
"大兴" 20160628 91 91.1176470588235 0.970588235294118 33.8333333333333 62.7058823529412 2 "郊区环境评价点" 116.404 39.718
"大兴" 20160909 21.4583333333333 53.9166666666667 0.445833333333333 45.625 50.0416666666667 2.83333333333333 "郊区环境评价点" 116.404 39.718
"大兴" 20161023 NA 44.125 0.6125 16.25 18.7083333333333 4 "郊区环境评价点" 116.404 39.718
"大兴" 20160926 63.8333333333333 148.04347826087 1.45833333333333 66.6666666666667 35.5416666666667 2.08333333333333 "郊区环境评价点" 116.404 39.718
"大兴" 20161121 10.7916666666667 63.75 0.470833333333333 22.1666666666667 51.75 3 "郊区环境评价点" 116.404 39.718
"大兴" 20161008 15.3478260869565 40.2608695652174 0.343478260869565 32 46.4782608695652 2.17391304347826 "郊区环境评价点" 116.404 39.718
"大兴" 20160908 20.5833333333333 53.1428571428571 0.538461538461538 34.4615384615385 113.692307692308 2 "郊区环境评价点" 116.404 39.718
"大兴" 20161106 77 164.333333333333 1.07083333333333 60.4583333333333 23.5416666666667 11.7083333333333 "郊区环境评价点" 116.404 39.718
"大兴" 20160308 11 39.6428571428571 NA 20.3333333333333 78.1111111111111 5 "郊区环境评价点" 116.404 39.718
"大兴" 20160915 101.791666666667 124.333333333333 1.0125 43.7916666666667 110.291666666667 4.66666666666667 "郊区环境评价点" 116.404 39.718
"大兴" 20160831 20.2083333333333 68.0416666666667 0.458333333333333 64.3333333333333 55.5833333333333 2.125 "郊区环境评价点" 116.404 39.718
"大兴" 20160520 88.75 117.083333333333 1.17916666666667 58.875 134.708333333333 22.5416666666667 "郊区环境评价点" 116.404 39.718
"大兴" 20161212 232.105263157895 281.578947368421 3.03684210526316 114.947368421053 2.63157894736842 46.4736842105263 "郊区环境评价点" 116.404 39.718
"大兴" 20161127 86.6666666666667 303.916666666667 1.7125 61.0833333333333 28.5833333333333 10.3333333333333 "郊区环境评价点" 116.404 39.718
"大兴" 20160618 48.3333333333333 75.7916666666667 0.745833333333333 49.8333333333333 111.916666666667 6 "郊区环境评价点" 116.404 39.718
"大兴" 20160717 72.1666666666667 84.4583333333333 1.09166666666667 62.1666666666667 108.458333333333 4.33333333333333 "郊区环境评价点" 116.404 39.718
"大兴" 20160519 80.0833333333333 104.833333333333 0.8375 31.8333333333333 184.25 22.75 "郊区环境评价点" 116.404 39.718
"大兴" 20161211 219.5 200.347826086957 3.22083333333333 110.958333333333 5.20833333333333 36.9583333333333 "郊区环境评价点" 116.404 39.718
"大兴" 20161126 339.083333333333 345.458333333333 4.44583333333333 123.708333333333 5.58333333333333 38.0416666666667 "郊区环境评价点" 116.404 39.718
"大兴" 20160306 99.6666666666667 142.75 3.725 86.7083333333333 18.5 43.1666666666667 "郊区环境评价点" 116.404 39.718
"大兴" 20160511 138.409090909091 122.166666666667 1.28333333333333 36.5416666666667 129.041666666667 17 "郊区环境评价点" 116.404 39.718
"大兴" 20160807 17.8260869565217 73.3 0.673913043478261 29 90.2173913043478 2 "郊区环境评价点" 116.404 39.718
"大兴" 20160518 55.5833333333333 86.5 0.629166666666667 29.5 138.083333333333 12.375 "郊区环境评价点" 116.404 39.718
"大兴" 20160212 183.75 228.333333333333 3.2625 62.3333333333333 21.375 25.25 "郊区环境评价点" 116.404 39.718
"大兴" 20161125 244.333333333333 246.958333333333 4.1875 121.375 5.16666666666667 56.25 "郊区环境评价点" 116.404 39.718
"大兴" 20160927 31.9166666666667 83.4583333333333 0.841666666666667 35.9583333333333 41.8333333333333 2 "郊区环境评价点" 116.404 39.718
"大兴" 20161026 48.3809523809524 117.105263157895 0.890476190476191 12.5238095238095 16.9047619047619 6.14285714285714 "郊区环境评价点" 116.404 39.718
"大兴" 20160517 61.9583333333333 81.3333333333333 0.770833333333333 48 123.958333333333 14.375 "郊区环境评价点" 116.404 39.718
"大兴" 20160904 61.4583333333333 75.5 0.891666666666667 57.9583333333333 96.375 5.75 "郊区环境评价点" 116.404 39.718
"大兴" 20161124 128.95652173913 149.217391304348 2.33478260869565 79.8695652173913 14 39.4347826086956 "郊区环境评价点" 116.404 39.718
"大兴" 20160813 25.8333333333333 56.25 0.783333333333333 50.7916666666667 26.5833333333333 2 "郊区环境评价点" 116.404 39.718
"大兴" 20160112 38.0434782608696 27.8260869565217 1.12916666666667 50.4166666666667 32.5416666666667 20.5833333333333 "郊区环境评价点" 116.404 39.718
"大兴" 20160203 134.416666666667 170.833333333333 5.00833333333333 83.2916666666667 25.9583333333333 63.7916666666667 "郊区环境评价点" 116.404 39.718
"大兴" 20160827 24.2083333333333 59.2083333333333 0.445833333333333 56.125 44.1666666666667 5.41666666666667 "郊区环境评价点" 116.404 39.718
"大兴" 20161123 89.2916666666667 63.2916666666667 1.45833333333333 63.1666666666667 17.625 25.75 "郊区环境评价点" 116.404 39.718
"大兴" 20160629 117.666666666667 141.333333333333 0.854166666666667 36.8636363636364 77.1666666666667 2 "郊区环境评价点" 116.404 39.718
"大兴" 20160910 19.9583333333333 54.125 0.395833333333333 47.0416666666667 59.75 3.08333333333333 "郊区环境评价点" 116.404 39.718
"大兴" 20160423 27.4583333333333 67.3333333333333 0.358333333333333 36.5833333333333 58.125 3.625 "郊区环境评价点" 116.404 39.718
"大兴" 20160310 16.6666666666667 55 0.279166666666667 22.6666666666667 61.0416666666667 9.83333333333333 "郊区环境评价点" 116.404 39.718
"大兴" 20160917 42.9166666666667 116.708333333333 0.933333333333333 40.0833333333333 44.625 4.41666666666667 "郊区环境评价点" 116.404 39.718
"大兴" 20160720 28.9166666666667 104.25 0.7875 25.6666666666667 58.7916666666667 2 "郊区环境评价点" 116.404 39.718
"大兴" 20160522 54.125 92.3333333333333 0.766666666666667 64.5833333333333 118.583333333333 11.0416666666667 "郊区环境评价点" 116.404 39.718
"大兴" 20161107 49.4166666666667 100.041666666667 0.779166666666667 45.75 27 4.58333333333333 "郊区环境评价点" 116.404 39.718
"大兴" 20160309 11.35 29.7619047619048 0.536363636363636 21.5652173913043 59.9130434782609 5.82608695652174 "郊区环境评价点" 116.404 39.718
"大兴" 20160916 152.583333333333 189.708333333333 1.14583333333333 43.5833333333333 93.2916666666667 4.41666666666667 "郊区环境评价点" 116.404 39.718
"大兴" 20160901 11.8333333333333 53.4583333333333 0.295833333333333 47.5 47.125 2.04166666666667 "郊区环境评价点" 116.404 39.718
"大兴" 20160521 75.9166666666667 113.875 1.12916666666667 60.4166666666667 119.833333333333 23.75 "郊区环境评价点" 116.404 39.718
"大兴" 20161213 98.3478260869565 226.739130434783 1.98260869565217 74.2608695652174 9.95652173913044 14 "郊区环境评价点" 116.404 39.718
"大兴" 20161128 115.75 98.5833333333333 2.20416666666667 86.25 11.625 51.125 "郊区环境评价点" 116.404 39.718
"大兴" 20160619 64.8333333333333 83.1666666666667 0.720833333333333 41.7916666666667 141.625 6.95833333333333 "郊区环境评价点" 116.404 39.718
"大兴" 20160718 104.25 119.541666666667 1.27083333333333 64.75 61.4166666666667 5.66666666666667 "郊区环境评价点" 116.404 39.718
"大兴" 20160809 41.6666666666667 71.7333333333333 1.20666666666667 27.9333333333333 143.466666666667 10.8 "郊区环境评价点" 116.404 39.718
"大兴" 20160505 86.7916666666667 76.9583333333333 1.17083333333333 54.6666666666667 73.0416666666667 18.8333333333333 "郊区环境评价点" 116.404 39.718
"大兴" 20160214 6.91666666666667 21.5 0.379166666666667 11.75 67.125 3.29166666666667 "郊区环境评价点" 116.404 39.718
"大兴" 20160703 86.2916666666667 89.25 1.00833333333333 50.7083333333333 129.625 12.3333333333333 "郊区环境评价点" 116.404 39.718
"大兴" 20160512 40.5416666666667 135.125 0.633333333333333 34.375 55.625 2 "郊区环境评价点" 116.404 39.718
"大兴" 20160808 33.6666666666667 49.4705882352941 0.822222222222222 35.2222222222222 77.6666666666667 2.44444444444444 "郊区环境评价点" 116.404 39.718
"大兴" 20160314 92.2727272727273 86.8181818181818 1.27142857142857 61.1818181818182 40.8181818181818 33 "郊区环境评价点" 116.404 39.718
"大兴" 20160213 11.3333333333333 123.791666666667 0.425 9.70833333333333 67.2083333333333 4.54166666666667 "郊区环境评价点" 116.404 39.718
"大兴" 20160526 22.6666666666667 60.7916666666667 0.266666666666667 27.9166666666667 97.125 2.54166666666667 "郊区环境评价点" 116.404 39.718
"大兴" 20160321 132.791666666667 138.916666666667 1.35416666666667 70.375 65.5 28.3333333333333 "郊区环境评价点" 116.404 39.718
"大兴" 20161027 36.875 59.1666666666667 1.24166666666667 12.6153846153846 2.29166666666667 6.54166666666667 "郊区环境评价点" 116.404 39.718
"大兴" 20160205 10.0416666666667 31.0416666666667 0.404166666666667 19.875 73.2916666666667 5.45833333333333 "郊区环境评价点" 116.404 39.718
"大兴" 20160609 99.5714285714286 192.5 1.18095238095238 41.3333333333333 127.095238095238 7.85714285714286 "郊区环境评价点" 116.404 39.718
"大兴" 20160411 48.8 91.9473684210526 0.665217391304348 41.4347826086956 58.1304347826087 11.7391304347826 "郊区环境评价点" 116.404 39.718
"大兴" 20160814 21.1666666666667 47.6666666666667 0.683333333333333 54.25 62.375 2.66666666666667 "郊区环境评价点" 116.404 39.718
"大兴" 20160113 149.166666666667 126.875 3.27916666666667 89.25 17.125 59.9166666666667 "郊区环境评价点" 116.404 39.718
"大兴" 20160204 17.9583333333333 76.875 0.716666666666667 40.25 50.3333333333333 14.1666666666667 "郊区环境评价点" 116.404 39.718
"大兴" 20160623 66.0833333333333 81.2083333333333 1.0875 30.0869565217391 105.666666666667 6.91666666666667 "郊区环境评价点" 116.404 39.718
"大兴" 20160707 109.208333333333 116.25 1.2125 38.5 162.416666666667 10.1666666666667 "郊区环境评价点" 116.404 39.718
"大兴" 20160630 82.3333333333333 136.541666666667 0.804166666666667 53.25 104.583333333333 2 "郊区环境评价点" 116.404 39.718
"大兴" 20160105 60.0454545454545 46.3333333333333 2.22 50.0416666666667 30.6666666666667 23.1666666666667 "郊区环境评价点" 116.404 39.718
"大兴" 20160424 102.958333333333 92.625 0.941666666666667 49 74.25 27.5833333333333 "郊区环境评价点" 116.404 39.718
"大兴" 20160311 21.7916666666667 58.25 0.341666666666667 33.9583333333333 55.0833333333333 8.58333333333333 "郊区环境评价点" 116.404 39.718
"大兴" 20160607 66.6666666666667 112.916666666667 1.0625 24.6666666666667 96.7083333333333 2.33333333333333 "郊区环境评价点" 116.404 39.718
"大兴" 20160721 23.4583333333333 24.875 0.983333333333333 42.4166666666667 29.375 2 "郊区环境评价点" 116.404 39.718
"大兴" 20160523 70.7916666666667 89.75 1.07916666666667 47.9166666666667 93.0833333333333 19.7916666666667 "郊区环境评价点" 116.404 39.718
"大兴" 20161108 48.9583333333333 53.5833333333333 0.8875 58.0416666666667 19.25 9.125 "郊区环境评价点" 116.404 39.718
"大兴" 20160530 83.9583333333333 100.75 1.16666666666667 53.2916666666667 141.666666666667 20.5416666666667 "郊区环境评价点" 116.404 39.718
"大兴" 20160606 97.0416666666667 107.25 0.975 36.5 137.291666666667 9.83333333333333 "郊区环境评价点" 116.404 39.718
"大兴" 20161207 181.130434782609 221.739130434783 3.72173913043478 120.695652173913 4.65217391304348 29.7826086956522 "郊区环境评价点" 116.404 39.718
"大兴" 20160209 80.125 175.25 1.95416666666667 47.25 51 42.125 "郊区环境评价点" 116.404 39.718
"大兴" 20161214 33.7916666666667 55.625 0.783333333333333 55.8333333333333 24.375 10.9166666666667 "郊区环境评价点" 116.404 39.718
"大兴" 20161129 139.25 185.125 4.03333333333333 101.041666666667 3.08333333333333 43.9583333333333 "郊区环境评价点" 116.404 39.718
"大兴" 20160620 87.3333333333333 115.958333333333 0.945833333333333 33.125 156.291666666667 7 "郊区环境评价点" 116.404 39.718
"大兴" 20160719 113.166666666667 144.375 1.7125 72 13.3333333333333 2.16666666666667 "郊区环境评价点" 116.404 39.718
"大兴" 20160810 76.4090909090909 84.65 0.813636363636364 22.4090909090909 113.545454545455 3.5 "郊区环境评价点" 116.404 39.718
"大兴" 20160506 111.541666666667 205.5 0.2375 15.9166666666667 82.625 2 "郊区环境评价点" 116.404 39.718
"大兴" 20160215 10.4166666666667 24.7083333333333 0.479166666666667 17.0833333333333 63.125 4.66666666666667 "郊区环境评价点" 116.404 39.718
"大兴" 20160704 111.458333333333 144.625 0.995833333333333 42.0416666666667 126.583333333333 4.95833333333333 "郊区环境评价点" 116.404 39.718
"大兴" 20160513 37.5 61.1666666666667 0.616666666666667 46.5833333333333 64.75 6.83333333333333 "郊区环境评价点" 116.404 39.718
"大兴" 20160626 44.4583333333333 73.3333333333333 0.516666666666667 2.625 120.916666666667 5.875 "郊区环境评价点" 116.404 39.718
"大兴" 20160315 139.166666666667 133.722222222222 1.47777777777778 69.1111111111111 33.0555555555556 44.5555555555556 "郊区环境评价点" 116.404 39.718
"大兴" 20161227 49.125 58.7083333333333 1.1 60.8333333333333 23.25 13.0833333333333 "郊区环境评价点" 116.404 39.718
"大兴" 20160527 53.7916666666667 74.9166666666667 0.625 44.375 99.0833333333333 15.5416666666667 "郊区环境评价点" 116.404 39.718
"大兴" 20160322 113.166666666667 182.791666666667 1.60416666666667 82.7083333333333 29.6666666666667 27.75 "郊区环境评价点" 116.404 39.718
"大兴" 20161028 14.1666666666667 48.4166666666667 0.458333333333333 36 27.5416666666667 2.20833333333333 "郊区环境评价点" 116.404 39.718
"大兴" 20160206 66.7083333333333 51.1666666666667 1.39583333333333 39.8333333333333 51.125 29.5 "郊区环境评价点" 116.404 39.718
"大兴" 20160610 60.0416666666667 102.25 0.7 25.7083333333333 111.375 2.41666666666667 "郊区环境评价点" 116.404 39.718
"大兴" 20160412 73.25 86.8333333333333 0.908333333333333 64.5416666666667 32.375 7.5 "郊区环境评价点" 116.404 39.718
"大兴" 20160815 17.2916666666667 60.7916666666667 0.575 31.875 57.125 2 "郊区环境评价点" 116.404 39.718
"大兴" 20160114 167.291666666667 234.375 5.00416666666667 102.666666666667 21.0833333333333 60.0416666666667 "郊区环境评价点" 116.404 39.718
"大兴" 20160426 76.0416666666667 113.583333333333 1.17083333333333 45.625 88 19.8333333333333 "郊区环境评价点" 116.404 39.718
"大兴" 20160624 12.7083333333333 66 0.420833333333333 27.7083333333333 66.125 2.04166666666667 "郊区环境评价点" 116.404 39.718
"大兴" 20160708 85.1666666666667 123.083333333333 1.1375 38.3333333333333 120.375 7 "郊区环境评价点" 116.404 39.718
"大兴" 20160701 25.25 80.0416666666667 0.466666666666667 40.7916666666667 98.7916666666667 2.04166666666667 "郊区环境评价点" 116.404 39.718
"大兴" 20160106 75.4166666666667 136.916666666667 2.05416666666667 57.375 30.7083333333333 29.5 "郊区环境评价点" 116.404 39.718
"大兴" 20160425 87.4166666666667 128.458333333333 0.791666666666667 29.7916666666667 108.75 17.0833333333333 "郊区环境评价点" 116.404 39.718
"大兴" 20160312 114.333333333333 91.5833333333333 1.44166666666667 76.625 28.2083333333333 50.6666666666667 "郊区环境评价点" 116.404 39.718
"大兴" 20160608 154.625 141.958333333333 1.47916666666667 42.25 111.375 3.45833333333333 "郊区环境评价点" 116.404 39.718
"大兴" 20160722 67.0833333333333 70.0416666666667 1.22083333333333 37.2916666666667 75.3333333333333 2 "郊区环境评价点" 116.404 39.718
"大兴" 20160524 24.9583333333333 62.7083333333333 0.366666666666667 29.4166666666667 84.0833333333333 4.375 "郊区环境评价点" 116.404 39.718
"大兴" 20161216 259.458333333333 196.625 3.32083333333333 110.833333333333 8.29166666666667 32.125 "郊区环境评价点" 116.404 39.718
"大兴" 20160531 36.5 99.125 0.595833333333333 30.8333333333333 89.6666666666667 8.75 "郊区环境评价点" 116.404 39.718
"大兴" 20160622 53.3333333333333 109.333333333333 0.733333333333333 30.0416666666667 133.333333333333 2.95833333333333 "郊区环境评价点" 116.404 39.718
"大兴" 20161208 122.083333333333 228.086956521739 2.05416666666667 70.6666666666667 26.3333333333333 12.9583333333333 "郊区环境评价点" 116.404 39.718
"大兴" 20160210 109.083333333333 112.25 3.26666666666667 70.1666666666667 27.1666666666667 66.5416666666667 "郊区环境评价点" 116.404 39.718
"大兴" 20161215 70.625 88.875 1.51666666666667 60.2083333333333 24.6666666666667 18.2916666666667 "郊区环境评价点" 116.404 39.718
"大兴" 20160217 62.8333333333333 52.9166666666667 1.39583333333333 43.5833333333333 43.125 23.3333333333333 "郊区环境评价点" 116.404 39.718
"大兴" 20160621 107.095238095238 121.347826086957 1.12727272727273 49.7272727272727 124.772727272727 3.13636363636364 "郊区环境评价点" 116.404 39.718
"大兴" 20161031 9.16666666666667 41.25 0.295833333333333 24.875 46.6666666666667 2.83333333333333 "郊区环境评价点" 116.404 39.718
"大兴" 20160430 174.5 228.833333333333 1.80833333333333 80.625 118 12.9583333333333 "郊区环境评价点" 116.404 39.718
"大兴" 20160507 33.7083333333333 66.7916666666667 0.295833333333333 33.125 82.3333333333333 3.45833333333333 "郊区环境评价点" 116.404 39.718
"大兴" 20160216 10.9583333333333 40.625 0.4625 21.25 64.3333333333333 6.54166666666667 "郊区环境评价点" 116.404 39.718
"大兴" 20160705 89.9166666666667 129.541666666667 0.883333333333333 35.75 140.041666666667 5.58333333333333 "郊区环境评价点" 116.404 39.718
"大兴" 20160514 41.7083333333333 56.875 0.666666666666667 31.5416666666667 56.125 2.41666666666667 "郊区环境评价点" 116.404 39.718
"大兴" 20160627 59 75.5833333333333 0.725 2 108.458333333333 7.41666666666667 "郊区环境评价点" 116.404 39.718
"大兴" 20160316 233.041666666667 240.75 2.04583333333333 75.625 60.3333333333333 40.9166666666667 "郊区环境评价点" 116.404 39.718
"大兴" 20161228 176 128.571428571429 2.21428571428571 66.8571428571429 12.5384615384615 31.1428571428571 "郊区环境评价点" 116.404 39.718
"大兴" 20160528 42.7916666666667 82.3333333333333 0.591666666666667 30.9166666666667 122.708333333333 12.625 "郊区环境评价点" 116.404 39.718
"大兴" 20160323 26.4761904761905 92.875 0.579166666666667 42.375 48.5416666666667 4.95833333333333 "郊区环境评价点" 116.404 39.718
"大兴" 20160116 129.708333333333 181.166666666667 2.5625 67.9166666666667 12.8333333333333 43.375 "郊区环境评价点" 116.404 39.718
"大兴" 20160207 131.75 124.875 2 49.375 50.0416666666667 51.125 "郊区环境评价点" 116.404 39.718
"大兴" 20160611 13.1666666666667 51.6666666666667 0.333333333333333 27.6666666666667 86.5 2 "郊区环境评价点" 116.404 39.718
"大兴" 20160413 151.166666666667 165.458333333333 1.17916666666667 64.875 63.375 14.0416666666667 "郊区环境评价点" 116.404 39.718
"大兴" 20160816 23.8333333333333 43.75 0.6625 39.4166666666667 75.625 2.375 "郊区环境评价点" 116.404 39.718
"大兴" 20160115 183.875 228.083333333333 5.35416666666667 115.25 20.7916666666667 64.25 "郊区环境评价点" 116.404 39.718
"大兴" 20160427 89.375 106.652173913043 1.11666666666667 63.6666666666667 70.9583333333333 12.375 "郊区环境评价点" 116.404 39.718
"大兴" 20160625 15.4583333333333 35.625 0.325 17.7916666666667 82.4166666666667 2.20833333333333 "郊区环境评价点" 116.404 39.718
"大兴" 20160709 74.6666666666667 110.041666666667 0.808333333333333 36.8333333333333 108.958333333333 3.95833333333333 "郊区环境评价点" 116.404 39.718
"大兴" 20160702 41.7083333333333 60.2083333333333 0.545833333333333 41.0833333333333 106.458333333333 2.33333333333333 "郊区环境评价点" 116.404 39.718
"大兴" 20160107 18.7083333333333 38.8695652173913 0.654545454545455 36.2916666666667 38.6363636363636 11.5833333333333 "郊区环境评价点" 116.404 39.718
"大兴" 20161203 340.333333333333 311.083333333333 6.0875 157.083333333333 4.58333333333333 24.5833333333333 "郊区环境评价点" 116.404 39.718
"大兴" 20160313 34.5 114.791666666667 0.466666666666667 34.2083333333333 66.2083333333333 11.3333333333333 "郊区环境评价点" 116.404 39.718
"大兴" 20160328 84.125 85.6666666666667 0.875 56.7083333333333 54.4166666666667 30.6666666666667 "郊区环境评价点" 116.404 39.718
"大兴" 20160723 128.208333333333 128.25 1.375 46.0833333333333 89.375 2.91666666666667 "郊区环境评价点" 116.404 39.718
"大兴" 20160525 10.875 42.25 0.252380952380952 25.7916666666667 103.5 2.57894736842105 "郊区环境评价点" 116.404 39.718
"大兴" 20161217 300.333333333333 329.625 4.50416666666667 130.958333333333 3.41666666666667 35.5 "郊区环境评价点" 116.404 39.718
"大兴" 20160601 30.1666666666667 70.4166666666667 0.35 51.6315789473684 85.9 6.91666666666667 "郊区环境评价点" 116.404 39.718
"大兴" 20160821 63.5416666666667 101.75 1.05 47.625 132.625 3.20833333333333 "郊区环境评价点" 116.404 39.718
"大兴" 20161209 34.2173913043478 63.3809523809524 0.904347826086957 52.8695652173913 25.6521739130435 9.65217391304348 "郊区环境评价点" 116.404 39.718
"大兴" 20160211 166.333333333333 191.708333333333 3.53333333333333 74.375 6.75 49.625 "郊区环境评价点" 116.404 39.718
"大兴" 20160319 76.4583333333333 145.875 1.1625 43.5416666666667 55.6666666666667 18.7916666666667 "郊区环境评价点" 116.404 39.718
"大兴" 20160218 21.375 64.375 0.6 29.8333333333333 60.7916666666667 8.54166666666667 "郊区环境评价点" 116.404 39.718
"大兴" 20160729 115.75 123.75 1.3875 48.75 113.416666666667 2.83333333333333 "郊区环境评价点" 116.404 39.718
"大兴" 20161101 76.375 67.7916666666667 1.1625 60.75 23.0833333333333 13.7083333333333 "郊区环境评价点" 116.404 39.718
"大兴" 20160501 176 224.291666666667 1.99166666666667 41.375 132.25 26.2916666666667 "郊区环境评价点" 116.404 39.718
"大兴" 20160508 85.3636363636364 84.5416666666667 0.916666666666667 44.0416666666667 81.6666666666667 22.0833333333333 "郊区环境评价点" 116.404 39.718
"大兴" 20161130 124.380952380952 176.380952380952 2.44285714285714 83.8571428571429 15.5238095238095 22.047619047619 "郊区环境评价点" 116.404 39.718
"大兴" 20160706 57.0833333333333 105.333333333333 0.779166666666667 33.2083333333333 152.625 7.75 "郊区环境评价点" 116.404 39.718
"大兴" 20160515 40.5 69.0416666666667 0.658333333333333 38.9583333333333 38.1666666666667 2.16666666666667 "郊区环境评价点" 116.404 39.718
"大兴" 20160118 11.0416666666667 51.2083333333333 0.6 20.125 57.7083333333333 6.75 "郊区环境评价点" 116.404 39.718
"大兴" 20160317 263.5 304 2.27916666666667 91.4583333333333 58.75 39.4166666666667 "郊区环境评价点" 116.404 39.718
"大兴" 20160613 55.9166666666667 76.8333333333333 0.829166666666667 44.9583333333333 70.4166666666667 3.33333333333333 "郊区环境评价点" 116.404 39.718
"大兴" 20160529 38.9583333333333 66.625 0.45 31.7083333333333 104.125 5.20833333333333 "郊区环境评价点" 116.404 39.718
"大兴" 20160324 17.125 34.5833333333333 0.433333333333333 43.9583333333333 51.5 3.125 "郊区环境评价点" 116.404 39.718
"大兴" 20160117 35.1666666666667 118.958333333333 0.791666666666667 31.1666666666667 43.375 10.75 "郊区环境评价点" 116.404 39.718
"大兴" 20160208 362.7 386.333333333333 1.8875 51.9583333333333 47.1666666666667 101.125 "郊区环境评价点" 116.404 39.718
"大兴" 20160612 63.7083333333333 75.875 0.845833333333333 35.5416666666667 124.416666666667 7.29166666666667 "郊区环境评价点" 116.404 39.718
"大兴" 20160414 34.2608695652174 124.090909090909 0.404347826086957 29.1739130434783 77.8260869565217 3.34782608695652 "郊区环境评价点" 116.404 39.718
"大兴" 20160817 66.5416666666667 59.375 1.0375 63.9583333333333 40.875 4.66666666666667 "郊区环境评价点" 116.404 39.718
"大兴" 20161029 41 61.4166666666667 0.883333333333333 45.5416666666667 18.0833333333333 9.29166666666667 "郊区环境评价点" 116.404 39.718
"大兴" 20160428 104.916666666667 144.708333333333 1.26666666666667 59.5833333333333 86.4166666666667 10.4583333333333 "郊区环境评价点" 116.404 39.718
"大兴" 20160101 230.25 230.333333333333 NA 125.75 12.1666666666667 50.75 "郊区环境评价点" 116.404 39.718
"大兴" 20160330 36.625 68.875 0.779166666666667 53.875 52.4166666666667 13.375 "郊区环境评价点" 116.404 39.718
"大兴" 20160229 36.875 48.0416666666667 1.02916666666667 46.7083333333333 44.1666666666667 14.5416666666667 "郊区环境评价点" 116.404 39.718
"大兴" 20160108 55.7083333333333 42.25 1.3875 59.6666666666667 21.5833333333333 23.875 "郊区环境评价点" 116.404 39.718
"大兴" 20161204 367.04347826087 428.478260869565 5.90869565217391 137.782608695652 2.56521739130435 11.9565217391304 "郊区环境评价点" 116.404 39.718
"大兴" 20160603 82.875 94.6666666666667 1.2 59.0416666666667 131.291666666667 26.7083333333333 "郊区环境评价点" 116.404 39.718
"大兴" 20160329 23.875 100.954545454545 0.4 32.4166666666667 67.0416666666667 6.54166666666667 "郊区环境评价点" 116.404 39.718
"大兴" 20160724 73.3684210526316 140.111111111111 1.00416666666667 48.4583333333333 99.125 2.29166666666667 "郊区环境评价点" 116.404 39.718
"大兴" 20160504 43.6086956521739 80.7916666666667 0.5625 59.625 62.0416666666667 6.16666666666667 "郊区环境评价点" 116.404 39.718
"大兴" 20161218 280.416666666667 347.75 5.8375 115.708333333333 4.20833333333333 22.5 "郊区环境评价点" 116.404 39.718
"大兴" 20160602 44.75 80.9166666666667 0.469565217391304 44.3333333333333 127.958333333333 13.125 "郊区环境评价点" 116.404 39.718
"大兴" 20160822 45.625 77.7083333333333 0.7875 31.2083333333333 119.416666666667 4.79166666666667 "郊区环境评价点" 116.404 39.718
"大兴" 20161103 207.615384615385 205.923076923077 2.73846153846154 100.461538461538 3.15384615384615 17.5384615384615 "郊区环境评价点" 116.404 39.718
"大兴" 20160503 47.75 97.5416666666667 0.508333333333333 38.7916666666667 52.375 2.16666666666667 "郊区环境评价点" 116.404 39.718
"大兴" 20160320 71.8333333333333 86.5 1.075 59.3333333333333 48.9166666666667 15.25 "郊区环境评价点" 116.404 39.718
"大兴" 20160219 23.5 46.0833333333333 0.833333333333333 44.9 47.5833333333333 11.1666666666667 "郊区环境评价点" 116.404 39.718
"大兴" 20160730 132.333333333333 188.3 1.24761904761905 29.3333333333333 93.1904761904762 2.04761904761905 "郊区环境评价点" 116.404 39.718
"大兴" 20161102 131.041666666667 127.083333333333 1.65 84 10.7916666666667 20.0833333333333 "郊区环境评价点" 116.404 39.718
"大兴" 20160502 81.3333333333333 150.666666666667 0.458333333333333 21.5 70.7083333333333 3 "郊区环境评价点" 116.404 39.718
"大兴" 20160806 102.04347826087 115.285714285714 0.930434782608696 36.2173913043478 106.304347826087 3 "郊区环境评价点" 116.404 39.718
"大兴" 20161201 46.9583333333333 88.875 0.841666666666667 54.0416666666667 42.6666666666667 7 "郊区环境评价点" 116.404 39.718
"大兴" 20160417 13.2916666666667 49.8571428571429 0.266666666666667 22.2916666666667 77.5416666666667 2 "郊区环境评价点" 116.404 39.718
"大兴" 20160326 30.6666666666667 58.4583333333333 0.545833333333333 48.625 45.875 6.20833333333333 "郊区环境评价点" 116.404 39.718
"大兴" 20160119 78.4583333333333 68.2083333333333 1.95833333333333 61.2916666666667 19.6666666666667 29 "郊区环境评价点" 116.404 39.718
"大兴" 20160318 216.521739130435 330.625 2.18333333333333 105.083333333333 42.25 21.125 "郊区环境评价点" 116.404 39.718
"大兴" 20160614 43.4166666666667 74.5833333333333 0.745833333333333 34.7083333333333 60.1666666666667 2 "郊区环境评价点" 116.404 39.718
"大兴" 20160728 50.625 76.4166666666667 0.836363636363636 43.5 88.375 2 "郊区环境评价点" 116.404 39.718
"大兴" 20160325 28.0909090909091 52.1428571428571 0.695454545454545 48.3636363636364 50.9090909090909 7.81818181818182 "郊区环境评价点" 116.404 39.718
"大兴" 20160408 29.9047619047619 78.5833333333333 0.316666666666667 26.2916666666667 78 5.45833333333333 "郊区环境评价点" 116.404 39.718
"大兴" 20160804 89.7083333333333 109.208333333333 1.3875 31.7083333333333 140.208333333333 5.95833333333333 "郊区环境评价点" 116.404 39.718
"大兴" 20160103 276.416666666667 388.083333333333 NA 82.2083333333333 15.6666666666667 21 "郊区环境评价点" 116.404 39.718
"大兴" 20160415 61.75 76.6666666666667 1.4 60.25 57.625 23 "郊区环境评价点" 116.404 39.718
"大兴" 20160818 85.9583333333333 123.958333333333 1.675 61.9166666666667 12.5833333333333 2 "郊区环境评价点" 116.404 39.718
"大兴" 20161030 53.5833333333333 71.7083333333333 0.8125 56.875 18.8333333333333 9.625 "郊区环境评价点" 116.404 39.718
"大兴" 20160429 127.666666666667 119.541666666667 1.36666666666667 67.4166666666667 94.7916666666667 21.6666666666667 "郊区环境评价点" 116.404 39.718
"大兴" 20160102 362.041666666667 350.304347826087 NA 165.166666666667 14.0833333333333 49.4583333333333 "郊区环境评价点" 116.404 39.718
"大兴" 20160331 140.625 130.833333333333 1.575 78.5 59.1666666666667 37.625 "郊区环境评价点" 116.404 39.718
"大兴" 20160301 133.875 110.333333333333 2.1375 73.625 36.25 42.8333333333333 "郊区环境评价点" 116.404 39.718
"大兴" 20160109 215.130434782609 196.625 5.0375 98.25 21.9166666666667 67.2916666666667 "郊区环境评价点" 116.404 39.718
"大兴" 20161205 60.0833333333333 240.478260869565 1.35 58.375 21.75 7.66666666666667 "郊区环境评价点" 116.404 39.718
"大兴" 20160604 81.4166666666667 115.791666666667 0.829166666666667 29.4166666666667 158.125 17.125 "郊区环境评价点" 116.404 39.718
"大兴" 20160824 83.6666666666667 107.583333333333 1.1625 70.5416666666667 64.7916666666667 3.5 "郊区环境评价点" 116.404 39.718
"大兴" 20160725 35.7692307692308 87.6 0.804347826086957 30.4782608695652 70.5217391304348 2 "郊区环境评价点" 116.404 39.718
"大兴" 20160123 12.2083333333333 23.7083333333333 0.591666666666667 22.25 48.3333333333333 6.91666666666667 "郊区环境评价点" 116.404 39.718
"大兴" 20161219 352.708333333333 356.083333333333 6.95416666666667 137.333333333333 4.33333333333333 18.25 "郊区环境评价点" 116.404 39.718
"大兴" 20160221 123.666666666667 102.583333333333 2.59583333333333 59.4166666666667 28.5416666666667 38.6666666666667 "郊区环境评价点" 116.404 39.718
"大兴" 20160823 68.5 69.7083333333333 1 54.875 88.3333333333333 8.16666666666667 "郊区环境评价点" 116.404 39.718
"大兴" 20161104 222.444444444444 343.555555555556 2.95555555555556 119.444444444444 4.77777777777778 5.88888888888889 "郊区环境评价点" 116.404 39.718
"大兴" 20160122 20.7916666666667 108.458333333333 0.75 21.375 56.625 6.25 "郊区环境评价点" 116.404 39.718
"大兴" 20160228 38.3333333333333 59.9583333333333 0.9875 37.5 45.375 9.54166666666667 "郊区环境评价点" 116.404 39.718
"大兴" 20160220 15.5833333333333 31.8695652173913 0.5 20.2083333333333 64.0416666666667 5.95833333333333 "郊区环境评价点" 116.404 39.718
"大兴" 20160731 70.5 110.791666666667 1.43333333333333 39.4166666666667 87.5416666666667 3.375 "郊区环境评价点" 116.404 39.718
"大兴" 20160129 58.5909090909091 139.666666666667 1.76666666666667 52.125 23.0416666666667 36.4583333333333 "郊区环境评价点" 116.404 39.718
"大兴" 20160121 128.833333333333 180.75 3.07916666666667 69.4166666666667 6.70833333333333 27.9583333333333 "郊区环境评价点" 116.404 39.718
"大兴" 20160227 29.0833333333333 62.9166666666667 0.891666666666667 44.0833333333333 44.0416666666667 15.5416666666667 "郊区环境评价点" 116.404 39.718
"大兴" 20161202 200.666666666667 175.541666666667 3.40833333333333 108.125 11.2083333333333 29.75 "郊区环境评价点" 116.404 39.718
"大兴" 20160418 17.6 46.5555555555556 0.31 24.15 80.35 4.05 "郊区环境评价点" 116.404 39.718
"大兴" 20160327 23 59.5 0.479166666666667 43.7083333333333 55.625 5.91666666666667 "郊区环境评价点" 116.404 39.718
"大兴" 20160120 164.875 177.666666666667 5.1125 95.2083333333333 8.66666666666667 81.875 "郊区环境评价点" 116.404 39.718
"大兴" 20160226 46.0833333333333 53.9583333333333 0.995833333333333 41.25 50.7083333333333 18.4166666666667 "郊区环境评价点" 116.404 39.718
"大兴" 20160615 20.375 51.9166666666667 0.541666666666667 34.1666666666667 95.4166666666667 2.125 "郊区环境评价点" 116.404 39.718
"大兴" 20160403 18.0416666666667 36.9583333333333 0.329166666666667 29.0833333333333 69.7083333333333 4.04166666666667 "郊区环境评价点" 116.404 39.718
"大兴" 20160820 60.7083333333333 74 1.20833333333333 42.5833333333333 114.291666666667 2.25 "郊区环境评价点" 116.404 39.718
"大兴" 20160409 187.083333333333 144.708333333333 0.833333333333333 51.2916666666667 58 15.375 "郊区环境评价点" 116.404 39.718
"大兴" 20160805 63.4166666666667 100.833333333333 0.891666666666667 33.5416666666667 96.9583333333333 4.41666666666667 "郊区环境评价点" 116.404 39.718
"大兴" 20160104 96.0416666666667 239.217391304348 NA 56.1666666666667 30 14.375 "郊区环境评价点" 116.404 39.718
"大兴" 20160416 25.125 83.625 0.366666666666667 25.875 57 2.125 "郊区环境评价点" 116.404 39.718
"大兴" 20160819 19.625 68.375 1 32.7083333333333 89.125 2 "郊区环境评价点" 116.404 39.718
"大兴" 20161222 97.3478260869565 328 1.925 55.125 35.375 3.04166666666667 "郊区环境评价点" 116.404 39.718
"大兴" 20160224 41.5833333333333 45.375 0.9875 37.0833333333333 45.0416666666667 16.5833333333333 "郊区环境评价点" 116.404 39.718
"大兴" 20161206 128.75 89.875 2.3 90.25 9.04166666666667 25.5833333333333 "郊区环境评价点" 116.404 39.718
"大兴" 20160401 62.7272727272727 97.25 0.479166666666667 32.9583333333333 62.6666666666667 6.54166666666667 "郊区环境评价点" 116.404 39.718
"大兴" 20160302 239.375 266.375 4.08333333333333 124.25 31.6666666666667 52.2083333333333 "郊区环境评价点" 116.404 39.718
"大兴" 20160110 121.083333333333 242.739130434783 3.25833333333333 77 22.0833333333333 51.8333333333333 "郊区环境评价点" 116.404 39.718
"大兴" 20160124 33.9583333333333 27.6666666666667 1.025 30.7916666666667 43.0416666666667 17.25 "郊区环境评价点" 116.404 39.718
"大兴" 20160605 72.125 109.875 0.891666666666667 41.1666666666667 127.833333333333 15.9583333333333 "郊区环境评价点" 116.404 39.718
"大兴" 20160825 23.0833333333333 83.4166666666667 0.470833333333333 42.5416666666667 54.4166666666667 2.13333333333333 "郊区环境评价点" 116.404 39.718
"大兴" 20160726 21.7083333333333 58.8333333333333 0.645833333333333 31.5416666666667 112.083333333333 2.33333333333333 "郊区环境评价点" 116.404 39.718
"大兴" 20160131 56.4583333333333 83.125 1.10833333333333 43.6666666666667 42.25 22.625 "郊区环境评价点" 116.404 39.718
"大兴" 20161220 418.5 443.913043478261 8.20833333333333 139.958333333333 2.75 3.70833333333333 "郊区环境评价点" 116.404 39.718
"大兴" 20160222 82.875 149.434782608696 1.89583333333333 50.4166666666667 39.375 27.125 "郊区环境评价点" 116.404 39.718
"大兴" 20160802 67.6818181818182 120.3 1.41363636363636 35.5454545454545 102.636363636364 2.22727272727273 "郊区环境评价点" 116.404 39.718
"大兴" 20160801 84.4583333333333 104.791666666667 1.64583333333333 44.5416666666667 87.9583333333333 2.875 "郊区环境评价点" 116.404 39.718
"大兴" 20160130 80.3333333333333 93.5 1.9875 56.5416666666667 19.4583333333333 33.5833333333333 "郊区环境评价点" 116.404 39.718
"大兴" 20160128 173.291666666667 245.25 4.3375 109.791666666667 20.625 79.9583333333333 "郊区环境评价点" 116.404 39.718
"大兴" 20160405 121.458333333333 145.166666666667 1.35 53.7083333333333 74.2083333333333 22.8333333333333 "郊区环境评价点" 116.404 39.718
"大兴" 20160404 77.0833333333333 70.25 0.708333333333333 39.7083333333333 75.0416666666667 18.2916666666667 "郊区环境评价点" 116.404 39.718
"大兴" 20160419 75.8947368421053 76.8235294117647 1.44736842105263 60.7894736842105 36.3157894736842 22.4736842105263 "郊区环境评价点" 116.404 39.718
"大兴" 20161226 66.4583333333333 169.291666666667 1.52083333333333 69.6666666666667 18.4782608695652 21.25 "郊区环境评价点" 116.404 39.718
"大兴" 20160127 190.916666666667 189.666666666667 5.125 102.166666666667 22.5 85.625 "郊区环境评价点" 116.404 39.718
"大兴" 20160303 279.75 267.666666666667 3.69166666666667 111.083333333333 23.875 57 "郊区环境评价点" 116.404 39.718
"大兴" 20160111 11.9583333333333 57.5 0.591666666666667 33.7916666666667 41.0833333333333 8.54166666666667 "郊区环境评价点" 116.404 39.718
"大兴" 20160125 89.9166666666667 86.375 2.51666666666667 72.7083333333333 24.5833333333333 48.9583333333333 "郊区环境评价点" 116.404 39.718
"大兴" 20161225 178.538461538462 201.538461538462 3.65384615384615 120.461538461538 4.46153846153846 44.5384615384615 "郊区环境评价点" 116.404 39.718
"大兴" 20160410 NA 136.166666666667 0.933333333333333 39 67.5416666666667 17.2916666666667 "郊区环境评价点" 116.404 39.718
"大兴" 20160727 67.2083333333333 80.2083333333333 0.9875 31.4166666666667 134.625 3.66666666666667 "郊区环境评价点" 116.404 39.718
"大兴" 20160225 27 51.125 0.689473684210526 35.9166666666667 46.7083333333333 13.9166666666667 "郊区环境评价点" 116.404 39.718
"大兴" 20161221 394.75 422.291666666667 7.68333333333333 148.333333333333 2.125 7.25 "郊区环境评价点" 116.404 39.718
"大兴" 20160223 10.0416666666667 53.2916666666667 0.433333333333333 16.2916666666667 73.2916666666667 5.83333333333333 "郊区环境评价点" 116.404 39.718
"大兴" 20161223 34.3571428571429 50.6428571428571 0.878571428571429 69.9285714285714 11.0714285714286 9.07142857142857 "郊区环境评价点" 116.404 39.718
"大兴" 20160421 105.5 124.772727272727 0.909090909090909 66.2727272727273 67.6363636363636 9.45454545454546 "郊区环境评价点" 116.404 39.718
"大兴" 20160420 75.6190476190476 106.0625 0.9 46.9523809523809 78.4761904761905 13.2857142857143 "郊区环境评价点" 116.404 39.718
"大兴" 20160402 8.125 26.4583333333333 0.308333333333333 24.9166666666667 61.125 3.25 "郊区环境评价点" 116.404 39.718
"大兴" 20160406 142.916666666667 142.913043478261 2.17083333333333 68.9166666666667 50.2916666666667 36.7083333333333 "郊区环境评价点" 116.404 39.718
"大兴" 20161224 126.5 124.75 2.30416666666667 85.4583333333333 14.9565217391304 37.6666666666667 "郊区环境评价点" 116.404 39.718
"大兴" 20160201 71.625 114.958333333333 1.94583333333333 60.4166666666667 31.0416666666667 30.0833333333333 "郊区环境评价点" 116.404 39.718
"大兴" 20160422 44.7916666666667 106.25 0.25 22.75 88.2916666666667 2.04166666666667 "郊区环境评价点" 116.404 39.718
"大兴" 20160803 75.6190476190476 109.722222222222 1.18571428571429 37.8095238095238 170.714285714286 2.76190476190476 "郊区环境评价点" 116.404 39.718
"大兴" 20160126 76.7083333333333 110.916666666667 1.87083333333333 59.0833333333333 38.5833333333333 45.3333333333333 "郊区环境评价点" 116.404 39.718
"大兴" 20160407 101.083333333333 213.833333333333 1.32916666666667 60.5416666666667 49.8333333333333 5.875 "郊区环境评价点" 116.404 39.718
