"官园" 20160512 46.125 160.625 0.633333333333333 34.625 59.7083333333333 2.125 "城区环境评价点" 116.339 39.929
"官园" 20161219 273.791666666667 303.166666666667 4.72083333333333 136.791666666667 2.83333333333333 32.6666666666667 "城区环境评价点" 116.339 39.929
"官园" 20160912 34.75 45.5 0.908333333333333 30 83.625 2 "城区环境评价点" 116.339 39.929
"官园" 20160911 35.25 43.25 0.922727272727273 30.6666666666667 80.0454545454545 2.33333333333333 "城区环境评价点" 116.339 39.929
"官园" 20161004 36.3333333333333 102.75 1.025 41.5833333333333 22.0833333333333 2.20833333333333 "城区环境评价点" 116.339 39.929
"官园" 20161216 143.875 97.1666666666667 2.3 104.416666666667 3.08333333333333 28.0833333333333 "城区环境评价点" 116.339 39.929
"官园" 20161119 139.583333333333 225.708333333333 1.9375 71.0416666666667 16.8333333333333 11 "城区环境评价点" 116.339 39.929
"官园" 20161220 415.478260869565 401.181818181818 7.97826086956522 150.130434782609 2 9.95652173913044 "城区环境评价点" 116.339 39.929
"官园" 20161221 407.086956521739 431.347826086957 8.09090909090909 166.173913043478 10.5909090909091 12.1818181818182 "城区环境评价点" 116.339 39.929
"官园" 20161214 27.8636363636364 33.7916666666667 0.647826086956522 37.375 22.25 12.0416666666667 "城区环境评价点" 116.339 39.929
"官园" 20160616 29.5833333333333 53.25 0.658333333333333 52.375 71 2 "城区环境评价点" 116.339 39.929
"官园" 20160907 45.7857142857143 72.5833333333333 0.735714285714286 49.2142857142857 94.7142857142857 7.28571428571429 "城区环境评价点" 116.339 39.929
"官园" 20160913 84.2916666666667 83.5833333333333 1.01818181818182 62.0434782608696 57.3333333333333 3.45454545454545 "城区环境评价点" 116.339 39.929
"官园" 20161218 238.333333333333 298.75 3.675 117.291666666667 2.875 35.0416666666667 "城区环境评价点" 116.339 39.929
"官园" 20161217 222.521739130435 222.434782608696 3.47391304347826 113.434782608696 3.30434782608696 39.9565217391304 "城区环境评价点" 116.339 39.929
"官园" 20161109 162.375 127.5 2.5625 92.8333333333333 2 15.1666666666667 "城区环境评价点" 116.339 39.929
"官园" 20160510 42 61.5833333333333 0.625 45.125 87.875 4.79166666666667 "城区环境评价点" 116.339 39.929
"官园" 20161222 62.2083333333333 321.916666666667 1.13333333333333 45.0416666666667 41.7916666666667 7.125 "城区环境评价点" 116.339 39.929
"官园" 20161127 58.125 238.5 0.429166666666667 50.9583333333333 30.9166666666667 8.79166666666667 "城区环境评价点" 116.339 39.929
"官园" 20161212 215.157894736842 252.894736842105 2.51052631578947 104.421052631579 2.73684210526316 47.4210526315789 "城区环境评价点" 116.339 39.929
"官园" 20160909 21.3333333333333 52.8333333333333 0.572727272727273 55.2083333333333 9.63636363636364 3 "城区环境评价点" 116.339 39.929
"官园" 20160509 37.7916666666667 84.1666666666667 0.633333333333333 44.125 55.5 5.04166666666667 "城区环境评价点" 116.339 39.929
"官园" 20161003 121.416666666667 202.166666666667 1.17083333333333 63.0833333333333 61.6666666666667 3.79166666666667 "城区环境评价点" 116.339 39.929
"官园" 20161211 168.708333333333 134.478260869565 3.50833333333333 106 2.20833333333333 41.6666666666667 "城区环境评价点" 116.339 39.929
"官园" 20161210 48.3333333333333 55.625 1.2375 68.5 5.58333333333333 16.9583333333333 "城区环境评价点" 116.339 39.929
"官园" 20160908 25.75 56.3333333333333 0.622727272727273 57.5 43.3636363636364 3.09090909090909 "城区环境评价点" 116.339 39.929
"官园" 20160513 32.2916666666667 56.875 0.7 47.875 62.8333333333333 5.58333333333333 "城区环境评价点" 116.339 39.929
"官园" 20161017 74.8333333333333 123.916666666667 0.875 60.9583333333333 25.2083333333333 2.54166666666667 "城区环境评价点" 116.339 39.929
"官园" 20161110 162.5 234.458333333333 1.67916666666667 71.2916666666667 6.17391304347826 8.83333333333333 "城区环境评价点" 116.339 39.929
"官园" 20161120 59.625 131.041666666667 1.15416666666667 44.2083333333333 6.375 3.33333333333333 "城区环境评价点" 116.339 39.929
"官园" 20160929 54.3333333333333 58.4583333333333 0.629166666666667 65.3478260869565 45.4166666666667 7.45833333333333 "城区环境评价点" 116.339 39.929
"官园" 20161112 81.4166666666667 107.625 1.60416666666667 71 9.375 11.3333333333333 "城区环境评价点" 116.339 39.929
"官园" 20160507 19.5416666666667 53.875 0.308333333333333 25.5833333333333 83.0833333333333 3 "城区环境评价点" 116.339 39.929
"官园" 20160618 46.9166666666667 71.8333333333333 0.775 60.25 101.5 4.83333333333333 "城区环境评价点" 116.339 39.929
"官园" 20160914 101.125 131.333333333333 0.983333333333333 58.625 80.2380952380952 4.875 "城区环境评价点" 116.339 39.929
"官园" 20160514 41.9583333333333 57.6666666666667 0.6 34.375 70.4583333333333 2.91666666666667 "城区环境评价点" 116.339 39.929
"官园" 20161111 98.9583333333333 167.125 1.89583333333333 74.625 5.16666666666667 8 "城区环境评价点" 116.339 39.929
"官园" 20160617 28.2083333333333 57.75 0.645833333333333 63.0833333333333 47.25 2.375 "城区环境评价点" 116.339 39.929
"官园" 20160511 164.25 133.25 1.22916666666667 38.6666666666667 128.458333333333 17.6666666666667 "城区环境评价点" 116.339 39.929
"官园" 20161005 59.7916666666667 62 1.21666666666667 49.7916666666667 23.5 2.41666666666667 "城区环境评价点" 116.339 39.929
"官园" 20161128 63.45 55.6666666666667 1.21818181818182 79.4166666666667 4.375 21.9166666666667 "城区环境评价点" 116.339 39.929
"官园" 20160829 22.0869565217391 45.4782608695652 0.469565217391304 63.5217391304348 56.8695652173913 2.69565217391304 "城区环境评价点" 116.339 39.929
"官园" 20160525 13.1666666666667 39.125 0.377272727272727 27.8181818181818 85.0434782608696 2.08695652173913 "城区环境评价点" 116.339 39.929
"官园" 20161125 178.791666666667 176.833333333333 1.9 101.041666666667 2.41666666666667 31.7083333333333 "城区环境评价点" 116.339 39.929
"官园" 20160814 22.8333333333333 51.4583333333333 0.658333333333333 45.875 83.7916666666667 3.91666666666667 "城区环境评价点" 116.339 39.929
"官园" 20160710 103.375 148.086956521739 0.895833333333333 29.875 112.541666666667 7.41666666666667 "城区环境评价点" 116.339 39.929
"官园" 20160828 13 40.7083333333333 0.308333333333333 33.8333333333333 52.1666666666667 2.41666666666667 "城区环境评价点" 116.339 39.929
"官园" 20160524 23.5 60.4583333333333 0.445454545454545 33.3181818181818 64.8095238095238 3.36363636363636 "城区环境评价点" 116.339 39.929
"官园" 20160928 17.6666666666667 31.4347826086957 0.5 50.8181818181818 25.3181818181818 7.81818181818182 "城区环境评价点" 116.339 39.929
"官园" 20161018 135.625 121.583333333333 1.67083333333333 81.875 5.70833333333333 5.20833333333333 "城区环境评价点" 116.339 39.929
"官园" 20161213 46.625 172.125 0.929166666666667 53.7083333333333 19.7916666666667 11.8333333333333 "城区环境评价点" 116.339 39.929
"官园" 20161116 106.130434782609 107.727272727273 2.24347826086957 84.9130434782609 6.30434782608696 19.6521739130435 "城区环境评价点" 116.339 39.929
"官园" 20161223 38.5555555555556 38.5 0.894444444444444 53.6666666666667 21.6666666666667 11.3333333333333 "城区环境评价点" 116.339 39.929
"官园" 20160927 31.2083333333333 80.4166666666667 0.7 35.7916666666667 36.625 2.33333333333333 "城区环境评价点" 116.339 39.929
"官园" 20160508 60 77.1666666666667 0.741666666666667 49.6666666666667 80.2083333333333 17.375 "城区环境评价点" 116.339 39.929
"官园" 20160910 17.5833333333333 42.4583333333333 0.55 49.75 2.81818181818182 2.20833333333333 "城区环境评价点" 116.339 39.929
"官园" 20161115 39.375 55 1.27916666666667 61.8333333333333 10.5416666666667 11.7083333333333 "城区环境评价点" 116.339 39.929
"官园" 20160515 36.0416666666667 65.9166666666667 0.6125 38.8333333333333 42.5 2.375 "城区环境评价点" 116.339 39.929
"官园" 20160926 63 133.130434782609 1.30833333333333 56.2083333333333 48 2.29166666666667 "城区环境评价点" 116.339 39.929
"官园" 20161122 9.04166666666667 23.5416666666667 0.329166666666667 22.7916666666667 39.375 5.5 "城区环境评价点" 116.339 39.929
"官园" 20161001 164.416666666667 182.958333333333 1.50833333333333 107.5 52.5833333333333 15.3333333333333 "城区环境评价点" 116.339 39.929
"官园" 20161124 83.2608695652174 54.25 0.908695652173913 67.1666666666667 10.4166666666667 21.4166666666667 "城区环境评价点" 116.339 39.929
"官园" 20161129 108.75 113.458333333333 2.88333333333333 87.9583333333333 2.08333333333333 31 "城区环境评价点" 116.339 39.929
"官园" 20161126 293.541666666667 300.333333333333 2.84166666666667 127.541666666667 3.66666666666667 32.5833333333333 "城区环境评价点" 116.339 39.929
"官园" 20161121 9.91304347826087 46.1666666666667 0.4 18.6666666666667 48.6666666666667 3.08333333333333 "城区环境评价点" 116.339 39.929
"官园" 20160930 105.916666666667 109.875 0.904166666666667 85.5416666666667 70.4583333333333 8.95833333333333 "城区环境评价点" 116.339 39.929
"官园" 20161113 109.25 115.333333333333 2.17083333333333 74.25 2.04166666666667 10.9583333333333 "城区环境评价点" 116.339 39.929
"官园" 20160711 105.166666666667 126.708333333333 0.829166666666667 29.875 112.458333333333 11.2083333333333 "城区环境评价点" 116.339 39.929
"官园" 20160619 72 89.3333333333333 0.845833333333333 44.625 137.916666666667 7 "城区环境评价点" 116.339 39.929
"官园" 20160915 73.4166666666667 100.083333333333 0.904166666666667 50.4583333333333 90.2916666666667 4.16666666666667 "城区环境评价点" 116.339 39.929
"官园" 20160809 46.9333333333333 74.6 1.10666666666667 33.5333333333333 142.2 7 "城区环境评价点" 116.339 39.929
"官园" 20160831 18.75 57.3333333333333 0.3875 52.2083333333333 46.2916666666667 3.16666666666667 "城区环境评价点" 116.339 39.929
"官园" 20160527 45.8333333333333 75.25 0.675 55.0416666666667 96.0909090909091 14.2083333333333 "城区环境评价点" 116.339 39.929
"官园" 20160307 36.9583333333333 110.875 0.895833333333333 39.7916666666667 47.4583333333333 13.6666666666667 "城区环境评价点" 116.339 39.929
"官园" 20161006 73.4166666666667 102.125 1.61666666666667 57.875 5.625 4.25 "城区环境评价点" 116.339 39.929
"官园" 20160808 35.3888888888889 47.3529411764706 0.777777777777778 30.7222222222222 78.2777777777778 2.44444444444444 "城区环境评价点" 116.339 39.929
"官园" 20160830 32.375 63.9166666666667 0.645833333333333 61.0833333333333 97.7916666666667 3.58333333333333 "城区环境评价点" 116.339 39.929
"官园" 20160526 22.375 55.9583333333333 0.386363636363636 35.8181818181818 73 2.56521739130435 "城区环境评价点" 116.339 39.929
"官园" 20160724 110.375 77.3333333333333 0.954166666666667 33.2083333333333 109.583333333333 2.20833333333333 "城区环境评价点" 116.339 39.929
"官园" 20160815 20.875 58.2916666666667 0.566666666666667 33.75 62.0833333333333 2.08333333333333 "城区环境评价点" 116.339 39.929
"官园" 20160807 19.6086956521739 75.35 0.6 17.6086956521739 88.3913043478261 2 "城区环境评价点" 116.339 39.929
"官园" 20161118 200.625 198.125 3.89583333333333 90.2916666666667 2 21.375 "城区环境评价点" 116.339 39.929
"官园" 20161012 76.8333333333333 115.541666666667 1.05416666666667 65.7916666666667 27.2916666666667 4.04166666666667 "城区环境评价点" 116.339 39.929
"官园" 20160708 109.166666666667 141.625 1.2375 39 105.791666666667 8.08333333333333 "城区环境评价点" 116.339 39.929
"官园" 20160305 65.375 278.375 0.370833333333333 20.6666666666667 60.5 2.875 "城区环境评价点" 116.339 39.929
"官园" 20160113 23.9166666666667 34.8333333333333 0.916666666666667 55.9583333333333 21.4166666666667 15.8333333333333 "城区环境评价点" 116.339 39.929
"官园" 20161117 114.833333333333 150.958333333333 2.27083333333333 69.25 2.91666666666667 22.1666666666667 "城区环境评价点" 116.339 39.929
"官园" 20161224 124.625 107.041666666667 2.84583333333333 96.25 17.5416666666667 32.0833333333333 "城区环境评价点" 116.339 39.929
"官园" 20160707 120.166666666667 130.458333333333 1.25416666666667 32.5833333333333 145.833333333333 11.6666666666667 "城区环境评价点" 116.339 39.929
"官园" 20160304 301.416666666667 364.416666666667 4.375 125.916666666667 7.91666666666667 61.625 "城区环境评价点" 116.339 39.929
"官园" 20160112 13.9166666666667 26.8260869565217 0.5625 39.0416666666667 32 9.33333333333333 "城区环境评价点" 116.339 39.929
"官园" 20160714 31.1363636363636 51.9583333333333 0.816666666666667 43.125 88.7083333333333 3.29166666666667 "城区环境评价点" 116.339 39.929
"官园" 20160516 22.5 50.8333333333333 0.529166666666667 50.75 65.8333333333333 3.79166666666667 "城区环境评价点" 116.339 39.929
"官园" 20161215 27.8333333333333 58.5833333333333 0.708695652173913 57.25 23.6666666666667 11.625 "城区环境评价点" 116.339 39.929
"官园" 20161123 18.9166666666667 29.1666666666667 0.458333333333333 37.7083333333333 23.2083333333333 10.3333333333333 "城区环境评价点" 116.339 39.929
"官园" 20161002 191.666666666667 232.708333333333 1.4125 86.875 65.875 8.04166666666667 "城区环境评价点" 116.339 39.929
"官园" 20160614 43.4166666666667 72.6666666666667 0.604347826086956 33 72.2083333333333 2.17391304347826 "城区环境评价点" 116.339 39.929
"官园" 20161130 95.5833333333333 154.541666666667 2.15416666666667 72 18.9166666666667 18.7916666666667 "城区环境评价点" 116.339 39.929
"官园" 20160621 102.125 121.916666666667 0.991666666666667 36.5833333333333 146.375 2.33333333333333 "城区环境评价点" 116.339 39.929
"官园" 20161031 7.04166666666667 40.7083333333333 0.275 19.5 38.5833333333333 4.5 "城区环境评价点" 116.339 39.929
"官园" 20160811 83.875 109.708333333333 0.966666666666667 26.75 101.666666666667 6.54166666666667 "城区环境评价点" 116.339 39.929
"官园" 20161114 49.1666666666667 140.125 0.891666666666667 43.7083333333333 32.8333333333333 3.95833333333333 "城区环境评价点" 116.339 39.929
"官园" 20160712 39.0416666666667 106.791666666667 0.679166666666667 32.9166666666667 69.625 6.25 "城区环境评价点" 116.339 39.929
"官园" 20160620 97.1666666666667 124.25 1.14166666666667 35.125 165.791666666667 8.375 "城区环境评价点" 116.339 39.929
"官园" 20160916 137.166666666667 166.291666666667 1.2375 44.375 98.875 5.16666666666667 "城区环境评价点" 116.339 39.929
"官园" 20160810 78.0454545454545 85.85 0.881818181818182 24.5454545454545 110.272727272727 4.36363636363636 "城区环境评价点" 116.339 39.929
"官园" 20160901 8.91666666666667 33.5833333333333 0.283333333333333 34.5833333333333 40.625 2.16666666666667 "城区环境评价点" 116.339 39.929
"官园" 20160528 43.5416666666667 89.2916666666667 0.666666666666667 38 122.541666666667 10.4166666666667 "城区环境评价点" 116.339 39.929
"官园" 20160308 9 25.8571428571429 0.305555555555556 18.2222222222222 64.5555555555556 3.94444444444444 "城区环境评价点" 116.339 39.929
"官园" 20161007 41.7083333333333 73.2083333333333 1.62083333333333 47.7083333333333 10.2083333333333 2 "城区环境评价点" 116.339 39.929
"官园" 20160718 126.333333333333 150.833333333333 1.20416666666667 55.6666666666667 92.5833333333333 5.54166666666667 "城区环境评价点" 116.339 39.929
"官园" 20160123 9.5 37.1666666666667 0.333333333333333 17.4166666666667 48.9583333333333 5.83333333333333 "城区环境评价点" 116.339 39.929
"官园" 20161014 249.958333333333 264.375 2.07083333333333 111.791666666667 26.75 7.91666666666667 "城区环境评价点" 116.339 39.929
"官园" 20160725 56.3076923076923 106.3 0.926086956521739 28.7727272727273 65.4347826086957 6.63636363636364 "城区环境评价点" 116.339 39.929
"官园" 20160816 26.2916666666667 41.1666666666667 0.675 38.375 75 2.08333333333333 "城区环境评价点" 116.339 39.929
"官园" 20160717 87.875 91.8333333333333 1.075 51.4583333333333 107.916666666667 3.875 "城区环境评价点" 116.339 39.929
"官园" 20160122 15.9583333333333 101.583333333333 0.45 21.1666666666667 53.7083333333333 4.91666666666667 "城区环境评价点" 116.339 39.929
"官园" 20161013 161 150.375 1.575 85.3333333333333 31.625 5.125 "城区环境评价点" 116.339 39.929
"官园" 20160709 97.6666666666667 138.5 0.895833333333333 37.0833333333333 101.625 6.91666666666667 "城区环境评价点" 116.339 39.929
"官园" 20160306 68.875 121.375 1.48333333333333 71.7916666666667 12.5416666666667 26.5833333333333 "城区环境评价点" 116.339 39.929
"官园" 20160114 84.3333333333333 76.1666666666667 1.97916666666667 85.125 12.9166666666667 36.2083333333333 "城区环境评价点" 116.339 39.929
"官园" 20161203 192.916666666667 184.291666666667 3.38333333333333 115 3.95833333333333 32.5833333333333 "城区环境评价点" 116.339 39.929
"官园" 20161225 154.153846153846 196.384615384615 2.90769230769231 106.538461538462 20.2307692307692 43.6153846153846 "城区环境评价点" 116.339 39.929
"官园" 20160920 22.125 37.625 0.554166666666667 48.75 43.9166666666667 2.16666666666667 "城区环境评价点" 116.339 39.929
"官园" 20160723 NA 83.9166666666667 1.28333333333333 35.3333333333333 110.458333333333 3.625 "城区环境评价点" 116.339 39.929
"官园" 20160128 114.166666666667 160.041666666667 2.53333333333333 90.7083333333333 12.5416666666667 50.125 "城区环境评价点" 116.339 39.929
"官园" 20160715 41.125 57.4583333333333 0.775 38.9166666666667 57.75 2 "城区环境评价点" 116.339 39.929
"官园" 20160517 60.75 83.3333333333333 0.7375 57 117.583333333333 13.7916666666667 "城区环境评价点" 116.339 39.929
"官园" 20160919 12.875 28.3333333333333 0.445833333333333 40.0833333333333 27.7083333333333 2 "城区环境评价点" 116.339 39.929
"官园" 20160722 131.6 87.5652173913043 1.2304347826087 42.2173913043478 80.9565217391304 2 "城区环境评价点" 116.339 39.929
"官园" 20160127 91.9166666666667 86.3333333333333 1.84583333333333 86.5 9 42.2083333333333 "城区环境评价点" 116.339 39.929
"官园" 20160615 21.6818181818182 48.0833333333333 0.545833333333333 32.5833333333333 91.5454545454545 2.66666666666667 "城区环境评价点" 116.339 39.929
"官园" 20161201 35 68.8333333333333 0.758333333333333 49.5416666666667 37.4166666666667 12.6666666666667 "城区环境评价点" 116.339 39.929
"官园" 20160622 59.5833333333333 107.958333333333 0.745833333333333 37.4166666666667 128.958333333333 2.20833333333333 "城区环境评价点" 116.339 39.929
"官园" 20161101 39.25 37.7083333333333 0.695833333333333 53.0434782608696 15.695652173913 11.3333333333333 "城区环境评价点" 116.339 39.929
"官园" 20160812 87.5333333333333 115.615384615385 0.966666666666667 35.8 50.4 9.13333333333333 "城区环境评价点" 116.339 39.929
"官园" 20160903 22.625 43.5833333333333 0.5 38.6666666666667 72.7083333333333 2.625 "城区环境评价点" 116.339 39.929
"官园" 20160713 16.2916666666667 50.125 0.5375 34.875 96.5416666666667 2.16666666666667 "城区环境评价点" 116.339 39.929
"官园" 20160310 10.125 39 0.3375 15.6666666666667 62.9166666666667 2.54166666666667 "城区环境评价点" 116.339 39.929
"官园" 20160917 45.5833333333333 115.375 0.854166666666667 42.375 39 3.08333333333333 "城区环境评价点" 116.339 39.929
"官园" 20160628 82.4166666666667 91.25 0.775 36.25 73.4166666666667 2 "城区环境评价点" 116.339 39.929
"官园" 20160902 16.1666666666667 39.3333333333333 0.391666666666667 38.9583333333333 24.5416666666667 2 "城区环境评价点" 116.339 39.929
"官园" 20160529 32.25 71.4166666666667 0.5 30.125 114.666666666667 4.79166666666667 "城区环境评价点" 116.339 39.929
"官园" 20160309 8.90476190476191 20.3809523809524 0.247619047619048 16.3913043478261 57.7391304347826 4.73913043478261 "城区环境评价点" 116.339 39.929
"官园" 20161008 12.375 38.7916666666667 0.429166666666667 32.7916666666667 40.8333333333333 2 "城区环境评价点" 116.339 39.929
"官园" 20160719 121.833333333333 161.375 1.45 54.1666666666667 32.2083333333333 3.625 "城区环境评价点" 116.339 39.929
"官园" 20160124 11.7083333333333 49.7083333333333 0.533333333333333 27.0416666666667 41.8333333333333 6.66666666666667 "城区环境评价点" 116.339 39.929
"官园" 20161015 209.652173913043 294.739130434783 2.08695652173913 111.782608695652 2 4.78260869565217 "城区环境评价点" 116.339 39.929
"官园" 20160726 20.0416666666667 50.5 0.5 19.25 99.625 5.04166666666667 "城区环境评价点" 116.339 39.929
"官园" 20160817 65.7083333333333 58.5 1.15416666666667 69.5 30.75 3.29166666666667 "城区环境评价点" 116.339 39.929
"官园" 20161029 22.625 39.0833333333333 0.479166666666667 50.0416666666667 17.2083333333333 5.58333333333333 "城区环境评价点" 116.339 39.929
"官园" 20161205 46.375 191 0.954166666666667 47.0416666666667 26.4583333333333 9.25 "城区环境评价点" 116.339 39.929
"官园" 20161227 38.5416666666667 37.7916666666667 0.770833333333333 44.1666666666667 29.625 6.29166666666667 "城区环境评价点" 116.339 39.929
"官园" 20161105 201.583333333333 296.608695652174 3.2 99.7916666666667 17.4583333333333 5.375 "城区环境评价点" 116.339 39.929
"官园" 20160703 90.375 88.4583333333333 1.0625 51.25 108.125 10.5833333333333 "城区环境评价点" 116.339 39.929
"官园" 20160115 87.8333333333333 120.958333333333 2.32083333333333 89.375 9.54166666666667 29.625 "城区环境评价点" 116.339 39.929
"官园" 20161204 301 353.125 4.00833333333333 121.708333333333 5 21.875 "城区环境评价点" 116.339 39.929
"官园" 20161226 46.125 145.625 0.945833333333333 50.125 28.7083333333333 15.2083333333333 "城区环境评价点" 116.339 39.929
"官园" 20160921 68.0952380952381 64.4583333333333 0.966666666666667 94.1666666666667 15.6666666666667 3.83333333333333 "城区环境评价点" 116.339 39.929
"官园" 20161020 99.2916666666667 236.458333333333 1.84166666666667 63.9583333333333 12.625 10.625 "城区环境评价点" 116.339 39.929
"官园" 20160129 54.375 99.875 1.59166666666667 56.6666666666667 12.4166666666667 43.2916666666667 "城区环境评价点" 116.339 39.929
"官园" 20160716 45.7083333333333 58 0.85 50.9583333333333 50.25 3.29166666666667 "城区环境评价点" 116.339 39.929
"官园" 20160518 62.7916666666667 91.0416666666667 0.641666666666667 31.0833333333333 136.291666666667 11.9166666666667 "城区环境评价点" 116.339 39.929
"官园" 20160205 9.70833333333333 25.7083333333333 0.3875 22.2083333333333 62.4166666666667 5.04166666666667 "城区环境评价点" 116.339 39.929
"官园" 20161019 229 190.045454545455 2.2047619047619 90.4285714285714 10.8095238095238 7.47619047619048 "城区环境评价点" 116.339 39.929
"官园" 20160212 140.708333333333 169 2.4625 68.2916666666667 19.25 19.7083333333333 "城区环境评价点" 116.339 39.929
"官园" 20160905 29 74.3333333333333 0.545833333333333 35.0416666666667 81.2083333333333 2.04166666666667 "城区环境评价点" 116.339 39.929
"官园" 20161202 106.125 96.375 1.9125 91.75 4.79166666666667 24.75 "城区环境评价点" 116.339 39.929
"官园" 20160623 85.0416666666667 100.208333333333 1.08333333333333 42.9166666666667 107.541666666667 5.75 "城区环境评价点" 116.339 39.929
"官园" 20161102 111.416666666667 102.291666666667 1.44583333333333 86.4583333333333 8.25 13.9583333333333 "城区环境评价点" 116.339 39.929
"官园" 20160813 26.0833333333333 55.5 0.841666666666667 52.9583333333333 19.7083333333333 8.54166666666667 "城区环境评价点" 116.339 39.929
"官园" 20160904 76.25 78.9583333333333 0.916666666666667 52.75 95.1666666666667 6.5 "城区环境评价点" 116.339 39.929
"官园" 20160531 45.5 107.416666666667 0.729166666666667 33.375 91.2083333333333 10.1666666666667 "城区环境评价点" 116.339 39.929
"官园" 20160311 20.9166666666667 54.625 0.491666666666667 32.7391304347826 49.875 8.20833333333333 "城区环境评价点" 116.339 39.929
"官园" 20160918 22.5833333333333 49.2272727272727 0.654166666666667 38.9166666666667 17.4166666666667 2 "城区环境评价点" 116.339 39.929
"官园" 20160629 139.041666666667 157.083333333333 1.07083333333333 44.625 77.5 2 "城区环境评价点" 116.339 39.929
"官园" 20160126 34.875 51.375 0.9125 44.875 35.25 20.2916666666667 "城区环境评价点" 116.339 39.929
"官园" 20160530 84.375 105.333333333333 1.11666666666667 53.5833333333333 149.291666666667 18.1666666666667 "城区环境评价点" 116.339 39.929
"官园" 20160728 55.375 74.5 0.606666666666667 43 98.5 2.375 "城区环境评价点" 116.339 39.929
"官园" 20161009 33.125 47.2916666666667 0.641666666666667 55.5 13.9166666666667 5.45833333333333 "城区环境评价点" 116.339 39.929
"官园" 20160720 47.2916666666667 123.375 0.866666666666667 22.25 46.375 2 "城区环境评价点" 116.339 39.929
"官园" 20160125 31.4166666666667 43.375 1.02916666666667 56.8333333333333 23.2916666666667 20.875 "城区环境评价点" 116.339 39.929
"官园" 20161016 113.291666666667 199.125 0.866666666666667 64.9583333333333 25.5416666666667 3.5 "城区环境评价点" 116.339 39.929
"官园" 20160727 56.75 80.2083333333333 0.804166666666667 42.75 122.083333333333 2.08333333333333 "城区环境评价点" 116.339 39.929
"官园" 20160818 84.25 120.208333333333 1.75 52.6666666666667 20.1666666666667 2.04166666666667 "城区环境评价点" 116.339 39.929
"官园" 20161030 47.0416666666667 70.25 0.779166666666667 48.4166666666667 17.4166666666667 6.375 "城区环境评价点" 116.339 39.929
"官园" 20161206 88.1363636363636 67.8333333333333 2.3625 97.8333333333333 2.16666666666667 29.0833333333333 "城区环境评价点" 116.339 39.929
"官园" 20161228 70.2083333333333 109.125 1.17142857142857 46.7391304347826 22.0952380952381 9.25 "城区环境评价点" 116.339 39.929
"官园" 20161106 70.8333333333333 162.708333333333 1.02083333333333 51.375 26.375 11.4583333333333 "城区环境评价点" 116.339 39.929
"官园" 20160704 145.791666666667 179.958333333333 1.24583333333333 34.0434782608696 123.166666666667 7.25 "城区环境评价点" 116.339 39.929
"官园" 20160116 117.208333333333 135.333333333333 2.3125 69.125 8.625 45.0416666666667 "城区环境评价点" 116.339 39.929
"官园" 20160505 55.7916666666667 66.9583333333333 1.02916666666667 46.7083333333333 86.5 15.9583333333333 "城区环境评价点" 116.339 39.929
"官园" 20160520 96.8333333333333 125.416666666667 1.15 51.5833333333333 145.125 24.0416666666667 "城区环境评价点" 116.339 39.929
"官园" 20160922 107.333333333333 121 0.941666666666667 79.7916666666667 49.1666666666667 6.75 "城区环境评价点" 116.339 39.929
"官园" 20161021 44.6666666666667 71.625 0.954166666666667 43.1666666666667 15.6666666666667 2.16666666666667 "城区环境评价点" 116.339 39.929
"官园" 20160130 49.875 67.125 1.26666666666667 55.3333333333333 13.375 25.25 "城区环境评价点" 116.339 39.929
"官园" 20160229 29.9583333333333 34.0833333333333 0.591666666666667 37.9166666666667 46.7083333333333 11.9166666666667 "城区环境评价点" 116.339 39.929
"官园" 20160519 90.7916666666667 108.416666666667 0.858333333333333 37.75 171.666666666667 17.5416666666667 "城区环境评价点" 116.339 39.929
"官园" 20160206 33.5833333333333 38.5833333333333 0.766666666666667 40.75 45.125 15.4583333333333 "城区环境评价点" 116.339 39.929
"官园" 20161104 272.541666666667 298.291666666667 3.5 127.166666666667 4.04166666666667 7.125 "城区环境评价点" 116.339 39.929
"官园" 20160213 11.3333333333333 106.541666666667 0.3125 12.3333333333333 57.4583333333333 6.45833333333333 "城区环境评价点" 116.339 39.929
"官园" 20160906 22.8888888888889 58.2352941176471 0.605555555555556 56.3888888888889 29.8888888888889 2.77777777777778 "城区环境评价点" 116.339 39.929
"官园" 20160404 71.6 72.4285714285714 0.319047619047619 46.5238095238095 70.2380952380952 13.047619047619 "城区环境评价点" 116.339 39.929
"官园" 20160624 18 74.5416666666667 0.416666666666667 33.375 58.0833333333333 2 "城区环境评价点" 116.339 39.929
"官园" 20161103 192.458333333333 193.625 2.57083333333333 107.125 4.125 9.625 "城区环境评价点" 116.339 39.929
"官园" 20160701 14.4583333333333 66.7916666666667 0.433333333333333 29.5 87.0416666666667 2 "城区环境评价点" 116.339 39.929
"官园" 20160320 63.8333333333333 81.7916666666667 0.916666666666667 62.0416666666667 44.5833333333333 9.375 "城区环境评价点" 116.339 39.929
"官园" 20160601 33.8333333333333 74.4583333333333 0.670833333333333 43.8333333333333 93.7916666666667 5.29166666666667 "城区环境评价点" 116.339 39.929
"官园" 20160312 110.791666666667 89.7916666666667 1.66666666666667 84.3333333333333 19.2083333333333 43.9583333333333 "城区环境评价点" 116.339 39.929
"官园" 20160120 117.375 128.708333333333 3.39583333333333 85.1666666666667 2.75 60.9166666666667 "城区环境评价点" 116.339 39.929
"官园" 20160630 80.3333333333333 145.041666666667 0.895833333333333 41.5 108.541666666667 2 "城区环境评价点" 116.339 39.929
"官园" 20160319 68.5 131.541666666667 0.920833333333333 41.125 58.9166666666667 14.9166666666667 "城区环境评价点" 116.339 39.929
"官园" 20160211 137.875 170.708333333333 2.94583333333333 76.0833333333333 8.375 44.7083333333333 "城区环境评价点" 116.339 39.929
"官园" 20160729 129.083333333333 130.625 NA 39.875 124.416666666667 4.75 "城区环境评价点" 116.339 39.929
"官园" 20161010 95.8571428571429 81.4761904761905 1.15714285714286 87 9.76190476190476 10.1904761904762 "城区环境评价点" 116.339 39.929
"官园" 20160721 44.875 40.5 1.02083333333333 35.7916666666667 33.1666666666667 2 "城区环境评价点" 116.339 39.929
"官园" 20161208 98.375 198.173913043478 1.84583333333333 62.7083333333333 29.8333333333333 16.7916666666667 "城区环境评价点" 116.339 39.929
"官园" 20160210 90.2916666666667 82.4166666666667 2.49166666666667 71.4583333333333 19.5 50.2083333333333 "城区环境评价点" 116.339 39.929
"官园" 20161024 64.375 67.2083333333333 1.2 62.8333333333333 2 4.79166666666667 "城区环境评价点" 116.339 39.929
"官园" 20160819 21.375 64.5416666666667 1.07083333333333 31.7916666666667 71.4166666666667 2 "城区环境评价点" 116.339 39.929
"官园" 20160826 12.5833333333333 27.2083333333333 0.325 33.3333333333333 53.5416666666667 2 "城区环境评价点" 116.339 39.929
"官园" 20161207 134.958333333333 150.583333333333 2.66666666666667 108.333333333333 3.16666666666667 30.2916666666667 "城区环境评价点" 116.339 39.929
"官园" 20160224 27.625 35.75 0.936363636363636 44.1818181818182 33.6818181818182 11.0909090909091 "城区环境评价点" 116.339 39.929
"官园" 20161107 41.75 86.9166666666667 0.775 45.7916666666667 19.7916666666667 4.125 "城区环境评价点" 116.339 39.929
"官园" 20160705 109.583333333333 154.208333333333 1 35.875 125.791666666667 7.45833333333333 "城区环境评价点" 116.339 39.929
"官园" 20160117 36.9166666666667 112.125 0.629166666666667 30.5833333333333 44.4166666666667 8.45833333333333 "城区环境评价点" 116.339 39.929
"官园" 20160506 63.0434782608696 178.458333333333 0.258333333333333 14.9583333333333 78.4583333333333 2 "城区环境评价点" 116.339 39.929
"官园" 20160521 81.25 122.458333333333 0.920833333333333 49.0416666666667 130.875 22.3333333333333 "城区环境评价点" 116.339 39.929
"官园" 20160923 128.318181818182 147.681818181818 1.20909090909091 54.5909090909091 119.318181818182 4.90909090909091 "城区环境评价点" 116.339 39.929
"官园" 20161022 16.1666666666667 45.2083333333333 0.683333333333333 35.0416666666667 14.5 2 "城区环境评价点" 116.339 39.929
"官园" 20160131 18.6666666666667 46.0833333333333 0.616666666666667 37.5 39.7916666666667 11.4166666666667 "城区环境评价点" 116.339 39.929
"官园" 20160301 113.708333333333 95.875 1.8625 87.3333333333333 20.3333333333333 33.4583333333333 "城区环境评价点" 116.339 39.929
"官园" 20160406 152.958333333333 149.478260869565 1.92916666666667 69.5416666666667 62.6666666666667 34.3333333333333 "城区环境评价点" 116.339 39.929
"官园" 20160207 36.5416666666667 56.4583333333333 0.808333333333333 42.4166666666667 42.0833333333333 18.3333333333333 "城区环境评价点" 116.339 39.929
"官园" 20160330 29.4583333333333 65.6666666666667 0.55 40.4583333333333 58.8333333333333 3.20833333333333 "城区环境评价点" 116.339 39.929
"官园" 20160214 7.5 20.0416666666667 0.304166666666667 11.5 62.625 3 "城区环境评价点" 116.339 39.929
"官园" 20160322 117.958333333333 183.708333333333 1.57916666666667 87.7916666666667 30.3333333333333 29.2083333333333 "城区环境评价点" 116.339 39.929
"官园" 20160405 118.833333333333 138.791666666667 0.726086956521739 60.25 77.2083333333333 18.9583333333333 "城区环境评价点" 116.339 39.929
"官园" 20160625 16.5 28.4583333333333 0.316666666666667 30.25 70.2083333333333 2.41666666666667 "城区环境评价点" 116.339 39.929
"官园" 20160329 20.3333333333333 103.318181818182 0.420833333333333 31.3333333333333 64.6666666666667 2.29166666666667 "城区环境评价点" 116.339 39.929
"官园" 20160702 45.2631578947368 60.3809523809524 0.671428571428571 44.6666666666667 91.9047619047619 2.33333333333333 "城区环境评价点" 116.339 39.929
"官园" 20160321 130.958333333333 132.083333333333 1.22916666666667 82.75 56.2083333333333 23.125 "城区环境评价点" 116.339 39.929
"官园" 20160602 47.0416666666667 84.4166666666667 0.770833333333333 52.5 120.875 9.29166666666667 "城区环境评价点" 116.339 39.929
"官园" 20160313 29.75 107.25 0.6375 35.7916666666667 60.625 9.66666666666667 "城区环境评价点" 116.339 39.929
"官园" 20160121 125.083333333333 159.75 2.55 69.7916666666667 4.125 26.0833333333333 "城区环境评价点" 116.339 39.929
"官园" 20160609 108.238095238095 196.45 1.17619047619048 35.3809523809524 138 7.61904761904762 "城区环境评价点" 116.339 39.929
"官园" 20160411 41.6818181818182 102.368421052632 0.573913043478261 38.4347826086956 62.1739130434783 11.7826086956522 "城区环境评价点" 116.339 39.929
"官园" 20160227 20.125 49.3333333333333 0.6375 36.375 48.7916666666667 7.66666666666667 "城区环境评价点" 116.339 39.929
"官园" 20160730 149.571428571429 193.35 NA 37.5238095238095 74.4285714285714 6.47619047619048 "城区环境评价点" 116.339 39.929
"官园" 20161011 119.291666666667 158.083333333333 1.38333333333333 72.6666666666667 25.2916666666667 7 "城区环境评价点" 116.339 39.929
"官园" 20160204 9.21739130434783 32.8333333333333 0.429166666666667 29.6666666666667 53.7916666666667 5.83333333333333 "城区环境评价点" 116.339 39.929
"官园" 20161209 25.2608695652174 54.7619047619048 0.734782608695652 46.1304347826087 25.695652173913 11.304347826087 "城区环境评价点" 116.339 39.929
"官园" 20160226 34.25 42.375 0.679166666666667 37.2916666666667 48.625 13.2083333333333 "城区环境评价点" 116.339 39.929
"官园" 20161025 98.4583333333333 107.5 1.425 81.2083333333333 2.08333333333333 3.20833333333333 "城区环境评价点" 116.339 39.929
"官园" 20160820 63.9583333333333 77.125 1.20833333333333 41.75 115.333333333333 2.04166666666667 "城区环境评价点" 116.339 39.929
"官园" 20160827 16.875 51.1666666666667 0.466666666666667 46.5416666666667 35.2083333333333 2.54166666666667 "城区环境评价点" 116.339 39.929
"官园" 20160501 202.166666666667 238.291666666667 2.32083333333333 47.4583333333333 145.375 28.5833333333333 "城区环境评价点" 116.339 39.929
"官园" 20160225 22.0416666666667 43.8333333333333 1.70909090909091 38 40 8.08333333333333 "城区环境评价点" 116.339 39.929
"官园" 20161108 37.25 39.5833333333333 0.729166666666667 55.9583333333333 14.0416666666667 8 "城区环境评价点" 116.339 39.929
"官园" 20160706 80.2916666666667 125.25 0.933333333333333 39.4166666666667 131.625 6.75 "城区环境评价点" 116.339 39.929
"官园" 20160118 9.375 42.2083333333333 0.245833333333333 20.0833333333333 50.3333333333333 4.25 "城区环境评价点" 116.339 39.929
"官园" 20160430 190.208333333333 244.541666666667 1.51666666666667 80.7916666666667 118.375 12.0833333333333 "城区环境评价点" 116.339 39.929
"官园" 20160522 53.0833333333333 93.7083333333333 0.7125 60.6666666666667 114.041666666667 9.29166666666667 "城区环境评价点" 116.339 39.929
"官园" 20160924 124.291666666667 151.375 1.15833333333333 65.4583333333333 91.25 4.91666666666667 "城区环境评价点" 116.339 39.929
"官园" 20161023 30.25 33.25 0.6625 49.3333333333333 16.4166666666667 5.20833333333333 "城区环境评价点" 116.339 39.929
"官园" 20160201 13.7083333333333 29.8333333333333 0.7 40.8333333333333 38.6666666666667 11.5416666666667 "城区环境评价点" 116.339 39.929
"官园" 20160302 159.708333333333 198 2.69583333333333 125.458333333333 19.375 37.5833333333333 "城区环境评价点" 116.339 39.929
"官园" 20160407 95.2083333333333 216.041666666667 1.19583333333333 58.9166666666667 48.6666666666667 6.41666666666667 "城区环境评价点" 116.339 39.929
"官园" 20160208 186.375 213.958333333333 0.908333333333333 45.6666666666667 42.0833333333333 60.2083333333333 "城区环境评价点" 116.339 39.929
"官园" 20160331 159.416666666667 132.291666666667 1.5375 87.9166666666667 59 12.625 "城区环境评价点" 116.339 39.929
"官园" 20160215 6.58333333333333 25.0416666666667 0.345833333333333 14.625 63 2.08333333333333 "城区环境评价点" 116.339 39.929
"官园" 20160323 22.2083333333333 97.4166666666667 0.61304347826087 36.9090909090909 49.304347826087 4.60869565217391 "城区环境评价点" 116.339 39.929
"官园" 20160626 42.7916666666667 65.25 0.533333333333333 43.25 110.041666666667 5 "城区环境评价点" 116.339 39.929
"官园" 20160824 82.9166666666667 109.541666666667 1.10833333333333 54.5833333333333 82.75 5.25 "城区环境评价点" 116.339 39.929
"官园" 20160222 66.875 118.391304347826 1.12083333333333 45.9583333333333 40.9166666666667 18.25 "城区环境评价点" 116.339 39.929
"官园" 20160108 36 30.375 0.875 47.5416666666667 25.1666666666667 13.9583333333333 "城区环境评价点" 116.339 39.929
"官园" 20160413 124.791666666667 149.125 1.0375 77.5 50.0416666666667 7.16666666666667 "城区环境评价点" 116.339 39.929
"官园" 20160603 88.875 95.875 1.27916666666667 70 120.583333333333 24.5 "城区环境评价点" 116.339 39.929
"官园" 20160314 80.5217391304348 79.1304347826087 1.3304347826087 70.5217391304348 33.9130434782609 21.1739130434783 "城区环境评价点" 116.339 39.929
"官园" 20160823 71.2083333333333 69.75 0.870833333333333 45.9583333333333 88.7916666666667 7.66666666666667 "城区环境评价点" 116.339 39.929
"官园" 20160610 56.75 109.666666666667 1.0125 23.6666666666667 125.5 2 "城区环境评价点" 116.339 39.929
"官园" 20160412 76.625 87.125 0.804166666666667 68.1666666666667 33.9583333333333 6.45833333333333 "城区环境评价点" 116.339 39.929
"官园" 20160228 31.125 49.125 0.795833333333333 38.4583333333333 41 7.66666666666667 "城区环境评价点" 116.339 39.929
"官园" 20160731 63.7916666666667 133.666666666667 NA 41.9583333333333 67.8333333333333 2.41666666666667 "城区环境评价点" 116.339 39.929
"官园" 20160328 70.1428571428571 83.8333333333333 0.875 73.5833333333333 33.0416666666667 13.2083333333333 "城区环境评价点" 116.339 39.929
"官园" 20160220 12.2916666666667 27.0434782608696 0.345833333333333 20.6666666666667 59.4583333333333 4 "城区环境评价点" 116.339 39.929
"官园" 20160503 31.1578947368421 78.9166666666667 0.429166666666667 32.1666666666667 31.2916666666667 2.20833333333333 "城区环境评价点" 116.339 39.929
"官园" 20160106 26.695652173913 63.5416666666667 0.9 19.7826086956522 23.9583333333333 15.4166666666667 "城区环境评价点" 116.339 39.929
"官园" 20161026 44.25 111.052631578947 0.795 52.25 19.45 3.55 "城区环境评价点" 116.339 39.929
"官园" 20160821 54.6666666666667 98.3333333333333 1.00416666666667 48.7916666666667 128.75 2.45833333333333 "城区环境评价点" 116.339 39.929
"官园" 20160219 13.875 33.2083333333333 0.458333333333333 29.3333333333333 52.25 3.95833333333333 "城区环境评价点" 116.339 39.929
"官园" 20160502 57.7083333333333 162.708333333333 0.395833333333333 26.4583333333333 60.8333333333333 2.75 "城区环境评价点" 116.339 39.929
"官园" 20160410 53.75 150.166666666667 0.891666666666667 40.875 63.5 17.7916666666667 "城区环境评价点" 116.339 39.929
"官园" 20160403 18.0454545454545 39.25 0.1 22.7916666666667 65.1666666666667 4.25 "城区环境评价点" 116.339 39.929
"官园" 20160424 99.375 87.25 0.891666666666667 54.8333333333333 73.0416666666667 24.4166666666667 "城区环境评价点" 116.339 39.929
"官园" 20160119 65.625 62.1666666666667 1.47083333333333 66.7916666666667 13.4583333333333 25.0833333333333 "城区环境评价点" 116.339 39.929
"官园" 20160805 61.1666666666667 108.125 0.883333333333333 31.875 101.666666666667 2.04166666666667 "城区环境评价点" 116.339 39.929
"官园" 20160523 68.625 88.125 1.00416666666667 48.4583333333333 94.2916666666667 18.375 "城区环境评价点" 116.339 39.929
"官园" 20160925 169.416666666667 219.833333333333 1.525 65.0416666666667 74.7083333333333 3.75 "城区环境评价点" 116.339 39.929
"官园" 20160423 26.1666666666667 61.9166666666667 0.329166666666667 25.9166666666667 68.375 3 "城区环境评价点" 116.339 39.929
"官园" 20160202 28.375 31.25 0.9875 59.4583333333333 23 13.375 "城区环境评价点" 116.339 39.929
"官园" 20160303 271.375 245.25 3.79583333333333 135.5 17 48.75 "城区环境评价点" 116.339 39.929
"官园" 20160408 25 65.3333333333333 0.375 29.9583333333333 66.0416666666667 4.75 "城区环境评价点" 116.339 39.929
"官园" 20160209 36.8333333333333 76.7916666666667 0.970833333333333 49.25 42.625 17.3333333333333 "城区环境评价点" 116.339 39.929
"官园" 20160401 37.1818181818182 166.583333333333 0.466666666666667 27 69.9166666666667 4.18181818181818 "城区环境评价点" 116.339 39.929
"官园" 20160216 7.125 44.6666666666667 0.320833333333333 19.9583333333333 64.75 4.875 "城区环境评价点" 116.339 39.929
"官园" 20160324 13.7916666666667 24.375 0.634782608695652 34.4583333333333 32.1739130434783 2.83333333333333 "城区环境评价点" 116.339 39.929
"官园" 20160627 63.4166666666667 75.4583333333333 0.754166666666667 41.5 120.041666666667 7.33333333333333 "城区环境评价点" 116.339 39.929
"官园" 20160825 22.9166666666667 77.8333333333333 0.504166666666667 33.0833333333333 50.0416666666667 2.625 "城区环境评价点" 116.339 39.929
"官园" 20160223 10 41.2083333333333 0.283333333333333 18.9166666666667 64.5416666666667 4.41666666666667 "城区环境评价点" 116.339 39.929
"官园" 20160109 78.3333333333333 82.4166666666667 1.74583333333333 80.5 8.04166666666667 26.3333333333333 "城区环境评价点" 116.339 39.929
"官园" 20160414 34.5652173913044 107 0.38695652173913 23.4782608695652 79.6521739130435 2.8695652173913 "城区环境评价点" 116.339 39.929
"官园" 20160604 89.1666666666667 125.541666666667 0.783333333333333 32.5833333333333 160.125 18.2916666666667 "城区环境评价点" 116.339 39.929
"官园" 20160315 147.05 138.1 1.4 76.4 27.5 58.7 "城区环境评价点" 116.339 39.929
"官园" 20160101 176.125 151.541666666667 3.34583333333333 121.583333333333 5.25 49.0833333333333 "城区环境评价点" 116.339 39.929
"官园" 20160611 12.2173913043478 48.9166666666667 0.416666666666667 24.2916666666667 79.4583333333333 3 "城区环境评价点" 116.339 39.929
"官园" 20160425 95.9583333333333 133.791666666667 0.704166666666667 34.1666666666667 112.916666666667 16.75 "城区环境评价点" 116.339 39.929
"官园" 20160317 302.25 333.916666666667 2.225 109.708333333333 50.9166666666667 34.4166666666667 "城区环境评价点" 116.339 39.929
"官园" 20160801 82.7916666666667 95.7916666666667 1.61538461538462 35.9583333333333 106.708333333333 7.04166666666667 "城区环境评价点" 116.339 39.929
"官园" 20160427 94.0833333333333 112.130434782609 1.15833333333333 63.1666666666667 74.625 12.2916666666667 "城区环境评价点" 116.339 39.929
"官园" 20160221 73.0833333333333 56.625 1.44166666666667 63.1666666666667 21.375 26.9583333333333 "城区环境评价点" 116.339 39.929
"官园" 20160504 24.5652173913043 61.7916666666667 0.629166666666667 50.4166666666667 25.9583333333333 2.91666666666667 "城区环境评价点" 116.339 39.929
"官园" 20160107 11.4583333333333 32.695652173913 0.4875 32.625 32.9583333333333 7.20833333333333 "城区环境评价点" 116.339 39.929
"官园" 20161027 31.9166666666667 60.7916666666667 1.10833333333333 55.5833333333333 3.5 6.5 "城区环境评价点" 116.339 39.929
"官园" 20160822 43.9166666666667 72.7916666666667 0.825 31.6666666666667 112.333333333333 5.83333333333333 "城区环境评价点" 116.339 39.929
"官园" 20160318 210.75 354.208333333333 1.66666666666667 82.625 53.4166666666667 16.2916666666667 "城区环境评价点" 116.339 39.929
"官园" 20160419 81.7368421052632 78.2352941176471 1.40526315789474 64.6842105263158 37.7894736842105 22.8421052631579 "城区环境评价点" 116.339 39.929
"官园" 20160217 46.125 43.5416666666667 1.03333333333333 54.6666666666667 35.4583333333333 19.9166666666667 "城区环境评价点" 116.339 39.929
"官园" 20160325 16.1363636363636 28 0.547619047619048 36.3181818181818 39.4285714285714 4 "城区环境评价点" 116.339 39.929
"官园" 20160103 252.875 339.5 2.95833333333333 86.375 9.66666666666667 21.7916666666667 "城区环境评价点" 116.339 39.929
"官园" 20160606 99.1739130434783 113.391304347826 1.03913043478261 39 133.304347826087 8.78260869565217 "城区环境评价点" 116.339 39.929
"官园" 20160806 100 114.047619047619 0.973913043478261 30.2608695652174 106.04347826087 2 "城区环境评价点" 116.339 39.929
"官园" 20160105 35.9166666666667 30.0416666666667 0.866666666666667 6.04166666666667 23.1666666666667 15.4166666666667 "城区环境评价点" 116.339 39.929
"官园" 20160415 62.0833333333333 72.5416666666667 1.08333333333333 61.9583333333333 49.0833333333333 15.625 "城区环境评价点" 116.339 39.929
"官园" 20160605 79.375 115.625 0.920833333333333 38.625 131.291666666667 14.6666666666667 "城区环境评价点" 116.339 39.929
"官园" 20160203 32.6666666666667 47.0833333333333 1.14583333333333 66.5833333333333 16.7083333333333 15.375 "城区环境评价点" 116.339 39.929
"官园" 20160326 12.125 35.7916666666667 0.495833333333333 28.9583333333333 61.9583333333333 3.58333333333333 "城区环境评价点" 116.339 39.929
"官园" 20160409 86.7083333333333 115.416666666667 0.804166666666667 57.7083333333333 52.0833333333333 13.3333333333333 "城区环境评价点" 116.339 39.929
"官园" 20160426 82.375 123.25 1.31666666666667 43.7916666666667 97.25 26.7083333333333 "城区环境评价点" 116.339 39.929
"官园" 20160402 8.31818181818182 50.9166666666667 0.195833333333333 18.4166666666667 64.625 2.375 "城区环境评价点" 116.339 39.929
"官园" 20160802 70.25 116.75 1.16363636363636 39.9090909090909 98.8181818181818 5.54545454545455 "城区环境评价点" 116.339 39.929
"官园" 20160111 11.7916666666667 44.625 0.458333333333333 30.5833333333333 39.7083333333333 8.08333333333333 "城区环境评价点" 116.339 39.929
"官园" 20160421 105.913043478261 129.217391304348 0.865217391304348 75.6521739130435 59.6086956521739 7.56521739130435 "城区环境评价点" 116.339 39.929
"官园" 20160104 35 164.695652173913 0.741666666666667 24.0833333333333 39.1666666666667 7.91666666666667 "城区环境评价点" 116.339 39.929
"官园" 20160804 101.625 106.875 1.36666666666667 38.6666666666667 134.541666666667 2.41666666666667 "城区环境评价点" 116.339 39.929
"官园" 20160110 46.25 95.1739130434783 1.47916666666667 63.75 16.375 24.25 "城区环境评价点" 116.339 39.929
"官园" 20160608 139.708333333333 130.375 1.4125 37.375 135.375 2.70833333333333 "城区环境评价点" 116.339 39.929
"官园" 20160416 29.9583333333333 85.9583333333333 0.354166666666667 25.2083333333333 56.375 2.25 "城区环境评价点" 116.339 39.929
"官园" 20160316 255.333333333333 254.125 2.2625 100.666666666667 52.5833333333333 46.9583333333333 "城区环境评价点" 116.339 39.929
"官园" 20160102 260.166666666667 274.782608695652 4.7875 145.958333333333 4.29166666666667 46 "城区环境评价点" 116.339 39.929
"官园" 20160612 69.695652173913 75.0833333333333 0.916666666666667 34.5416666666667 121.25 9.29166666666667 "城区环境评价点" 116.339 39.929
"官园" 20160613 54.5416666666667 79.2083333333333 0.695833333333333 38.7083333333333 86.625 2.875 "城区环境评价点" 116.339 39.929
"官园" 20160607 66.9583333333333 113.5 0.983333333333333 26.4583333333333 112.25 2.16666666666667 "城区环境评价点" 116.339 39.929
"官园" 20160420 81.8571428571429 113.3125 0.838095238095238 48.0476190476191 73.9523809523809 9.80952380952381 "城区环境评价点" 116.339 39.929
"官园" 20160428 100 143.333333333333 1.10416666666667 61.7916666666667 87.75 8.125 "城区环境评价点" 116.339 39.929
"官园" 20160417 16.625 46.4285714285714 0.266666666666667 14.2916666666667 81.7916666666667 2 "城区环境评价点" 116.339 39.929
"官园" 20160422 41.4166666666667 113.208333333333 0.275 22.3333333333333 81.2083333333333 2.16666666666667 "城区环境评价点" 116.339 39.929
"官园" 20161028 14.5238095238095 46.2083333333333 0.4125 42.5416666666667 22.7916666666667 3.33333333333333 "城区环境评价点" 116.339 39.929
"官园" 20160327 16.0833333333333 37 0.404166666666667 39.4166666666667 50.75 3.16666666666667 "城区环境评价点" 116.339 39.929
"官园" 20160418 21.95 37.1111111111111 0.305 23.05 78.4 2.3 "城区环境评价点" 116.339 39.929
"官园" 20160218 14.375 53 0.375 24.2083333333333 64.0833333333333 5.625 "城区环境评价点" 116.339 39.929
"官园" 20160803 60.7142857142857 95.2777777777778 0.990476190476191 36.5714285714286 154.47619047619 7.33333333333333 "城区环境评价点" 116.339 39.929
"官园" 20160429 131.583333333333 117.125 1.43333333333333 76.2083333333333 86.4166666666667 19.5416666666667 "城区环境评价点" 116.339 39.929
