"东四" 20160808 38.1666666666667 46.5882352941176 0.866666666666667 30.8888888888889 77.9444444444444 2.22222222222222 "城区环境评价点" 116.417 39.929
"东四" 20160807 22.1739130434783 77.1 0.7 23.304347826087 90.3478260869565 2 "城区环境评价点" 116.417 39.929
"东四" 20160507 33.4166666666667 86.2916666666667 0.229166666666667 26 82.9583333333333 2.83333333333333 "城区环境评价点" 116.417 39.929
"东四" 20160505 67.75 60.1666666666667 1.07916666666667 48.375 76.2083333333333 17.125 "城区环境评价点" 116.417 39.929
"东四" 20161019 253.708333333333 243.916666666667 2.5 96.4166666666667 11.5 9.08333333333333 "城区环境评价点" 116.417 39.929
"东四" 20160910 18.4166666666667 37 0.516666666666667 46.5416666666667 52.1666666666667 2.04166666666667 "城区环境评价点" 116.417 39.929
"东四" 20161027 25.9166666666667 61.2916666666667 1.19166666666667 57.6521739130435 5.33333333333333 8.375 "城区环境评价点" 116.417 39.929
"东四" 20160813 26.8333333333333 51.4583333333333 0.833333333333333 45.4583333333333 26.25 2.66666666666667 "城区环境评价点" 116.417 39.929
"东四" 20160506 113.363636363636 247.136363636364 0.3 9.15 84.95 2 "城区环境评价点" 116.417 39.929
"东四" 20160717 84.75 87 1.12916666666667 48.125 107.041666666667 3.41666666666667 "城区环境评价点" 116.417 39.929
"东四" 20161026 50.3809523809524 126.105263157895 0.828571428571429 56.3809523809524 20.6190476190476 4.80952380952381 "城区环境评价点" 116.417 39.929
"东四" 20160508 77.4583333333333 82.25 0.752173913043478 43.695652173913 77.4347826086957 19.0434782608696 "城区环境评价点" 116.417 39.929
"东四" 20161020 105.583333333333 259.291666666667 1.45416666666667 62.4583333333333 13.4166666666667 9.70833333333333 "城区环境评价点" 116.417 39.929
"东四" 20160911 38.875 63.4583333333333 0.9625 32.5416666666667 87.6666666666667 3.08333333333333 "城区环境评价点" 116.417 39.929
"东四" 20160718 101.260869565217 128.166666666667 1.29583333333333 52.4583333333333 83.7083333333333 5.625 "城区环境评价点" 116.417 39.929
"东四" 20161022 15.5416666666667 43.5 0.541666666666667 39.5 15.4583333333333 2.375 "城区环境评价点" 116.417 39.929
"东四" 20160811 82.7916666666667 110.375 1.0125 26.6666666666667 93.8333333333333 3.33333333333333 "城区环境评价点" 116.417 39.929
"东四" 20160720 40.625 113.958333333333 0.833333333333333 24 46.9166666666667 2 "城区环境评价点" 116.417 39.929
"东四" 20160512 64.8333333333333 190.916666666667 0.521739130434783 25.4347826086957 69.5652173913043 2.30434782608696 "城区环境评价点" 116.417 39.929
"东四" 20161029 23.8333333333333 35.9166666666667 0.683333333333333 51.25 16.4166666666667 5.25 "城区环境评价点" 116.417 39.929
"东四" 20160206 31.0833333333333 36.7916666666667 0.783333333333333 37.9166666666667 46.25 13.75 "城区环境评价点" 116.417 39.929
"东四" 20160112 12.6086956521739 23.1739130434783 0.520833333333333 27.75 44.5833333333333 6.21739130434783 "城区环境评价点" 116.417 39.929
"东四" 20160810 84.0454545454545 96.9 0.981818181818182 24 101.772727272727 2.31818181818182 "城区环境评价点" 116.417 39.929
"东四" 20161028 12.3571428571429 39.75 0.4375 34.4583333333333 30.4583333333333 2.45833333333333 "城区环境评价点" 116.417 39.929
"东四" 20160205 10.3333333333333 27.7083333333333 0.425 16.375 67.6666666666667 6.625 "城区环境评价点" 116.417 39.929
"东四" 20160812 85.1333333333333 114.692307692308 0.986666666666667 38.0666666666667 44.8666666666667 2 "城区环境评价点" 116.417 39.929
"东四" 20160809 53.8666666666667 71.8666666666667 1.33333333333333 30.9333333333333 142 8.53333333333333 "城区环境评价点" 116.417 39.929
"东四" 20160602 48.9583333333333 75.7083333333333 0.841666666666667 55.4166666666667 113.291666666667 9.70833333333333 "城区环境评价点" 116.417 39.929
"东四" 20160510 60.875 67.75 0.658333333333333 40.875 89.9583333333333 4.45833333333333 "城区环境评价点" 116.417 39.929
"东四" 20160515 42.1739130434783 71.4166666666667 0.5375 37.375 44.4166666666667 2.16666666666667 "城区环境评价点" 116.417 39.929
"东四" 20160113 20.5833333333333 33.4166666666667 0.85 46.1666666666667 30.75 11.625 "城区环境评价点" 116.417 39.929
"东四" 20160912 34.1428571428571 44.7857142857143 0.807142857142857 45 54.5 2.28571428571429 "城区环境评价点" 116.417 39.929
"东四" 20160425 105.833333333333 131.708333333333 0.808333333333333 31.1666666666667 109.75 14.7083333333333 "城区环境评价点" 116.417 39.929
"东四" 20160509 41.7272727272727 75.5 0.633333333333333 40.8181818181818 57.0454545454545 6.13636363636364 "城区环境评价点" 116.417 39.929
"东四" 20161021 45.5416666666667 73.75 0.85 47.75 15.2916666666667 2 "城区环境评价点" 116.417 39.929
"东四" 20160519 90.9166666666667 109.25 0.695833333333333 40.7916666666667 167.208333333333 17.2916666666667 "城区环境评价点" 116.417 39.929
"东四" 20160630 74.1666666666667 131.416666666667 0.875 38.9583333333333 108.416666666667 2 "城区环境评价点" 116.417 39.929
"东四" 20160526 25.2083333333333 54.1666666666667 0.366666666666667 31.9545454545455 85.3181818181818 2.04166666666667 "城区环境评价点" 116.417 39.929
"东四" 20160114 74.125 65.7916666666667 1.75 68.3333333333333 18.7916666666667 22.4583333333333 "城区环境评价点" 116.417 39.929
"东四" 20160913 90.5833333333333 89.625 1.10454545454545 60.0909090909091 50.1428571428571 4.27272727272727 "城区环境评价点" 116.417 39.929
"东四" 20161025 120.041666666667 128.041666666667 1.6875 90.5 3.41666666666667 4.66666666666667 "城区环境评价点" 116.417 39.929
"东四" 20160728 NA NA NA NA NA NA "城区环境评价点" 116.417 39.929
"东四" 20160814 25.2916666666667 51 0.754166666666667 46.75 89.625 3.625 "城区环境评价点" 116.417 39.929
"东四" 20160530 85.2916666666667 93.5 1.22083333333333 57.9583333333333 131.541666666667 19.0833333333333 "城区环境评价点" 116.417 39.929
"东四" 20161002 199.583333333333 242.25 1.50833333333333 87.2916666666667 66.0833333333333 8.91666666666667 "城区环境评价点" 116.417 39.929
"东四" 20161024 73.875 76.4166666666667 1.26666666666667 71.875 2.25 2.70833333333333 "城区环境评价点" 116.417 39.929
"东四" 20160909 22.7916666666667 45.875 0.6125 45.9583333333333 45.0833333333333 2.70833333333333 "城区环境评价点" 116.417 39.929
"东四" 20160707 118.625 124.875 1.40833333333333 33 145.666666666667 11.7083333333333 "城区环境评价点" 116.417 39.929
"东四" 20160304 313.916666666667 381.041666666667 4.38333333333333 115.416666666667 8.45833333333333 62.875 "城区环境评价点" 116.417 39.929
"东四" 20160719 115.916666666667 141.583333333333 1.50416666666667 49.75 33.7916666666667 2.58333333333333 "城区环境评价点" 116.417 39.929
"东四" 20161023 32.1666666666667 40.0416666666667 0.629166666666667 51.4583333333333 17.8333333333333 5 "城区环境评价点" 116.417 39.929
"东四" 20160516 35.2173913043478 51.5 0.460869565217391 51.3333333333333 63.2916666666667 2.95833333333333 "城区环境评价点" 116.417 39.929
"东四" 20160721 28.7916666666667 27.875 0.9625 31.125 39.375 2 "城区环境评价点" 116.417 39.929
"东四" 20160513 45.7916666666667 58.7916666666667 0.652173913043478 50.4782608695652 57.695652173913 4.17391304347826 "城区环境评价点" 116.417 39.929
"东四" 20161030 50.7083333333333 67.625 1.05 51.5416666666667 21.1666666666667 8.16666666666667 "城区环境评价点" 116.417 39.929
"东四" 20160207 40.0833333333333 60.2916666666667 0.875 42.5 42.9583333333333 17.4166666666667 "城区环境评价点" 116.417 39.929
"东四" 20160101 178.833333333333 166.666666666667 3.2 100.625 3.83333333333333 35.4583333333333 "城区环境评价点" 116.417 39.929
"东四" 20160520 99.2380952380952 125.52380952381 1.51052631578947 50 137.05 23.1 "城区环境评价点" 116.417 39.929
"东四" 20160907 44.2142857142857 68.8333333333333 0.821428571428571 42.6428571428571 101.214285714286 6.42857142857143 "城区环境评价点" 116.417 39.929
"东四" 20160527 52.5416666666667 66.5833333333333 0.691666666666667 59.5416666666667 86.4090909090909 12.125 "城区环境评价点" 116.417 39.929
"东四" 20160115 106.958333333333 132.083333333333 2.80416666666667 84.4583333333333 11.625 32.75 "城区环境评价点" 116.417 39.929
"东四" 20160914 106.125 135.291666666667 1.24583333333333 56.3333333333333 78.75 5.33333333333333 "城区环境评价点" 116.417 39.929
"东四" 20160603 83.1666666666667 90.25 1.425 63.4583333333333 125.166666666667 26.6666666666667 "城区环境评价点" 116.417 39.929
"东四" 20160511 167.291666666667 146.708333333333 1.025 35.75 130.125 15 "城区环境评价点" 116.417 39.929
"东四" 20160815 28.0416666666667 60.2916666666667 0.75 34.875 71.9583333333333 2.70833333333333 "城区环境评价点" 116.417 39.929
"东四" 20160928 17.25 39.375 0.358333333333333 37.625 38.9583333333333 2.04166666666667 "城区环境评价点" 116.417 39.929
"东四" 20160404 82.125 73.7083333333333 0.641666666666667 40.625 80.0416666666667 13.4583333333333 "城区环境评价点" 116.417 39.929
"东四" 20160426 79.9411764705882 132.722222222222 1.6375 36.0625 92.5625 27.5625 "城区环境评价点" 116.417 39.929
"东四" 20161005 81 86.1666666666667 1.26666666666667 42.6666666666667 48.1666666666667 2 "城区环境评价点" 116.417 39.929
"东四" 20160708 111.291666666667 143.75 1.28333333333333 38.25 103.125 7.5 "城区环境评价点" 116.417 39.929
"东四" 20160305 59.3333333333333 315.458333333333 0.4375 16.6666666666667 69.8333333333333 2.54166666666667 "城区环境评价点" 116.417 39.929
"东四" 20160701 15.3333333333333 62.7083333333333 0.4375 25 97.5416666666667 2 "城区环境评价点" 116.417 39.929
"东四" 20160715 37.5 55.625 0.8875 34.4166666666667 68.2916666666667 2.25 "城区环境评价点" 116.417 39.929
"东四" 20160517 67.375 81.1666666666667 0.533333333333333 66.9583333333333 111.75 11.875 "城区环境评价点" 116.417 39.929
"东四" 20160722 88.875 92.0416666666667 1.17916666666667 35.25 79.0416666666667 2.125 "城区环境评价点" 116.417 39.929
"东四" 20160919 14.25 30.9166666666667 0.5375 39.9166666666667 33.9583333333333 2 "城区环境评价点" 116.417 39.929
"东四" 20160729 133.833333333333 151.25 1.675 22.75 179.583333333333 3.58333333333333 "城区环境评价点" 116.417 39.929
"东四" 20160714 33.9166666666667 50.6666666666667 0.941666666666667 41.3333333333333 93.5416666666667 6.08333333333333 "城区环境评价点" 116.417 39.929
"东四" 20160531 47.1666666666667 104.083333333333 0.808333333333333 35.375 83.4583333333333 11 "城区环境评价点" 116.417 39.929
"东四" 20161003 119.916666666667 201.375 1.2625 60.5416666666667 67 5.125 "城区环境评价点" 116.417 39.929
"东四" 20160918 22.6666666666667 50 0.741666666666667 41.4166666666667 16.8333333333333 2 "城区环境评价点" 116.417 39.929
"东四" 20160607 61.7916666666667 98.8333333333333 0.9125 23.9166666666667 120.125 2.45833333333333 "城区环境评价点" 116.417 39.929
"东四" 20160713 22.6666666666667 47.375 0.679166666666667 35.2916666666667 99.5 2.875 "城区环境评价点" 116.417 39.929
"东四" 20160819 21.25 62.6666666666667 1.02916666666667 28.5416666666667 75.2083333333333 2 "城区环境评价点" 116.417 39.929
"东四" 20161017 77.0416666666667 130.875 1.0875 59.9166666666667 27.375 3.33333333333333 "城区环境评价点" 116.417 39.929
"东四" 20160209 37.4583333333333 81.2916666666667 1.23333333333333 39.1666666666667 44.9583333333333 17.3333333333333 "城区环境评价点" 116.417 39.929
"东四" 20160103 245.625 367.666666666667 3.02916666666667 70 11.0833333333333 25.8333333333333 "城区环境评价点" 116.417 39.929
"东四" 20160712 3.83333333333333 53.3333333333333 0.7125 31.9166666666667 70.0833333333333 6.20833333333333 "城区环境评价点" 116.417 39.929
"东四" 20160514 45.3333333333333 58.4583333333333 0.558333333333333 33.5416666666667 65.25 2.625 "城区环境评价点" 116.417 39.929
"东四" 20161031 9.91666666666667 40.5416666666667 0.320833333333333 20.4583333333333 46.0833333333333 2.04166666666667 "城区环境评价点" 116.417 39.929
"东四" 20160208 221.125 242.875 1.17083333333333 38.4583333333333 45.5 64.9166666666667 "城区环境评价点" 116.417 39.929
"东四" 20160102 278.125 276.521739130435 4.24583333333333 117.75 4.75 40.7916666666667 "城区环境评价点" 116.417 39.929
"东四" 20160521 74.875 118.083333333333 1.5304347826087 48.2916666666667 119.458333333333 21.5416666666667 "城区环境评价点" 116.417 39.929
"东四" 20160908 26.5416666666667 52.1666666666667 0.729166666666667 50.8333333333333 53.2916666666667 2 "城区环境评价点" 116.417 39.929
"东四" 20160528 41.6086956521739 73.695652173913 0.691304347826087 34.9565217391304 117.347826086957 9.17391304347826 "城区环境评价点" 116.417 39.929
"东四" 20160116 122.125 147.541666666667 2.48333333333333 67.6666666666667 8.54166666666667 45.9166666666667 "城区环境评价点" 116.417 39.929
"东四" 20160915 86.4166666666667 112.75 1.05416666666667 50.125 93.8333333333333 4.20833333333333 "城区环境评价点" 116.417 39.929
"东四" 20160604 79.8888888888889 115.333333333333 0.888888888888889 32.4444444444444 83.6666666666667 18.8888888888889 "城区环境评价点" 116.417 39.929
"东四" 20161007 40.75 69.9583333333333 1.50833333333333 40.8333333333333 8.66666666666667 3.91666666666667 "城区环境评价点" 116.417 39.929
"东四" 20160816 26.4583333333333 41.9583333333333 0.745833333333333 38.5416666666667 79.5833333333333 2 "城区环境评价点" 116.417 39.929
"东四" 20160929 59.7083333333333 62.6666666666667 0.758333333333333 64.0833333333333 43.9565217391304 7.16666666666667 "城区环境评价点" 116.417 39.929
"东四" 20160405 134.217391304348 157.391304347826 1.04782608695652 51.9130434782609 81.6521739130435 20.9565217391304 "城区环境评价点" 116.417 39.929
"东四" 20160427 94.7619047619048 109.2 1.185 57.1 70.6 14.25 "城区环境评价点" 116.417 39.929
"东四" 20161006 72.375 110.583333333333 1.44166666666667 47.125 6.875 7.83333333333333 "城区环境评价点" 116.417 39.929
"东四" 20160709 111.958333333333 147.541666666667 0.870833333333333 37.3333333333333 97.875 4.5 "城区环境评价点" 116.417 39.929
"东四" 20160306 75.8333333333333 129.416666666667 1.55416666666667 69.875 16.3333333333333 28.5 "城区环境评价点" 116.417 39.929
"东四" 20160702 53 59.0416666666667 0.741666666666667 42.875 101.833333333333 2.79166666666667 "城区环境评价点" 116.417 39.929
"东四" 20160716 43.5833333333333 53.75 0.85 44.0416666666667 56.0416666666667 3.08333333333333 "城区环境评价点" 116.417 39.929
"东四" 20160518 64.2083333333333 90.7916666666667 0.241666666666667 38.5833333333333 139.25 10.4583333333333 "城区环境评价点" 116.417 39.929
"东四" 20160723 129.9 127.7 1.34 64 26.3 2 "城区环境评价点" 116.417 39.929
"东四" 20160920 22.0416666666667 36.9166666666667 0.6125 50.4583333333333 47.7083333333333 2.125 "城区环境评价点" 116.417 39.929
"东四" 20160730 162.095238095238 201.9 1.76190476190476 27 64.4285714285714 2 "城区环境评价点" 116.417 39.929
"东四" 20160204 11.8260869565217 35.9166666666667 0.6 20.625 66.6666666666667 7.41666666666667 "城区环境评价点" 116.417 39.929
"东四" 20160601 33.625 68.7083333333333 0.716666666666667 43.125 94.2083333333333 5.70833333333333 "城区环境评价点" 116.417 39.929
"东四" 20161004 30.4375 125.8125 0.89375 32.1875 28.75 3.4375 "城区环境评价点" 116.417 39.929
"东四" 20160211 148.458333333333 188.208333333333 2.60833333333333 63.6666666666667 16.375 49.2083333333333 "城区环境评价点" 116.417 39.929
"东四" 20160608 136.227272727273 124.136363636364 1.32222222222222 35.2777777777778 124.117647058824 2.72222222222222 "城区环境评价点" 116.417 39.929
"东四" 20160203 33.5 48.375 1.10416666666667 60.2173913043478 23.8695652173913 17.9565217391304 "城区环境评价点" 116.417 39.929
"东四" 20160820 63.875 74.375 1.2875 42.0833333333333 114.333333333333 2 "城区环境评价点" 116.417 39.929
"东四" 20161018 126.333333333333 111.958333333333 1.90434782608696 76.9130434782609 6.52173913043478 8.39130434782609 "城区环境评价点" 116.417 39.929
"东四" 20160210 98.625 89.25 2.475 62.625 24.1666666666667 55.5833333333333 "城区环境评价点" 116.417 39.929
"东四" 20160104 45.75 174.608695652174 0.854166666666667 30 46.25 5.20833333333333 "城区环境评价点" 116.417 39.929
"东四" 20160202 27.75 27.375 0.833333333333333 48.75 34.7916666666667 12.2083333333333 "城区环境评价点" 116.417 39.929
"东四" 20160111 11.5416666666667 42.1666666666667 0.354166666666667 23.7916666666667 53.75 3.75 "城区环境评价点" 116.417 39.929
"东四" 20161101 43.375 38.75 0.695833333333333 54.0434782608696 19.7916666666667 10.0416666666667 "城区环境评价点" 116.417 39.929
"东四" 20160118 8.54166666666667 43.6666666666667 0.325 16.5416666666667 55.125 4.04166666666667 "城区环境评价点" 116.417 39.929
"东四" 20160917 44.8333333333333 120.125 0.891666666666667 40.8333333333333 42.7083333333333 3.70833333333333 "城区环境评价点" 116.417 39.929
"东四" 20160522 53.4166666666667 85.2916666666667 0.756521739130435 58.75 109.208333333333 8.375 "城区环境评价点" 116.417 39.929
"东四" 20160110 49.2916666666667 95.304347826087 1.38333333333333 55.25 16.4583333333333 18.7916666666667 "城区环境评价点" 116.417 39.929
"东四" 20160529 42.7916666666667 64.5416666666667 0.5125 30.3333333333333 100.833333333333 5.58333333333333 "城区环境评价点" 116.417 39.929
"东四" 20160117 39.7916666666667 117.625 0.629166666666667 29.875 50.75 11 "城区环境评价点" 116.417 39.929
"东四" 20160916 150.625 182.5 1.27083333333333 47.8333333333333 95.125 5.54166666666667 "城区环境评价点" 116.417 39.929
"东四" 20160605 NA NA NA NA NA NA "城区环境评价点" 116.417 39.929
"东四" 20161008 11.2916666666667 37.6666666666667 0.3 23.5217391304348 42.375 2.79166666666667 "城区环境评价点" 116.417 39.929
"东四" 20160817 69 58.4583333333333 1.25 74.4583333333333 35.25 3.33333333333333 "城区环境评价点" 116.417 39.929
"东四" 20160930 105.75 111.458333333333 0.991666666666667 85.625 66.1666666666667 10.7083333333333 "城区环境评价点" 116.417 39.929
"东四" 20160406 154.375 157.695652173913 2.08333333333333 66 60.625 35.75 "城区环境评价点" 116.417 39.929
"东四" 20160428 98.6666666666667 146.291666666667 1.02916666666667 55.3333333333333 96.9583333333333 7.66666666666667 "城区环境评价点" 116.417 39.929
"东四" 20160626 43.25 63.8333333333333 0.5375 46.9583333333333 110.708333333333 6.04166666666667 "城区环境评价点" 116.417 39.929
"东四" 20160710 125.458333333333 173.826086956522 0.816666666666667 27.8333333333333 111.291666666667 4.70833333333333 "城区环境评价点" 116.417 39.929
"东四" 20160307 53.9285714285714 137.133333333333 1.83846153846154 48.2307692307692 39.2307692307692 26.9230769230769 "城区环境评价点" 116.417 39.929
"东四" 20160703 91.625 92.5 1.13333333333333 44 125.583333333333 12.7083333333333 "城区环境评价点" 116.417 39.929
"东四" 20160314 86.7826086956522 81.3913043478261 1.29130434782609 58.2173913043478 40.4347826086956 21.695652173913 "城区环境评价点" 116.417 39.929
"东四" 20161105 195.916666666667 288.826086956522 3.2625 97.9583333333333 18.5416666666667 5.45833333333333 "城区环境评价点" 116.417 39.929
"东四" 20160724 NA NA NA NA NA NA "城区环境评价点" 116.417 39.929
"东四" 20160921 75.8333333333333 69.5416666666667 1.14583333333333 102.458333333333 13.8333333333333 5.91666666666667 "城区环境评价点" 116.417 39.929
"东四" 20160731 65.9166666666667 136.166666666667 1.4125 31.875 55.7083333333333 2.04166666666667 "城区环境评价点" 116.417 39.929
"东四" 20160328 82.4583333333333 82.6666666666667 0.820833333333333 70.0833333333333 45.6666666666667 18.1666666666667 "城区环境评价点" 116.417 39.929
"东四" 20161119 139.826086956522 225.958333333333 1.92916666666667 64.3333333333333 19.75 13.125 "城区环境评价点" 116.417 39.929
"东四" 20161211 197.291666666667 155.130434782609 3.34166666666667 102.458333333333 4.5 35.2916666666667 "城区环境评价点" 116.417 39.929
"东四" 20160212 149.458333333333 175.625 2.04583333333333 53.7083333333333 33.125 23.3333333333333 "城区环境评价点" 116.417 39.929
"东四" 20160609 103.619047619048 189.85 1.18095238095238 35.5238095238095 131.761904761905 7.52380952380952 "城区环境评价点" 116.417 39.929
"东四" 20160616 27.625 47.2916666666667 0.645833333333333 56.625 75.9583333333333 2 "城区环境评价点" 116.417 39.929
"东四" 20160821 63.2916666666667 102.75 1.09583333333333 51.25 131.458333333333 2.33333333333333 "城区环境评价点" 116.417 39.929
"东四" 20161210 52.0416666666667 61.9166666666667 1.27916666666667 61.1666666666667 7.5 15.6666666666667 "城区环境评价点" 116.417 39.929
"东四" 20160828 13.875 33.0833333333333 0.379166666666667 36.125 58.625 2.45833333333333 "城区环境评价点" 116.417 39.929
"东四" 20160105 36.4583333333333 34.8333333333333 0.725 39.125 29.2916666666667 8.54166666666667 "城区环境评价点" 116.417 39.929
"东四" 20161217 232.625 231.125 3.14583333333333 109.333333333333 5.625 43.7916666666667 "城区环境评价点" 116.417 39.929
"东四" 20160904 76.625 78.25 1.02916666666667 51.25 90.25 7.16666666666667 "城区环境评价点" 116.417 39.929
"东四" 20161102 123.583333333333 113.25 1.6625 93.875 7.375 15.625 "城区环境评价点" 116.417 39.929
"东四" 20160119 58.9583333333333 60.3333333333333 1.4375 55.0833333333333 14.2916666666667 18.0416666666667 "城区环境评价点" 116.417 39.929
"东四" 20160318 211 353.833333333333 1.47916666666667 82.3333333333333 56.75 17.1666666666667 "城区环境评价点" 116.417 39.929
"东四" 20160523 66.75 87.375 1.02916666666667 50.4583333333333 93.5 17.1666666666667 "城区环境评价点" 116.417 39.929
"东四" 20160325 19.2272727272727 32.8571428571429 0.471428571428571 38.15 52.1428571428571 4.5 "城区环境评价点" 116.417 39.929
"东四" 20160925 181.458333333333 231.916666666667 1.7375 57.3333333333333 73.8333333333333 5.875 "城区环境评价点" 116.417 39.929
"东四" 20160804 109.375 116.375 1.58333333333333 36.125 136.875 4.29166666666667 "城区环境评价点" 116.417 39.929
"东四" 20160408 31.5652173913043 67.1666666666667 0.254166666666667 31.1666666666667 76.9166666666667 4.375 "城区环境评价点" 116.417 39.929
"东四" 20160606 107.4 137.833333333333 0.983333333333333 26.5 216.166666666667 8 "城区环境评价点" 116.417 39.929
"东四" 20161009 34.375 51 0.729166666666667 54.4166666666667 12.8333333333333 7 "城区环境评价点" 116.417 39.929
"东四" 20160818 86.7083333333333 125.625 2.02083333333333 50.25 25.8333333333333 2.08333333333333 "城区环境评价点" 116.417 39.929
"东四" 20161001 176.458333333333 187.208333333333 1.7 110.541666666667 54.3333333333333 16.0833333333333 "城区环境评价点" 116.417 39.929
"东四" 20160407 101.708333333333 224.333333333333 1.01666666666667 52 56.9583333333333 6.58333333333333 "城区环境评价点" 116.417 39.929
"东四" 20160429 138.5 117.916666666667 1.41666666666667 67.9166666666667 94.75 20.4166666666667 "城区环境评价点" 116.417 39.929
"东四" 20160627 62.9583333333333 72.25 0.704545454545455 40.5416666666667 107.095238095238 9.72727272727273 "城区环境评价点" 116.417 39.929
"东四" 20160711 133.5 111.916666666667 0.766666666666667 26.2916666666667 115.666666666667 8.41666666666667 "城区环境评价点" 116.417 39.929
"东四" 20160308 12.0555555555556 40.0714285714286 0.466666666666667 11.8888888888889 67 3.33333333333333 "城区环境评价点" 116.417 39.929
"东四" 20160704 144.666666666667 182.625 1.32916666666667 36.75 119.583333333333 6.16666666666667 "城区环境评价点" 116.417 39.929
"东四" 20160315 146.105263157895 139.684210526316 1.52631578947368 71.3684210526316 33.9473684210526 50.4210526315789 "城区环境评价点" 116.417 39.929
"东四" 20161106 71.375 166.708333333333 1.39583333333333 50.9166666666667 24.5 11.3333333333333 "城区环境评价点" 116.417 39.929
"东四" 20160725 NA NA 0.8 37.3333333333333 79.1666666666667 2.16666666666667 "城区环境评价点" 116.417 39.929
"东四" 20160922 112.166666666667 124.25 1.275 75.3333333333333 50.4166666666667 8.95833333333333 "城区环境评价点" 116.417 39.929
"东四" 20160801 74.75 95.0833333333333 1.40416666666667 32.5833333333333 86.875 2.08333333333333 "城区环境评价点" 116.417 39.929
"东四" 20160329 21.5 106.454545454545 0.391666666666667 26.8333333333333 81.75 4.56521739130435 "城区环境评价点" 116.417 39.929
"东四" 20161120 61.0416666666667 129.625 1.24583333333333 44.2916666666667 6.45833333333333 7 "城区环境评价点" 116.417 39.929
"东四" 20161212 228.421052631579 274.684210526316 2.89473684210526 105.666666666667 3.38888888888889 52.2105263157895 "城区环境评价点" 116.417 39.929
"东四" 20160213 11.375 115.25 0.295833333333333 10.1666666666667 60.875 5.70833333333333 "城区环境评价点" 116.417 39.929
"东四" 20160610 56.875 103.125 0.683333333333333 24.0416666666667 118.916666666667 2.25 "城区环境评价点" 116.417 39.929
"东四" 20160617 26.5416666666667 54.5833333333333 0.595833333333333 55.2608695652174 57.9166666666667 2.20833333333333 "城区环境评价点" 116.417 39.929
"东四" 20160822 47.5833333333333 80.875 1 31.0833333333333 117 5.16666666666667 "城区环境评价点" 116.417 39.929
"东四" 20161104 277.875 317.291666666667 3.62916666666667 127.875 3.95833333333333 8.54166666666667 "城区环境评价点" 116.417 39.929
"东四" 20160829 21 38.4090909090909 0.540909090909091 48.0909090909091 59.1363636363636 2.40909090909091 "城区环境评价点" 116.417 39.929
"东四" 20160106 25.5833333333333 65.2083333333333 0.779166666666667 38.2916666666667 31.3333333333333 8 "城区环境评价点" 116.417 39.929
"东四" 20161218 260.375 323.541666666667 3.61666666666667 109.375 5.16666666666667 37.8333333333333 "城区环境评价点" 116.417 39.929
"东四" 20160905 29.5 71.1666666666667 0.608333333333333 30.7916666666667 83.75 2.33333333333333 "城区环境评价点" 116.417 39.929
"东四" 20161103 214.125 209.833333333333 3.025 113.875 4.625 13.7083333333333 "城区环境评价点" 116.417 39.929
"东四" 20160120 132.75 140.458333333333 3.75416666666667 76.5416666666667 6.20833333333333 64.5833333333333 "城区环境评价点" 116.417 39.929
"东四" 20160319 74.9166666666667 137.166666666667 1.12916666666667 39.375 60.4583333333333 18.625 "城区环境评价点" 116.417 39.929
"东四" 20160524 21.75 56.6666666666667 0.454545454545455 30.9545454545455 69 2.77272727272727 "城区环境评价点" 116.417 39.929
"东四" 20160326 12.375 34.8333333333333 0.3375 24.5416666666667 68.0833333333333 3.29166666666667 "城区环境评价点" 116.417 39.929
"东四" 20160926 66.7083333333333 141 1.34583333333333 58.8333333333333 41.1666666666667 2.91666666666667 "城区环境评价点" 116.417 39.929
"东四" 20160805 65.0416666666667 111.916666666667 0.9 27.75 95.125 3.58333333333333 "城区环境评价点" 116.417 39.929
"东四" 20160409 105.958333333333 115.458333333333 0.720833333333333 63.0833333333333 54.625 11.5 "城区环境评价点" 116.417 39.929
"东四" 20161124 83.0833333333333 57.375 1.51666666666667 65 9.125 19.1666666666667 "城区环境评价点" 116.417 39.929
"东四" 20161010 100.125 84.2083333333333 1.35 92.8333333333333 9.91666666666667 12.875 "城区环境评价点" 116.417 39.929
"东四" 20160217 42.6666666666667 45 1.1125 43.125 38.5416666666667 15.1666666666667 "城区环境评价点" 116.417 39.929
"东四" 20160423 25.7083333333333 64.75 0.304166666666667 32.6666666666667 68.75 3.5 "城区环境评价点" 116.417 39.929
"东四" 20160621 107.208333333333 126.125 1.07916666666667 36.125 143.166666666667 2.25 "城区环境评价点" 116.417 39.929
"东四" 20160430 202.428571428571 232.565217391304 2.51304347826087 78.0869565217391 117.086956521739 12.6086956521739 "城区环境评价点" 116.417 39.929
"东四" 20160628 80.0416666666667 88.625 0.841666666666667 39.5454545454545 74.1666666666667 2.125 "城区环境评价点" 116.417 39.929
"东四" 20160902 12.375 27.6666666666667 0.516666666666667 36.25 26.4583333333333 2.04166666666667 "城区环境评价点" 116.417 39.929
"东四" 20160309 9.65217391304348 25 0.290909090909091 10.7391304347826 62.7391304347826 3.04347826086957 "城区环境评价点" 116.417 39.929
"东四" 20160705 98.5833333333333 144 1.1375 32.0833333333333 134.166666666667 5.95833333333333 "城区环境评价点" 116.417 39.929
"东四" 20160316 262.75 263.25 2.2125 92.875 52.3333333333333 41.625 "城区环境评价点" 116.417 39.929
"东四" 20161107 44.5 88.6666666666667 0.75 45.375 22.2083333333333 4.20833333333333 "城区环境评价点" 116.417 39.929
"东四" 20160726 19.75 42.375 0.604166666666667 25.2916666666667 95.5 2.16666666666667 "城区环境评价点" 116.417 39.929
"东四" 20160923 135.272727272727 166.545454545455 1.41363636363636 54.7727272727273 106.954545454545 4.45454545454545 "城区环境评价点" 116.417 39.929
"东四" 20160802 62.8636363636364 108.6 1.27272727272727 38 92.4545454545455 2 "城区环境评价点" 116.417 39.929
"东四" 20160330 30.5833333333333 59.125 0.4875 40.2083333333333 63 8.41666666666667 "城区环境评价点" 116.417 39.929
"东四" 20161121 12.125 55.0416666666667 0.341666666666667 19.5714285714286 48.4583333333333 3 "城区环境评价点" 116.417 39.929
"东四" 20161213 41.9166666666667 173.541666666667 0.866666666666667 49 24.5416666666667 12.2083333333333 "城区环境评价点" 116.417 39.929
"东四" 20160214 7.5 21.9166666666667 0.220833333333333 11.125 68.5833333333333 3.625 "城区环境评价点" 116.417 39.929
"东四" 20160611 11.0833333333333 48.1666666666667 0.416666666666667 23.75 81.8333333333333 2 "城区环境评价点" 116.417 39.929
"东四" 20160618 46.375 68.7083333333333 0.795833333333333 56.2083333333333 97.8333333333333 5.25 "城区环境评价点" 116.417 39.929
"东四" 20160823 68.4166666666667 69.4166666666667 0.975 44.4166666666667 90.75 8.125 "城区环境评价点" 116.417 39.929
"东四" 20161227 40.6666666666667 36.7083333333333 0.7625 39.625 27.6666666666667 9.66666666666667 "城区环境评价点" 116.417 39.929
"东四" 20160830 34.1666666666667 58.7083333333333 0.775 56.25 93.0416666666667 3.70833333333333 "城区环境评价点" 116.417 39.929
"东四" 20160107 11.3333333333333 26.2173913043478 0.3875 24.2916666666667 46.875 3.16666666666667 "城区环境评价点" 116.417 39.929
"东四" 20161219 255.625 295.375 4.025 121.291666666667 4.95833333333333 39.4166666666667 "城区环境评价点" 116.417 39.929
"东四" 20160906 21.4444444444444 52.8823529411765 0.711111111111111 47.2777777777778 40.4444444444444 3.11111111111111 "城区环境评价点" 116.417 39.929
"东四" 20160220 12.7916666666667 26.4347826086957 0.429166666666667 15.9583333333333 67.5416666666667 4.83333333333333 "城区环境评价点" 116.417 39.929
"东四" 20160121 127.041666666667 165.208333333333 2.525 63.0416666666667 6.58333333333333 30.5416666666667 "城区环境评价点" 116.417 39.929
"东四" 20160320 66.625 83.375 0.908333333333333 55.0833333333333 48.8333333333333 10.7083333333333 "城区环境评价点" 116.417 39.929
"东四" 20160525 11.9583333333333 36.0416666666667 0.365217391304348 22.9545454545455 87.0434782608696 13.6521739130435 "城区环境评价点" 116.417 39.929
"东四" 20160327 15.8333333333333 31.7916666666667 0.345833333333333 33.7083333333333 63.375 3.83333333333333 "城区环境评价点" 116.417 39.929
"东四" 20160927 34.4090909090909 86.25 0.708333333333333 34.875 42.75 2.04166666666667 "城区环境评价点" 116.417 39.929
"东四" 20160806 109.913043478261 126.285714285714 1.1 35.3913043478261 100.826086956522 2.47826086956522 "城区环境评价点" 116.417 39.929
"东四" 20160410 58.4166666666667 143.083333333333 0.875 39.1666666666667 67.5416666666667 15.1666666666667 "城区环境评价点" 116.417 39.929
"东四" 20161125 179.333333333333 179.166666666667 2.49130434782609 92.8333333333333 3.70833333333333 30.4166666666667 "城区环境评价点" 116.417 39.929
"东四" 20161011 128.541666666667 176.791666666667 1.5625 81.0833333333333 22.875 10.5 "城区环境评价点" 116.417 39.929
"东四" 20160218 14.4583333333333 52.2083333333333 0.5125 23.9583333333333 66.1666666666667 5.875 "城区环境评价点" 116.417 39.929
"东四" 20160424 90.4090909090909 80.4166666666667 0.966666666666667 44.7916666666667 78.4166666666667 24 "城区环境评价点" 116.417 39.929
"东四" 20160622 56.125 101.833333333333 0.773913043478261 35.1666666666667 118.173913043478 2.43478260869565 "城区环境评价点" 116.417 39.929
"东四" 20160501 223.954545454545 255.272727272727 3.80952380952381 54.8095238095238 151.428571428571 34.0952380952381 "城区环境评价点" 116.417 39.929
"东四" 20160629 122.75 139.875 1.05 38.7083333333333 84.9166666666667 2 "城区环境评价点" 116.417 39.929
"东四" 20160903 21.2083333333333 34.75 0.579166666666667 37.25 67.9166666666667 2.41666666666667 "城区环境评价点" 116.417 39.929
"东四" 20160310 10.4583333333333 39.5416666666667 0.358333333333333 15.8333333333333 59 3.33333333333333 "城区环境评价点" 116.417 39.929
"东四" 20160706 68.6666666666667 109.166666666667 0.95 35.1666666666667 137.75 7.41666666666667 "城区环境评价点" 116.417 39.929
"东四" 20160317 295.916666666667 328.75 2.35416666666667 101.875 55.75 34.5833333333333 "城区环境评价点" 116.417 39.929
"东四" 20161108 37.4782608695652 37.0416666666667 1.07916666666667 54 15.9583333333333 6.125 "城区环境评价点" 116.417 39.929
"东四" 20160727 64.3 79.5 1.01 40.9 118.75 2.1 "城区环境评价点" 116.417 39.929
"东四" 20160924 131.333333333333 162.291666666667 1.23333333333333 69.9583333333333 85.7916666666667 5.54166666666667 "城区环境评价点" 116.417 39.929
"东四" 20160803 66.6842105263158 91.9444444444444 1.02857142857143 34.8095238095238 137.238095238095 2.14285714285714 "城区环境评价点" 116.417 39.929
"东四" 20160331 164.416666666667 138.541666666667 1.34166666666667 80.5 35.2727272727273 38.5833333333333 "城区环境评价点" 116.417 39.929
"东四" 20161122 11.4782608695652 23.8695652173913 0.391304347826087 26.3913043478261 44.6521739130435 3 "城区环境评价点" 116.417 39.929
"东四" 20161214 27.625 31.875 0.6625 43.9166666666667 28.7916666666667 10.375 "城区环境评价点" 116.417 39.929
"东四" 20160215 5.78260869565217 31.5652173913043 0.347826086956522 13.6521739130435 65 3.17391304347826 "城区环境评价点" 116.417 39.929
"东四" 20160612 70.1666666666667 70.9166666666667 1.05416666666667 36.75 119.916666666667 8.25 "城区环境评价点" 116.417 39.929
"东四" 20160619 67.9166666666667 85.8333333333333 0.858333333333333 38.9583333333333 144.416666666667 6.70833333333333 "城区环境评价点" 116.417 39.929
"东四" 20160824 87.5416666666667 108.458333333333 1.27083333333333 55.7916666666667 80.2916666666667 4.625 "城区环境评价点" 116.417 39.929
"东四" 20161228 74.5416666666667 115.833333333333 1.15238095238095 41.1428571428571 20.45 25.5 "城区环境评价点" 116.417 39.929
"东四" 20160831 18.4583333333333 54.1666666666667 0.479166666666667 43.4166666666667 58.9583333333333 2.625 "城区环境评价点" 116.417 39.929
"东四" 20160108 34.875 25.0416666666667 0.6875 36.7916666666667 33.8333333333333 8.375 "城区环境评价点" 116.417 39.929
"东四" 20161113 102.041666666667 104.458333333333 2.42916666666667 72.75 2.04166666666667 15.125 "城区环境评价点" 116.417 39.929
"东四" 20160130 46.375 63.1666666666667 1.06666666666667 44.4166666666667 23.25 22.2916666666667 "城区环境评价点" 116.417 39.929
"东四" 20160221 81.1666666666667 63.8333333333333 1.59166666666667 54.4166666666667 26.0833333333333 25.7916666666667 "城区环境评价点" 116.417 39.929
"东四" 20160122 15.9583333333333 105 0.504166666666667 17.0416666666667 55.9583333333333 5.25 "城区环境评价点" 116.417 39.929
"东四" 20160321 141.260869565217 140.869565217391 1.34347826086957 74.4347826086957 61.2608695652174 24.6521739130435 "城区环境评价点" 116.417 39.929
"东四" 20161112 76.2083333333333 110.791666666667 1.65833333333333 68.4166666666667 9.29166666666667 13.3333333333333 "城区环境评价点" 116.417 39.929
"东四" 20160129 53.875 112.333333333333 2.05833333333333 44.375 19.9166666666667 33.1666666666667 "城区环境评价点" 116.417 39.929
"东四" 20160402 10.0833333333333 51.2083333333333 0.2625 16.625 74.5833333333333 2.04166666666667 "城区环境评价点" 116.417 39.929
"东四" 20161204 309.833333333333 387.5 3.95 127.666666666667 7.25 29.875 "城区环境评价点" 116.417 39.929
"东四" 20160411 47.5652173913044 94.2631578947368 0.595652173913043 39.1739130434783 59.0434782608696 7.60869565217391 "城区环境评价点" 116.417 39.929
"东四" 20161126 303.583333333333 312.208333333333 2.89583333333333 113.875 3.625 31.9166666666667 "城区环境评价点" 116.417 39.929
"东四" 20161012 77.0833333333333 116.791666666667 1.15416666666667 64.5 26.1666666666667 7.625 "城区环境评价点" 116.417 39.929
"东四" 20160219 12.0416666666667 32.875 0.470833333333333 27.625 55.125 4.66666666666667 "城区环境评价点" 116.417 39.929
"东四" 20161203 236.25 204.333333333333 3.32083333333333 127.458333333333 4.5 37.5416666666667 "城区环境评价点" 116.417 39.929
"东四" 20160623 80.375 98.625 1.16086956521739 41.1818181818182 104.478260869565 17.625 "城区环境评价点" 116.417 39.929
"东四" 20160502 62.7727272727273 171.521739130435 2.00869565217391 34.4347826086956 71.1739130434783 2.69565217391304 "城区环境评价点" 116.417 39.929
"东四" 20161110 152.166666666667 234.666666666667 1.8625 66.5416666666667 6.70833333333333 10.7916666666667 "城区环境评价点" 116.417 39.929
"东四" 20160127 94.5833333333333 88.5833333333333 2.0125 71.0833333333333 12.625 35 "城区环境评价点" 116.417 39.929
"东四" 20160311 22.5454545454545 56.5454545454545 0.654545454545455 34.7272727272727 46.6363636363636 6.72727272727273 "城区环境评价点" 116.417 39.929
"东四" 20161117 115.083333333333 150.458333333333 2.525 70.0416666666667 3.70833333333333 29.9166666666667 "城区环境评价点" 116.417 39.929
"东四" 20160901 7.41666666666667 29.2916666666667 0.408333333333333 33.8333333333333 44.9583333333333 2.125 "城区环境评价点" 116.417 39.929
"东四" 20161109 175.625 139 2.85 94.9583333333333 2.125 17.0416666666667 "城区环境评价点" 116.417 39.929
"东四" 20160126 35 55.1666666666667 0.754166666666667 38.5833333333333 39.9166666666667 17.875 "城区环境评价点" 116.417 39.929
"东四" 20160614 41.3333333333333 69.375 0.716666666666667 31.0416666666667 71.9166666666667 2 "城区环境评价点" 116.417 39.929
"东四" 20161116 106.869565217391 109.863636363636 2.30434782608696 85.3478260869565 6.26086956521739 20.304347826087 "城区环境评价点" 116.417 39.929
"东四" 20160401 39.4583333333333 161.458333333333 0.416666666666667 26.75 72.25 5.5 "城区环境评价点" 116.417 39.929
"东四" 20161123 16.3636363636364 28.4166666666667 0.616666666666667 33.6818181818182 28.0454545454545 7.04166666666667 "城区环境评价点" 116.417 39.929
"东四" 20161215 27.9583333333333 64.5416666666667 0.75 42.4583333333333 30.2916666666667 11.9583333333333 "城区环境评价点" 116.417 39.929
"东四" 20160216 5.75 55.2083333333333 0.320833333333333 15.2083333333333 69.5416666666667 3.08333333333333 "城区环境评价点" 116.417 39.929
"东四" 20160613 50.7916666666667 77.75 0.804166666666667 34.4166666666667 93.5 2.91666666666667 "城区环境评价点" 116.417 39.929
"东四" 20160620 91.7083333333333 118.583333333333 1.13333333333333 32.125 165.5 7.375 "城区环境评价点" 116.417 39.929
"东四" 20160825 21.5416666666667 79.875 0.5 29.0833333333333 53.8333333333333 2 "城区环境评价点" 116.417 39.929
"东四" 20160223 11.9583333333333 46.7083333333333 0.391666666666667 17.3333333333333 67.2083333333333 5.625 "城区环境评价点" 116.417 39.929
"东四" 20161013 177.25 158.625 1.75833333333333 92.375 27.5416666666667 5.875 "城区环境评价点" 116.417 39.929
"东四" 20160109 81.0833333333333 86.125 1.62083333333333 66.375 9 17.7916666666667 "城区环境评价点" 116.417 39.929
"东四" 20161114 46.7916666666667 133.125 0.995833333333333 42.375 34.0416666666667 5.45833333333333 "城区环境评价点" 116.417 39.929
"东四" 20160131 16.4166666666667 42.2916666666667 0.625 25.1666666666667 55.75 8.33333333333333 "城区环境评价点" 116.417 39.929
"东四" 20160222 65.6666666666667 118.521739130435 1.22083333333333 39.9583333333333 44.5833333333333 20.0416666666667 "城区环境评价点" 116.417 39.929
"东四" 20160123 6.91666666666667 35.2083333333333 0.516666666666667 12.3333333333333 58.6666666666667 2.875 "城区环境评价点" 116.417 39.929
"东四" 20160322 122.75 195 1.57916666666667 78.7916666666667 32.4166666666667 31.3333333333333 "城区环境评价点" 116.417 39.929
"东四" 20161128 67.875 61.5 0.973913043478261 76.0416666666667 5.39130434782609 20.7916666666667 "城区环境评价点" 116.417 39.929
"东四" 20161014 260.772727272727 278.208333333333 2.2375 114.833333333333 29.4583333333333 11 "城区环境评价点" 116.417 39.929
"东四" 20160403 21.7826086956522 38.1666666666667 0.254166666666667 17.8333333333333 83.0416666666667 2.70833333333333 "城区环境评价点" 116.417 39.929
"东四" 20161205 37.9583333333333 183.913043478261 0.9625 41.7826086956522 28.5 11.375 "城区环境评价点" 116.417 39.929
"东四" 20160412 82.2608695652174 86.6086956521739 0.882608695652174 58.5652173913044 39.695652173913 6.69565217391304 "城区环境评价点" 116.417 39.929
"东四" 20161127 69.3333333333333 247.333333333333 0.666666666666667 48.0416666666667 31 8.33333333333333 "城区环境评价点" 116.417 39.929
"东四" 20161202 113.666666666667 98.2083333333333 1.875 89.5 6.83333333333333 27.9583333333333 "城区环境评价点" 116.417 39.929
"东四" 20161209 25.2608695652174 57.9523809523809 0.647826086956522 36.8260869565217 30.5217391304348 8.17391304347826 "城区环境评价点" 116.417 39.929
"东四" 20160313 27.2083333333333 110.25 0.5875 28.2083333333333 68.9583333333333 9.08333333333333 "城区环境评价点" 116.417 39.929
"东四" 20160624 18.5 71.25 0.4625 31.9583333333333 64.6666666666667 2.125 "城区环境评价点" 116.417 39.929
"东四" 20160503 38.3333333333333 74.5238095238095 1.17619047619048 38.0476190476191 58.7619047619048 2.38095238095238 "城区环境评价点" 116.417 39.929
"东四" 20161111 100.125 157.166666666667 1.86666666666667 77.2916666666667 3.66666666666667 9.79166666666667 "城区环境评价点" 116.417 39.929
"东四" 20160128 138.708333333333 181.75 2.3875 82.7916666666667 17.2916666666667 47.0416666666667 "城区环境评价点" 116.417 39.929
"东四" 20160312 114.708333333333 89.9583333333333 1.80833333333333 76.5416666666667 23.7083333333333 38.8333333333333 "城区环境评价点" 116.417 39.929
"东四" 20161118 197.75 197.416666666667 4.19583333333333 89.7916666666667 2 29.7083333333333 "城区环境评价点" 116.417 39.929
"东四" 20160302 172.833333333333 211.125 2.94583333333333 113.125 25.9166666666667 35.1666666666667 "城区环境评价点" 116.417 39.929
"东四" 20160226 34.0833333333333 42.3333333333333 0.8125 31.9583333333333 52.5 12.7916666666667 "城区环境评价点" 116.417 39.929
"东四" 20161115 41.5833333333333 44.7916666666667 1.375 64.5 10.4166666666667 14.125 "城区环境评价点" 116.417 39.929
"东四" 20160615 20.625 43.7916666666667 0.6125 33.9583333333333 93.1666666666667 2 "城区环境评价点" 116.417 39.929
"东四" 20160504 33.6086956521739 54.8695652173913 0.878260869565217 54.6086956521739 57.5652173913044 4.47826086956522 "城区环境评价点" 116.417 39.929
"东四" 20160124 12.9583333333333 57.5833333333333 0.458333333333333 24.0416666666667 46.3333333333333 4.45833333333333 "城区环境评价点" 116.417 39.929
"东四" 20160827 18.0416666666667 37.7083333333333 0.525 45.0416666666667 42.5833333333333 2.91666666666667 "城区环境评价点" 116.417 39.929
"东四" 20161216 145.695652173913 100.416666666667 2.32916666666667 95.9166666666667 5.125 28.6666666666667 "城区环境评价点" 116.417 39.929
"东四" 20160303 288.875 256.416666666667 3.64583333333333 121.583333333333 21.0833333333333 48.0416666666667 "城区环境评价点" 116.417 39.929
"东四" 20161201 32.4583333333333 67.75 0.752173913043478 45.375 32.1666666666667 9.58333333333333 "城区环境评价点" 116.417 39.929
"东四" 20161208 105.541666666667 206.130434782609 1.95 57.5833333333333 32.7916666666667 15.4583333333333 "城区环境评价点" 116.417 39.929
"东四" 20160826 12.6666666666667 28.7916666666667 0.433333333333333 37.5 52.9583333333333 2 "城区环境评价点" 116.417 39.929
"东四" 20160224 26.6666666666667 34.5416666666667 0.763636363636364 36.8181818181818 36.1818181818182 8.63636363636364 "城区环境评价点" 116.417 39.929
"东四" 20160229 29.9166666666667 37.2083333333333 0.679166666666667 33.7083333333333 49.7916666666667 9.79166666666667 "城区环境评价点" 116.417 39.929
"东四" 20161222 78.695652173913 327.625 1.57083333333333 42.6666666666667 42.875 7.66666666666667 "城区环境评价点" 116.417 39.929
"东四" 20160420 72.1428571428571 103.6875 0.8 38.1428571428571 88.8095238095238 9.71428571428571 "城区环境评价点" 116.417 39.929
"东四" 20160201 10.125 25.4166666666667 0.5375 28.5833333333333 51.5416666666667 7.29166666666667 "城区环境评价点" 116.417 39.929
"东四" 20161016 118.375 200.208333333333 1.02083333333333 61.25 26 4.875 "城区环境评价点" 116.417 39.929
"东四" 20160228 30.9583333333333 52.0833333333333 0.870833333333333 31.125 48.2083333333333 9.375 "城区环境评价点" 116.417 39.929
"东四" 20160323 22.6666666666667 95.0833333333333 0.470833333333333 29.1666666666667 61.9583333333333 4.95833333333333 "城区环境评价点" 116.417 39.929
"东四" 20161129 96.7083333333333 114 2.01904761904762 82.2916666666667 2.04166666666667 34.125 "城区环境评价点" 116.417 39.929
"东四" 20161015 198.173913043478 285.565217391304 2.2304347826087 114.130434782609 2 7.1304347826087 "城区环境评价点" 116.417 39.929
"东四" 20160301 118.25 98.375 1.98333333333333 72.7083333333333 29.5416666666667 31.0833333333333 "城区环境评价点" 116.417 39.929
"东四" 20161206 89.5454545454545 69.0833333333333 2.475 94.2173913043478 3.04166666666667 24.7083333333333 "城区环境评价点" 116.417 39.929
"东四" 20160413 130.791666666667 159.791666666667 0.970833333333333 75.5 54.3333333333333 6.41666666666667 "城区环境评价点" 116.417 39.929
"东四" 20161220 405.083333333333 387.913043478261 8.17916666666667 135.458333333333 3.30434782608696 14.5833333333333 "城区环境评价点" 116.417 39.929
"东四" 20161225 163.846153846154 196.692307692308 2.88461538461538 103.769230769231 3 40.2307692307692 "城区环境评价点" 116.417 39.929
"东四" 20160125 27.2916666666667 51.2083333333333 0.7 46.625 34.875 13.9166666666667 "城区环境评价点" 116.417 39.929
"东四" 20160324 13.2608695652174 28.304347826087 0.339130434782609 28.1739130434783 63 3 "城区环境评价点" 116.417 39.929
"东四" 20160625 16.9583333333333 30.3333333333333 0.358333333333333 29.8333333333333 78.8333333333333 2.45833333333333 "城区环境评价点" 116.417 39.929
"东四" 20161226 49.875 152.291666666667 1.1125 52.5 25.625 17.6666666666667 "城区环境评价点" 116.417 39.929
"东四" 20161224 136.5 116.625 3.04166666666667 90.9166666666667 3.08333333333333 36.6666666666667 "城区环境评价点" 116.417 39.929
"东四" 20161207 145.5 165.708333333333 2.74583333333333 101.25 5.16666666666667 27.4583333333333 "城区环境评价点" 116.417 39.929
"东四" 20160419 79.9444444444444 72.6875 1.48823529411765 62.4117647058824 38 23.5882352941176 "城区环境评价点" 116.417 39.929
"东四" 20160418 15.35 35.9444444444444 0.31 18.75 83.35 2.55 "城区环境评价点" 116.417 39.929
"东四" 20160225 20.3333333333333 47.0416666666667 0.708333333333333 34.9583333333333 43.7916666666667 9.5 "城区环境评价点" 116.417 39.929
"东四" 20160227 19.0833333333333 53.0416666666667 0.583333333333333 31.1666666666667 50.625 7.125 "城区环境评价点" 116.417 39.929
"东四" 20160421 118.913043478261 137.478260869565 0.917391304347826 70.3913043478261 72.6521739130435 7.78260869565217 "城区环境评价点" 116.417 39.929
"东四" 20161130 90.5 137 2.425 67.2083333333333 21.25 25.0833333333333 "城区环境评价点" 116.417 39.929
"东四" 20160415 70.5454545454545 70.0416666666667 1.1375 63.5833333333333 55.4583333333333 19.2083333333333 "城区环境评价点" 116.417 39.929
"东四" 20161221 403.541666666667 430 7.73333333333333 157.166666666667 3.66666666666667 12 "城区环境评价点" 116.417 39.929
"东四" 20160417 12.7083333333333 54.1904761904762 0.295833333333333 7.75 84.8333333333333 2 "城区环境评价点" 116.417 39.929
"东四" 20160414 35 104.590909090909 0.2 34 81.4782608695652 2.56521739130435 "城区环境评价点" 116.417 39.929
"东四" 20160422 37.2916666666667 120.083333333333 0.1375 30.2083333333333 95.7916666666667 2 "城区环境评价点" 116.417 39.929
"东四" 20161223 40.9444444444444 44.75 0.716666666666667 45.3333333333333 20 8.55555555555556 "城区环境评价点" 116.417 39.929
"东四" 20160416 29.4545454545455 91.5454545454545 0.695238095238095 7.47619047619048 73.1428571428571 2.04761904761905 "城区环境评价点" 116.417 39.929
