"天坛" 20161012 70.2083333333333 112.416666666667 1.10833333333333 60.9166666666667 26.6666666666667 5.91666666666667 "城区环境评价点" 116.407 39.886
"天坛" 20160527 54.375 76.5416666666667 0.641666666666667 55.7083333333333 99.125 12.25 "城区环境评价点" 116.407 39.886
"天坛" 20160929 53.6666666666667 52.75 0.783333333333333 53.6666666666667 40.4166666666667 5.625 "城区环境评价点" 116.407 39.886
"天坛" 20160928 15.375 26.1666666666667 0.45 35.1666666666667 30.75 2 "城区环境评价点" 116.407 39.886
"天坛" 20161001 150.75 169.5 1.40416666666667 89.5833333333333 46.1666666666667 11.4166666666667 "城区环境评价点" 116.407 39.886
"天坛" 20160526 29.3333333333333 52.6666666666667 0.358333333333333 33.875 85.6666666666667 2 "城区环境评价点" 116.407 39.886
"天坛" 20160525 12.7083333333333 46.2916666666667 0.329166666666667 23.5416666666667 102.166666666667 2 "城区环境评价点" 116.407 39.886
"天坛" 20161013 150.041666666667 140.833333333333 1.50416666666667 65.9166666666667 26.1666666666667 4 "城区环境评价点" 116.407 39.886
"天坛" 20160512 35.2083333333333 119.208333333333 0.458333333333333 27.3333333333333 63.125 2 "城区环境评价点" 116.407 39.886
"天坛" 20160926 58.9583333333333 139.304347826087 1.37916666666667 48.0833333333333 39.2083333333333 2.04166666666667 "城区环境评价点" 116.407 39.886
"天坛" 20160305 66.625 351.875 0.370833333333333 21.3333333333333 68.2083333333333 2.29166666666667 "城区环境评价点" 116.407 39.886
"天坛" 20161002 178.333333333333 212.125 1.49583333333333 77.7083333333333 49.75 5.45833333333333 "城区环境评价点" 116.407 39.886
"天坛" 20160303 268.541666666667 243.208333333333 3.275 117.25 17.1666666666667 30.1666666666667 "城区环境评价点" 116.407 39.886
"天坛" 20160510 33.0416666666667 60.375 0.6 33.375 92.4583333333333 3.58333333333333 "城区环境评价点" 116.407 39.886
"天坛" 20161003 109.333333333333 188.166666666667 1.04166666666667 52.125 56.125 2.83333333333333 "城区环境评价点" 116.407 39.886
"天坛" 20160703 84 89.5833333333333 0.941666666666667 43.5 108.75 11.25 "城区环境评价点" 116.407 39.886
"天坛" 20160705 93.2083333333333 140.75 1.00416666666667 24.875 123.291666666667 7.45833333333333 "城区环境评价点" 116.407 39.886
"天坛" 20160907 38.0714285714286 66.1666666666667 0.692857142857143 39.0714285714286 101.5 8.92857142857143 "城区环境评价点" 116.407 39.886
"天坛" 20160513 32.875 56.7083333333333 0.725 39.9583333333333 66.1666666666667 4.70833333333333 "城区环境评价点" 116.407 39.886
"天坛" 20160514 36.8260869565217 56.2608695652174 0.6 30.3913043478261 56.5652173913044 2.34782608695652 "城区环境评价点" 116.407 39.886
"天坛" 20160304 291.478260869565 361.217391304348 4.08695652173913 113.478260869565 9.26086956521739 37.5217391304348 "城区环境评价点" 116.407 39.886
"天坛" 20160930 94.2916666666667 100.5 0.966666666666667 72.7916666666667 57.5416666666667 8.25 "城区环境评价点" 116.407 39.886
"天坛" 20161004 32.125 95.2083333333333 1.025 37.8333333333333 23.5416666666667 2.20833333333333 "城区环境评价点" 116.407 39.886
"天坛" 20160927 27.2083333333333 71.4166666666667 0.875 29.375 37.375 2 "城区环境评价点" 116.407 39.886
"天坛" 20160528 42.7916666666667 86.5416666666667 0.558333333333333 32.7083333333333 128.75 8.75 "城区环境评价点" 116.407 39.886
"天坛" 20160518 51.125 87.75 0.520833333333333 25.0833333333333 144.666666666667 6.25 "城区环境评价点" 116.407 39.886
"天坛" 20160908 21.2272727272727 54.7826086956522 0.586363636363636 38.7727272727273 39.9473684210526 2.40909090909091 "城区环境评价点" 116.407 39.886
"天坛" 20160123 9.79166666666667 49.5 0.620833333333333 16.2083333333333 58.5 4.66666666666667 "城区环境评价点" 116.407 39.886
"天坛" 20160708 86.5416666666667 123.541666666667 1.15416666666667 36.8333333333333 98.5833333333333 9 "城区环境评价点" 116.407 39.886
"天坛" 20161014 207.818181818182 237.625 2.02916666666667 71.9583333333333 26.2083333333333 4.45833333333333 "城区环境评价点" 116.407 39.886
"天坛" 20160302 173.916666666667 210.75 2.67916666666667 116.5 25.9166666666667 22.3333333333333 "城区环境评价点" 116.407 39.886
"天坛" 20161006 66.9583333333333 95.4166666666667 1.6375 47.8333333333333 10.2916666666667 3.70833333333333 "城区环境评价点" 116.407 39.886
"天坛" 20160122 17.375 105.958333333333 0.541666666666667 20.625 58.375 7.04166666666667 "城区环境评价点" 116.407 39.886
"天坛" 20160707 107.791666666667 115.541666666667 1.30416666666667 33.625 139.041666666667 11 "城区环境评价点" 116.407 39.886
"天坛" 20160702 51.0416666666667 56.1666666666667 0.695833333333333 39.9166666666667 95.25 3.33333333333333 "城区环境评价点" 116.407 39.886
"天坛" 20161005 55.75 58.5416666666667 1.3125 32.3333333333333 23.5833333333333 2 "城区环境评价点" 116.407 39.886
"天坛" 20160624 17.5 67.7083333333333 0.45 43.5909090909091 41.0416666666667 2.70833333333333 "城区环境评价点" 116.407 39.886
"天坛" 20160306 78.2083333333333 121.208333333333 1.54583333333333 80.5 11.1666666666667 27.0833333333333 "城区环境评价点" 116.407 39.886
"天坛" 20160706 64.2083333333333 104.958333333333 0.891666666666667 32.4166666666667 131.583333333333 8.08333333333333 "城区环境评价点" 116.407 39.886
"天坛" 20160701 15.5833333333333 62.4583333333333 0.445833333333333 19.625 89 2.375 "城区环境评价点" 116.407 39.886
"天坛" 20160121 126.047619047619 160.304347826087 2.27391304347826 72.8695652173913 3.25 28.5652173913043 "城区环境评价点" 116.407 39.886
"天坛" 20160515 30.625 57 0.595833333333333 31.5 41.1666666666667 2.125 "城区环境评价点" 116.407 39.886
"天坛" 20160128 136.333333333333 176.791666666667 2.46666666666667 94.875 12.9583333333333 37.4166666666667 "城区环境评价点" 116.407 39.886
"天坛" 20160910 16.4583333333333 39.4583333333333 0.454166666666667 44 53.2916666666667 2.08333333333333 "城区环境评价点" 116.407 39.886
"天坛" 20160125 37.2083333333333 53.5833333333333 0.854166666666667 67.5416666666667 21.9583333333333 20.0833333333333 "城区环境评价点" 116.407 39.886
"天坛" 20160509 28.5 72.625 0.5875 37.2916666666667 56.1666666666667 5 "城区环境评价点" 116.407 39.886
"天坛" 20160529 41.7916666666667 67.875 0.454166666666667 28.5416666666667 98.4166666666667 5.66666666666667 "城区环境评价点" 116.407 39.886
"天坛" 20160127 103.083333333333 94.1666666666667 2.14583333333333 85.7916666666667 11.5416666666667 27.5 "城区环境评价点" 116.407 39.886
"天坛" 20160511 119.083333333333 105.208333333333 1.0375 27.4166666666667 137.041666666667 13.875 "城区环境评价点" 116.407 39.886
"天坛" 20160124 10.75 58.75 0.483333333333333 28.75 46.9583333333333 6.79166666666667 "城区环境评价点" 116.407 39.886
"天坛" 20160704 138.708333333333 171.541666666667 1.2375 30.875 115.416666666667 7.25 "城区环境评价点" 116.407 39.886
"天坛" 20161015 165.347826086957 230.304347826087 2.07391304347826 83.9565217391304 2 2.43478260869565 "城区环境评价点" 116.407 39.886
"天坛" 20160126 32.8333333333333 56.4583333333333 0.816666666666667 48.875 39.4166666666667 16 "城区环境评价点" 116.407 39.886
"天坛" 20161007 39.7916666666667 66.9583333333333 1.75833333333333 43.5 11.5416666666667 2 "城区环境评价点" 116.407 39.886
"天坛" 20160505 45.125 61.9166666666667 1.05416666666667 45.5416666666667 85 18.2916666666667 "城区环境评价点" 116.407 39.886
"天坛" 20160520 81.625 111.291666666667 1.0875 46.6666666666667 151.666666666667 24 "城区环境评价点" 116.407 39.886
"天坛" 20160101 176.791666666667 165.458333333333 3.4875 109.375 3.79166666666667 15.375 "城区环境评价点" 116.407 39.886
"天坛" 20160710 80.9166666666667 118.304347826087 0.754166666666667 21.5416666666667 105.375 5.16666666666667 "城区环境评价点" 116.407 39.886
"天坛" 20160625 16.3125 32.0588235294118 0.358823529411765 49.4117647058824 43.5882352941176 4.94117647058824 "城区环境评价点" 116.407 39.886
"天坛" 20160307 38.0416666666667 113.208333333333 1.0375 41.2916666666667 51.1666666666667 7.625 "城区环境评价点" 116.407 39.886
"天坛" 20160519 75.4583333333333 104.125 0.758333333333333 31.4583333333333 175.458333333333 15 "城区环境评价点" 116.407 39.886
"天坛" 20160909 20.6666666666667 50.8333333333333 0.516666666666667 42.5416666666667 38.375 3.75 "城区环境评价点" 116.407 39.886
"天坛" 20160914 97.9583333333333 126.083333333333 1.1125 46.375 78.75 4.25 "城区环境评价点" 116.407 39.886
"天坛" 20160709 77.2916666666667 108.875 0.7375 33.8333333333333 93.25 6.375 "城区环境评价点" 116.407 39.886
"天坛" 20160129 52.7083333333333 115 1.5375 49.4166666666667 22.7916666666667 28.2083333333333 "城区环境评价点" 116.407 39.886
"天坛" 20160602 48.0416666666667 81.375 0.745833333333333 48.875 106.791666666667 9.75 "城区环境评价点" 116.407 39.886
"天坛" 20160716 41.4583333333333 52.25 0.829166666666667 53.0833333333333 49.5416666666667 3.5 "城区环境评价点" 116.407 39.886
"天坛" 20160205 10.4583333333333 36.2916666666667 0.466666666666667 21.5 68.0416666666667 5.375 "城区环境评价点" 116.407 39.886
"天坛" 20161118 181.083333333333 181.416666666667 4.02083333333333 84.0416666666667 2 14.7916666666667 "城区环境评价点" 116.407 39.886
"天坛" 20161019 210.625 222.5 2.3625 72.4583333333333 10.2083333333333 3.33333333333333 "城区环境评价点" 116.407 39.886
"天坛" 20160517 57.1666666666667 82.4583333333333 0.816666666666667 53.0833333333333 117.375 10.5833333333333 "城区环境评价点" 116.407 39.886
"天坛" 20160524 18.2857142857143 63.5238095238095 0.380952380952381 30.1904761904762 78.4761904761905 3.23809523809524 "城区环境评价点" 116.407 39.886
"天坛" 20160120 129.041666666667 139.125 3.7625 89.7083333333333 3.79166666666667 53.5833333333333 "城区环境评价点" 116.407 39.886
"天坛" 20161117 103.083333333333 134.375 2.49583333333333 68.2916666666667 4.04166666666667 17.3333333333333 "城区环境评价点" 116.407 39.886
"天坛" 20160717 80.5416666666667 84.75 1.16666666666667 47.8333333333333 97.7083333333333 5.66666666666667 "城区环境评价点" 116.407 39.886
"天坛" 20160105 37.0416666666667 31.3333333333333 0.8375 49.4583333333333 28.7916666666667 14.625 "城区环境评价点" 116.407 39.886
"天坛" 20160516 19.7916666666667 50.4166666666667 0.55 41.2916666666667 69.7083333333333 4.08333333333333 "城区环境评价点" 116.407 39.886
"天坛" 20160508 52.375 76.4583333333333 0.820833333333333 41.875 87.5 16.1666666666667 "城区环境评价点" 116.407 39.886
"天坛" 20160911 38.7916666666667 50.2083333333333 0.895833333333333 31.0833333333333 91.125 2 "城区环境评价点" 116.407 39.886
"天坛" 20161017 65.7916666666667 113.125 1.02083333333333 45.5833333333333 32 2.08333333333333 "城区环境评价点" 116.407 39.886
"天坛" 20160104 43.75 163.95652173913 0.908333333333333 39.0416666666667 44 7.41666666666667 "城区环境评价点" 116.407 39.886
"天坛" 20160530 85.625 100.416666666667 1.14583333333333 55.7083333333333 118.458333333333 19.8333333333333 "城区环境评价点" 116.407 39.886
"天坛" 20160507 19.7083333333333 60.0416666666667 0.325 27.9166666666667 86.125 2.75 "城区环境评价点" 116.407 39.886
"天坛" 20161009 32.7916666666667 49.625 0.854166666666667 46.125 13.0416666666667 4.125 "城区环境评价点" 116.407 39.886
"天坛" 20161031 7.71428571428571 67.3636363636364 0.185714285714286 22.4761904761905 48.1428571428571 4.85714285714286 "城区环境评价点" 116.407 39.886
"天坛" 20160103 228.375 329.583333333333 2.8125 78 13.0833333333333 11.375 "城区环境评价点" 116.407 39.886
"天坛" 20161016 107.083333333333 187.708333333333 1.07083333333333 48.5416666666667 28.4583333333333 2.04166666666667 "城区环境评价点" 116.407 39.886
"天坛" 20161018 118.916666666667 102.125 1.80833333333333 75.0833333333333 8.70833333333333 5 "城区环境评价点" 116.407 39.886
"天坛" 20161008 11.3333333333333 38 0.466666666666667 21 45.4166666666667 2.125 "城区环境评价点" 116.407 39.886
"天坛" 20160506 65.1666666666667 167.375 0.295833333333333 17.25 86 2.04166666666667 "城区环境评价点" 116.407 39.886
"天坛" 20160521 69.5 110.416666666667 0.9375 45.4583333333333 136.333333333333 22.5 "城区环境评价点" 116.407 39.886
"天坛" 20160102 274.125 277.652173913043 4.725 134.458333333333 5.20833333333333 16.2083333333333 "城区环境评价点" 116.407 39.886
"天坛" 20160711 84.2916666666667 100.708333333333 0.683333333333333 19.1666666666667 111.083333333333 8.54166666666667 "城区环境评价点" 116.407 39.886
"天坛" 20160626 39.9166666666667 67.0416666666667 0.5125 51.5416666666667 103.625 7.91666666666667 "城区环境评价点" 116.407 39.886
"天坛" 20160308 10.4444444444444 38.3571428571429 0.444444444444444 22.2222222222222 67.8333333333333 3.16666666666667 "城区环境评价点" 116.407 39.886
"天坛" 20161029 21.5416666666667 61.9583333333333 0.575 43.6666666666667 22.25 4.16666666666667 "城区环境评价点" 116.407 39.886
"天坛" 20160718 101.541666666667 126.25 1.16666666666667 49.4583333333333 59.3333333333333 5.79166666666667 "城区环境评价点" 116.407 39.886
"天坛" 20160915 82.2916666666667 109.166666666667 0.9875 45.2083333333333 91.1666666666667 3.08333333333333 "城区环境评价点" 116.407 39.886
"天坛" 20161105 191.666666666667 275.04347826087 3.04583333333333 101.041666666667 25.8695652173913 3.29166666666667 "城区环境评价点" 116.407 39.886
"天坛" 20160130 46.3333333333333 62.4166666666667 1.1375 54.7083333333333 22.125 18.5833333333333 "城区环境评价点" 116.407 39.886
"天坛" 20160603 81.2083333333333 91.8333333333333 1.23333333333333 55.1666666666667 119.666666666667 22.125 "城区环境评价点" 116.407 39.886
"天坛" 20160405 122.173913043478 140.130434782609 1.08695652173913 55.0434782608696 78.0434782608696 18.3913043478261 "城区环境评价点" 116.407 39.886
"天坛" 20160206 37 39.875 0.920833333333333 42.6666666666667 49.7916666666667 16.8333333333333 "城区环境评价点" 116.407 39.886
"天坛" 20161119 128.833333333333 210.708333333333 1.93333333333333 70.375 19.75 6.75 "城区环境评价点" 116.407 39.886
"天坛" 20161020 83.5416666666667 209.25 1.53333333333333 52.625 15.2916666666667 6.20833333333333 "城区环境评价点" 116.407 39.886
"天坛" 20160220 11.5 27.9565217391304 0.45 20.8333333333333 66.125 6.125 "城区环境评价点" 116.407 39.886
"天坛" 20160404 74.9166666666667 69.8333333333333 0.7375 47.2916666666667 73.2083333333333 13.9583333333333 "城区环境评价点" 116.407 39.886
"天坛" 20161027 32.6666666666667 57.8333333333333 1.34166666666667 59.3333333333333 4.875 7.54166666666667 "城区环境评价点" 116.407 39.886
"天坛" 20160227 19.0833333333333 48.3333333333333 0.5625 34.5 53.625 8.83333333333333 "城区环境评价点" 116.407 39.886
"天坛" 20161103 196.083333333333 194.916666666667 2.44583333333333 87.5833333333333 21.0416666666667 4.45833333333333 "城区环境评价点" 116.407 39.886
"天坛" 20160106 34.6666666666667 71.5416666666667 0.933333333333333 46.8333333333333 30.1666666666667 10.5416666666667 "城区环境评价点" 116.407 39.886
"天坛" 20160715 36.0833333333333 52.9166666666667 0.729166666666667 42.25 50.2916666666667 2.83333333333333 "城区环境评价点" 116.407 39.886
"天坛" 20160630 77.0833333333333 134.083333333333 0.854166666666667 30.8333333333333 97.0416666666667 2.33333333333333 "城区环境评价点" 116.407 39.886
"天坛" 20160912 30.875 41.125 0.733333333333333 34.625 68.7083333333333 2.04166666666667 "城区环境评价点" 116.407 39.886
"天坛" 20161102 112.083333333333 104.5 1.51666666666667 85.5833333333333 19.7826086956522 6.58333333333333 "城区环境评价点" 116.407 39.886
"天坛" 20160722 73.875 78.4166666666667 1.05416666666667 24.1666666666667 70.0833333333333 2.125 "城区环境评价点" 116.407 39.886
"天坛" 20160531 45.8181818181818 104.416666666667 0.825 27.9583333333333 79.7916666666667 11.8333333333333 "城区环境评价点" 116.407 39.886
"天坛" 20160629 115.708333333333 131.416666666667 0.929166666666667 29.5 67.8333333333333 2.04166666666667 "城区环境评价点" 116.407 39.886
"天坛" 20161010 85.2083333333333 74.7083333333333 1.26666666666667 65.5 10.2916666666667 8.95833333333333 "城区环境评价点" 116.407 39.886
"天坛" 20161101 40.4583333333333 36.75 0.326086956521739 48.7916666666667 24.7391304347826 10.7391304347826 "城区环境评价点" 116.407 39.886
"天坛" 20160523 61.2083333333333 80.5416666666667 1.05416666666667 48.625 100.958333333333 19.0416666666667 "城区环境评价点" 116.407 39.886
"天坛" 20160614 40.7083333333333 71.875 0.691666666666667 26.5833333333333 66.5833333333333 2.125 "城区环境评价点" 116.407 39.886
"天坛" 20160628 74.7083333333333 83.9166666666667 0.745833333333333 27.625 63.5 2 "城区环境评价点" 116.407 39.886
"天坛" 20161024 63.9583333333333 65.1666666666667 1.27083333333333 51.4166666666667 2.45833333333333 2.33333333333333 "城区环境评价点" 116.407 39.886
"天坛" 20160224 27.9130434782609 37.1739130434783 0.765217391304348 40.2608695652174 44.8695652173913 6.55 "城区环境评价点" 116.407 39.886
"天坛" 20160522 45.0833333333333 88.625 0.7 46.9583333333333 124 8.5 "城区环境评价点" 116.407 39.886
"天坛" 20160430 131.272727272727 182.166666666667 1.5375 60.625 130.625 10.5416666666667 "城区环境评价点" 116.407 39.886
"天坛" 20160712 31.0833333333333 85.4166666666667 0.620833333333333 32.625 63.5 6.04166666666667 "城区环境评价点" 116.407 39.886
"天坛" 20160627 60.3333333333333 71.2916666666667 0.7 43.125 112.708333333333 9.04166666666667 "城区环境评价点" 116.407 39.886
"天坛" 20160309 9.1304347826087 21.8095238095238 0.452173913043478 18.7391304347826 66.3478260869565 3.52173913043478 "城区环境评价点" 116.407 39.886
"天坛" 20161030 47.1666666666667 81.2916666666667 0.8125 50.875 26.7083333333333 4.54166666666667 "城区环境评价点" 116.407 39.886
"天坛" 20160719 120.458333333333 149.083333333333 1.50416666666667 56.0416666666667 29.625 2.66666666666667 "城区环境评价点" 116.407 39.886
"天坛" 20160916 149.791666666667 178.916666666667 1.24583333333333 44.625 91.7083333333333 3.66666666666667 "城区环境评价点" 116.407 39.886
"天坛" 20161106 67.875 158.875 1.1375 52.4166666666667 26.695652173913 10.375 "城区环境评价点" 116.407 39.886
"天坛" 20160131 30.125 46.9583333333333 0.7375 39.7083333333333 48.875 10.7916666666667 "城区环境评价点" 116.407 39.886
"天坛" 20160604 83.2083333333333 118.375 0.858333333333333 28.9166666666667 149.416666666667 18.625 "城区环境评价点" 116.407 39.886
"天坛" 20160406 142.416666666667 141.304347826087 2 66.75 58.5 30.3333333333333 "城区环境评价点" 116.407 39.886
"天坛" 20160207 44.9583333333333 70.125 0.870833333333333 43.0416666666667 48.125 19.2916666666667 "城区环境评价点" 116.407 39.886
"天坛" 20161120 59.5833333333333 120.25 1.2375 50.0833333333333 6.43478260869565 5.20833333333333 "城区环境评价点" 116.407 39.886
"天坛" 20161021 44.875 69.9166666666667 0.970833333333333 44.4166666666667 16.2608695652174 2 "城区环境评价点" 116.407 39.886
"天坛" 20160221 87.8333333333333 67.75 1.68333333333333 61.125 26.9583333333333 18.75 "城区环境评价点" 116.407 39.886
"天坛" 20160816 24.7916666666667 38.7916666666667 0.570833333333333 30.3333333333333 76.0833333333333 2.20833333333333 "城区环境评价点" 116.407 39.886
"天坛" 20161028 10.6086956521739 45.1666666666667 0.483333333333333 38.0833333333333 25.625 2.04166666666667 "城区环境评价点" 116.407 39.886
"天坛" 20160228 32.2916666666667 49.375 0.820833333333333 36.2083333333333 44.7916666666667 7.79166666666667 "城区环境评价点" 116.407 39.886
"天坛" 20161104 231.333333333333 273.041666666667 3.2625 101.083333333333 20.9565217391304 3.70833333333333 "城区环境评价点" 116.407 39.886
"天坛" 20160107 11.6666666666667 33.1304347826087 0.483333333333333 34.5416666666667 44.5416666666667 9.54166666666667 "城区环境评价点" 116.407 39.886
"天坛" 20160815 21.304347826087 53.4347826086956 0.521739130434783 36.8260869565217 61.1739130434783 2.2 "城区环境评价点" 116.407 39.886
"天坛" 20161111 89.9583333333333 154.208333333333 1.81666666666667 63.875 2.91666666666667 4.95833333333333 "城区环境评价点" 116.407 39.886
"天坛" 20160913 86.625 84.2083333333333 1.12083333333333 54.9583333333333 64.875 2.75 "城区环境评价点" 116.407 39.886
"天坛" 20160609 103.333333333333 189.4 1.02380952380952 36.1904761904762 119.095238095238 5.80952380952381 "城区环境评价点" 116.407 39.886
"天坛" 20160723 134.958333333333 135.25 1.29166666666667 34.375 83.2916666666667 2 "城区环境评价点" 116.407 39.886
"天坛" 20160601 36.5416666666667 77.9166666666667 0.729166666666667 40.3333333333333 90.2083333333333 7.875 "城区环境评价点" 116.407 39.886
"天坛" 20161110 148.5 221.125 1.60416666666667 61.0833333333333 5.8695652173913 3.375 "城区环境评价点" 116.407 39.886
"天坛" 20161011 122.125 155.333333333333 1.575 61.9166666666667 24.6666666666667 7.58333333333333 "城区环境评价点" 116.407 39.886
"天坛" 20160226 32.0833333333333 47.125 0.683333333333333 34.8333333333333 55.1666666666667 10.0416666666667 "城区环境评价点" 116.407 39.886
"天坛" 20160410 59.9166666666667 132.541666666667 0.9125 39 66.25 17.4583333333333 "城区环境评价点" 116.407 39.886
"天坛" 20160615 21.125 52.7083333333333 0.541666666666667 30.4166666666667 86.375 2.5 "城区环境评价点" 116.407 39.886
"天坛" 20160714 33.3333333333333 48.75 0.866666666666667 39.8333333333333 86.1666666666667 8.08333333333333 "城区环境评价点" 116.407 39.886
"天坛" 20161025 106.708333333333 114.25 1.54583333333333 63.625 3.66666666666667 2.25 "城区环境评价点" 116.407 39.886
"天坛" 20160225 20.75 58.9166666666667 0.683333333333333 36.6666666666667 49.5 7.66666666666667 "城区环境评价点" 116.407 39.886
"天坛" 20160409 76.0833333333333 102.25 0.741666666666667 57.5 58.4583333333333 14.7916666666667 "城区环境评价点" 116.407 39.886
"天坛" 20160501 151.5 179.333333333333 2.13333333333333 35.75 152.625 28.5 "城区环境评价点" 116.407 39.886
"天坛" 20160713 21.25 50.875 0.570833333333333 29.3333333333333 87.0416666666667 4.54166666666667 "城区环境评价点" 116.407 39.886
"天坛" 20161108 34.875 38.5 0.7125 47.7916666666667 16.6086956521739 3.83333333333333 "城区环境评价点" 116.407 39.886
"天坛" 20160310 9.66666666666667 31.4583333333333 0.408333333333333 20.8333333333333 68 4.875 "城区环境评价点" 116.407 39.886
"天坛" 20160819 20.4583333333333 61.7916666666667 0.9625 27.0416666666667 81.0416666666667 2 "城区环境评价点" 116.407 39.886
"天坛" 20160720 37.8333333333333 113.916666666667 0.745833333333333 16 48.25 2.625 "城区环境评价点" 116.407 39.886
"天坛" 20160917 44.875 119 0.9125 41.3333333333333 48.4166666666667 2.91666666666667 "城区环境评价点" 116.407 39.886
"天坛" 20161107 43.1666666666667 83.2083333333333 0.825 50.0416666666667 22.0833333333333 3.95833333333333 "城区环境评价点" 116.407 39.886
"天坛" 20160201 11.8333333333333 42.7083333333333 0.583333333333333 41.0416666666667 45.5416666666667 9.66666666666667 "城区环境评价点" 116.407 39.886
"天坛" 20160605 71.2083333333333 109.833333333333 0.854166666666667 35 122.083333333333 17.6666666666667 "城区环境评价点" 116.407 39.886
"天坛" 20160407 96.9166666666667 209.5 1.15 47.9166666666667 53.125 3.70833333333333 "城区环境评价点" 116.407 39.886
"天坛" 20160208 246.958333333333 255.208333333333 1.19583333333333 49.4583333333333 40.0416666666667 52.9166666666667 "城区环境评价点" 116.407 39.886
"天坛" 20161121 11.2916666666667 53.875 0.404166666666667 17.7916666666667 56.0416666666667 3.83333333333333 "城区环境评价点" 116.407 39.886
"天坛" 20161022 13.375 41.9583333333333 0.570833333333333 32.125 17.5 2.91666666666667 "城区环境评价点" 116.407 39.886
"天坛" 20160222 67.2916666666667 123.086956521739 1.20833333333333 46.0416666666667 42.6666666666667 10.875 "城区环境评价点" 116.407 39.886
"天坛" 20160817 66.75 54.625 1.0125 61.0833333333333 30.5833333333333 3.58333333333333 "城区环境评价点" 116.407 39.886
"天坛" 20160428 72.25 109.5 1.05 46.0833333333333 93.9166666666667 8.45833333333333 "城区环境评价点" 116.407 39.886
"天坛" 20160229 30.9166666666667 36.4166666666667 0.716666666666667 41.25 47.9166666666667 9.41666666666667 "城区环境评价点" 116.407 39.886
"天坛" 20160824 83.9166666666667 105.333333333333 1.15 58.8333333333333 63.7916666666667 4.66666666666667 "城区环境评价点" 116.407 39.886
"天坛" 20160108 34.3333333333333 28.9166666666667 0.858333333333333 47.9583333333333 35.875 13.2083333333333 "城区环境评价点" 116.407 39.886
"天坛" 20161227 39.7083333333333 37.2916666666667 0.808333333333333 51.125 28.0833333333333 9 "城区环境评价点" 116.407 39.886
"天坛" 20161112 70.6666666666667 98.375 1.47083333333333 66 10.3478260869565 6.08333333333333 "城区环境评价点" 116.407 39.886
"天坛" 20160314 75.3913043478261 72.3478260869565 1.2304347826087 68.9130434782609 36.4782608695652 19.304347826087 "城区环境评价点" 116.407 39.886
"天坛" 20160610 55.75 104.833333333333 0.65 17.125 113.416666666667 3.25 "城区环境评价点" 116.407 39.886
"天坛" 20160724 76.6842105263158 144.722222222222 1.0125 35.9166666666667 76.8333333333333 2.79166666666667 "城区环境评价点" 116.407 39.886
"天坛" 20160921 68.125 64.375 1.05 94.25 13.8333333333333 5.16666666666667 "城区环境评价点" 116.407 39.886
"天坛" 20161126 277.125 285.416666666667 3.68260869565217 115.125 4 12.75 "城区环境评价点" 116.407 39.886
"天坛" 20160731 68.0833333333333 123.958333333333 1.57916666666667 30.0833333333333 66.9166666666667 2 "城区环境评价点" 116.407 39.886
"天坛" 20161218 243.958333333333 309.333333333333 3.375 103.583333333333 5 8.875 "城区环境评价点" 116.407 39.886
"天坛" 20160411 39.9130434782609 87 0.621739130434783 43.9130434782609 59.5652173913044 8.78260869565217 "城区环境评价点" 116.407 39.886
"天坛" 20160616 30.3478260869565 55.9166666666667 0.591666666666667 49.2083333333333 65.1666666666667 2 "城区环境评价点" 116.407 39.886
"天坛" 20161125 164.666666666667 163.041666666667 2.62083333333333 103 3.04166666666667 14.7916666666667 "城区环境评价点" 116.407 39.886
"天坛" 20161026 44.5714285714286 108.421052631579 0.866666666666667 47.2380952380952 22.6190476190476 4.61904761904762 "城区环境评价点" 116.407 39.886
"天坛" 20160312 98.5833333333333 79.7083333333333 1.6375 81.0833333333333 23.25 34.5 "城区环境评价点" 116.407 39.886
"天坛" 20160821 59.5 100.875 0.979166666666667 37.2916666666667 127.541666666667 2.33333333333333 "城区环境评价点" 116.407 39.886
"天坛" 20160502 42.2083333333333 127.041666666667 0.441666666666667 18.9583333333333 69.7916666666667 2.5 "城区环境评价点" 116.407 39.886
"天坛" 20161124 70.4166666666667 62.25 1.35 73.0833333333333 12.3913043478261 10.7916666666667 "城区环境评价点" 116.407 39.886
"天坛" 20161109 159 124.791666666667 2.35833333333333 83.0833333333333 2.125 5.91666666666667 "城区环境评价点" 116.407 39.886
"天坛" 20160311 19.2916666666667 46.7916666666667 0.629166666666667 38.4166666666667 53.2916666666667 8 "城区环境评价点" 116.407 39.886
"天坛" 20160820 59 68.9583333333333 1.15416666666667 34.7083333333333 102.708333333333 2.04166666666667 "城区环境评价点" 116.407 39.886
"天坛" 20160721 27.5416666666667 26.7916666666667 0.8875 27.7083333333333 28.2083333333333 2.04166666666667 "城区环境评价点" 116.407 39.886
"天坛" 20160918 21.5416666666667 43.3181818181818 0.629166666666667 39.3333333333333 19.7083333333333 2 "城区环境评价点" 116.407 39.886
"天坛" 20161123 26.1666666666667 35.9583333333333 0.641666666666667 45.6666666666667 29.375 9.54166666666667 "城区环境评价点" 116.407 39.886
"天坛" 20160202 30.1666666666667 31.125 0.920833333333333 59.6666666666667 32.4583333333333 17.0416666666667 "城区环境评价点" 116.407 39.886
"天坛" 20160606 95.9166666666667 107.125 0.8875 31.125 138.125 8.45833333333333 "城区环境评价点" 116.407 39.886
"天坛" 20160408 27.75 64.2083333333333 0.370833333333333 26.7916666666667 80.9583333333333 6.20833333333333 "城区环境评价点" 116.407 39.886
"天坛" 20160209 43.4166666666667 98.8333333333333 1.30416666666667 49.0416666666667 43.25 18.9583333333333 "城区环境评价点" 116.407 39.886
"天坛" 20161122 8.1304347826087 29.625 0.45 27.9583333333333 44.7727272727273 4.83333333333333 "城区环境评价点" 116.407 39.886
"天坛" 20161023 27.875 36.0833333333333 0.666666666666667 41.0416666666667 16.75 4.70833333333333 "城区环境评价点" 116.407 39.886
"天坛" 20160223 11.6666666666667 45.9166666666667 0.4 20.375 68.375 3.41666666666667 "城区环境评价点" 116.407 39.886
"天坛" 20160818 85.4166666666667 124.208333333333 1.72083333333333 47.4583333333333 23.9583333333333 2.125 "城区环境评价点" 116.407 39.886
"天坛" 20160429 101.958333333333 94.25 1.4 63.375 98.7083333333333 20.25 "城区环境评价点" 116.407 39.886
"天坛" 20160301 114.666666666667 98.2083333333333 1.84166666666667 83.6666666666667 24.8333333333333 23.0416666666667 "城区环境评价点" 116.407 39.886
"天坛" 20160825 21.125 76.9583333333333 0.508333333333333 33.2916666666667 52.2083333333333 2.45833333333333 "城区环境评价点" 116.407 39.886
"天坛" 20160109 88.0833333333333 92.25 1.70833333333333 78.2083333333333 11.0416666666667 15.4166666666667 "城区环境评价点" 116.407 39.886
"天坛" 20161228 78.6666666666667 114.272727272727 1.10952380952381 50.8947368421053 12.3684210526316 8.38888888888889 "城区环境评价点" 116.407 39.886
"天坛" 20161113 95.1666666666667 99.4166666666667 2.4 76.0833333333333 2.16666666666667 7.41666666666667 "城区环境评价点" 116.407 39.886
"天坛" 20160315 130.65 123.6 1.43 75.45 33.05 41.8 "城区环境评价点" 116.407 39.886
"天坛" 20160611 9.5 47.4166666666667 0.379166666666667 12.9583333333333 74.7083333333333 3.25 "城区环境评价点" 116.407 39.886
"天坛" 20160725 45.4615384615385 99.5 0.621739130434783 31.4347826086957 52.9565217391304 2 "城区环境评价点" 116.407 39.886
"天坛" 20160922 110.571428571429 115.04347826087 1.19545454545455 67.2727272727273 50.3636363636364 7.13636363636364 "城区环境评价点" 116.407 39.886
"天坛" 20161127 52.3333333333333 218.25 0.991666666666667 51.0416666666667 32.75 4.91666666666667 "城区环境评价点" 116.407 39.886
"天坛" 20160801 76.4583333333333 98.25 1.55 31.125 76.25 2 "城区环境评价点" 116.407 39.886
"天坛" 20161219 245.083333333333 283.625 4.2125 118.666666666667 3 8.58333333333333 "城区环境评价点" 116.407 39.886
"天坛" 20160412 71.4166666666667 80.375 0.858333333333333 65.2916666666667 34.4583333333333 6.20833333333333 "城区环境评价点" 116.407 39.886
"天坛" 20160617 29.625 63.125 0.604166666666667 55.375 50.4583333333333 2 "城区环境评价点" 116.407 39.886
"天坛" 20161211 177.291666666667 139.869565217391 3.025 106.791666666667 4.45833333333333 22.2916666666667 "城区环境评价点" 116.407 39.886
"天坛" 20160426 62.2380952380952 97.3181818181818 1.32272727272727 41.7727272727273 98.4090909090909 28.2272727272727 "城区环境评价点" 116.407 39.886
"天坛" 20160313 27.75 97.0416666666667 0.620833333333333 37.8333333333333 64.625 10.125 "城区环境评价点" 116.407 39.886
"天坛" 20160822 44.4583333333333 78 0.92 29.0434782608696 108.95652173913 4.21739130434783 "城区环境评价点" 116.407 39.886
"天坛" 20160503 17.8333333333333 71.125 0.383333333333333 25.9166666666667 57.2083333333333 2.04166666666667 "城区环境评价点" 116.407 39.886
"天坛" 20161225 153.461538461538 175.615384615385 2.96153846153846 108.538461538462 2 20.6923076923077 "城区环境评价点" 116.407 39.886
"天坛" 20160905 28.5 67.375 0.608333333333333 36.875 81.875 2.08333333333333 "城区环境评价点" 116.407 39.886
"天坛" 20160204 10.0869565217391 40.0416666666667 0.475 30.6666666666667 62.7083333333333 5.91666666666667 "城区环境评价点" 116.407 39.886
"天坛" 20160608 137.125 126.25 1.33333333333333 32.4166666666667 112.75 2 "城区环境评价点" 116.407 39.886
"天坛" 20160806 101.217391304348 116.428571428571 1.00869565217391 23.4782608695652 102 2 "城区环境评价点" 116.407 39.886
"天坛" 20160919 10.625 26.125 0.420833333333333 37.0416666666667 32.125 2 "城区环境评价点" 116.407 39.886
"天坛" 20161209 23.8695652173913 57.2857142857143 0.652173913043478 44.7391304347826 33.1304347826087 7.56521739130435 "城区环境评价点" 116.407 39.886
"天坛" 20160203 36 53 1.15833333333333 71.7916666666667 19.2916666666667 14.7916666666667 "城区环境评价点" 116.407 39.886
"天坛" 20160607 62.4583333333333 108.625 0.85 16.4583333333333 103.583333333333 2.16666666666667 "城区环境评价点" 116.407 39.886
"天坛" 20160805 62.0416666666667 103.791666666667 0.8 21.9166666666667 95.0416666666667 3.625 "城区环境评价点" 116.407 39.886
"天坛" 20160210 90.3333333333333 88.7916666666667 2.52083333333333 73.625 18.4583333333333 41.125 "城区环境评价点" 116.407 39.886
"天坛" 20161208 98.125 194.217391304348 1.91666666666667 65.7916666666667 34.5217391304348 8.25 "城区环境评价点" 116.407 39.886
"天坛" 20160423 13.375 59.5416666666667 0.4125 36.2916666666667 70 5.75 "城区环境评价点" 116.407 39.886
"天坛" 20160621 105.333333333333 120.083333333333 1.025 31.2916666666667 128.583333333333 3 "城区环境评价点" 116.407 39.886
"天坛" 20161215 27.625 62.1666666666667 0.904166666666667 50.9166666666667 26.875 5.875 "城区环境评价点" 116.407 39.886
"天坛" 20160826 11.0454545454545 30.6666666666667 0.5375 40.125 52.25 2.16666666666667 "城区环境评价点" 116.407 39.886
"天坛" 20161222 77.9565217391304 305.708333333333 1.95416666666667 47.2083333333333 44.8260869565217 5.33333333333333 "城区环境评价点" 116.407 39.886
"天坛" 20160613 55.75 78.9166666666667 0.745833333333333 39.75 83.375 3.45833333333333 "城区环境评价点" 116.407 39.886
"天坛" 20160110 60.625 111.826086956522 1.52083333333333 68.4166666666667 15.375 20.625 "城区环境评价点" 116.407 39.886
"天坛" 20160924 124.708333333333 148.125 1.16666666666667 60.875 79.125 2.95833333333333 "城区环境评价点" 116.407 39.886
"天坛" 20161114 46.125 125.541666666667 1.075 43 38.0434782608696 3 "城区环境评价点" 116.407 39.886
"天坛" 20160316 231.291666666667 235.458333333333 2.12083333333333 89.875 54.4166666666667 27.9166666666667 "城区环境评价点" 116.407 39.886
"天坛" 20160612 69.375 77.75 0.945833333333333 30.0833333333333 122.375 7.625 "城区环境评价点" 116.407 39.886
"天坛" 20160726 21.1666666666667 45.1666666666667 0.675 25 92.9166666666667 2.125 "城区环境评价点" 116.407 39.886
"天坛" 20160923 123.166666666667 150.904761904762 1.19047619047619 50.2857142857143 88.1904761904762 2.47619047619048 "城区环境评价点" 116.407 39.886
"天坛" 20161128 65.2083333333333 59.7083333333333 1.54166666666667 77.3333333333333 8.30434782608696 9.875 "城区环境评价点" 116.407 39.886
"天坛" 20160802 61.6363636363636 108.25 1.39090909090909 23.9545454545455 90.4545454545455 2 "城区环境评价点" 116.407 39.886
"天坛" 20161220 383.125 375.130434782609 8.51666666666667 146.666666666667 2.34782608695652 5.29166666666667 "城区环境评价点" 116.407 39.886
"天坛" 20160413 130.708333333333 147.416666666667 1.07916666666667 75.25 52.6666666666667 7.79166666666667 "城区环境评价点" 116.407 39.886
"天坛" 20160618 48.375 72.9583333333333 0.829166666666667 53.5 88.375 6.04166666666667 "城区环境评价点" 116.407 39.886
"天坛" 20161212 217.578947368421 256.052631578947 2.82631578947368 113.473684210526 3.72222222222222 39.8421052631579 "城区环境评价点" 116.407 39.886
"天坛" 20160427 73.4166666666667 89.6521739130435 1.08333333333333 54.625 79.9583333333333 12.0416666666667 "城区环境评价点" 116.407 39.886
"天坛" 20160115 122.521739130435 145 3.21739130434783 98.2173913043478 10.7391304347826 30.5217391304348 "城区环境评价点" 116.407 39.886
"天坛" 20160823 66.625 66.75 0.866666666666667 40.4583333333333 89.2083333333333 7.66666666666667 "城区环境评价点" 116.407 39.886
"天坛" 20160504 18.875 59.9583333333333 0.608333333333333 52.125 63.125 5.375 "城区环境评价点" 116.407 39.886
"天坛" 20161226 44.2916666666667 141.041666666667 1.00416666666667 63.25 23 15.6666666666667 "城区环境评价点" 116.407 39.886
"天坛" 20160906 20.5555555555556 48.4117647058824 0.644444444444444 50.6111111111111 38.3333333333333 5.38888888888889 "城区环境评价点" 116.407 39.886
"天坛" 20160419 73 72.6470588235294 1.48947368421053 71.3157894736842 35.1052631578947 22.4210526315789 "城区环境评价点" 116.407 39.886
"天坛" 20160328 80.4761904761905 71.8333333333333 0.825 73.1666666666667 43.8333333333333 18.3333333333333 "城区环境评价点" 116.407 39.886
"天坛" 20160807 22.1304347826087 74.25 0.665217391304348 5.39130434782609 82 3.95652173913043 "城区环境评价点" 116.407 39.886
"天坛" 20160920 18.0833333333333 32.0833333333333 0.6 45.0416666666667 44.3333333333333 2.875 "城区环境评价点" 116.407 39.886
"天坛" 20161210 46.5 57.375 1.21666666666667 67 7.47826086956522 6.625 "城区环境评价点" 116.407 39.886
"天坛" 20160425 64.75 97.375 0.7 28.75 116.208333333333 14.125 "城区环境评价点" 116.407 39.886
"天坛" 20160623 72.7083333333333 89.9583333333333 1.1125 37.2083333333333 106.708333333333 5.625 "城区环境评价点" 116.407 39.886
"天坛" 20161217 234.782608695652 246.695652173913 3.34347826086957 113.130434782609 3.8695652173913 18.1304347826087 "城区环境评价点" 116.407 39.886
"天坛" 20160211 145.333333333333 173.333333333333 2.58333333333333 77.625 5.79166666666667 27.0416666666667 "城区环境评价点" 116.407 39.886
"天坛" 20161224 110.25 97.7916666666667 2.19583333333333 84.5833333333333 7.17391304347826 14.0416666666667 "城区环境评价点" 116.407 39.886
"天坛" 20160424 66.6666666666667 73.75 0.9875 51.1666666666667 78.75 27.9166666666667 "城区环境评价点" 116.407 39.886
"天坛" 20160622 52.375 104.083333333333 0.729166666666667 30 119.625 2.41666666666667 "城区环境评价点" 116.407 39.886
"天坛" 20161216 161.333333333333 105.666666666667 2.575 107.125 4.34782608695652 12 "城区环境评价点" 116.407 39.886
"天坛" 20160827 19.2083333333333 40.625 0.495833333333333 47.125 37.75 2.29166666666667 "城区环境评价点" 116.407 39.886
"天坛" 20161223 33.6666666666667 43.375 0.894444444444444 55.3888888888889 21.3333333333333 6.33333333333333 "城区环境评价点" 116.407 39.886
"天坛" 20160119 64.7916666666667 58.2083333333333 1.7375 65.5416666666667 16.4583333333333 21.625 "城区环境评价点" 116.407 39.886
"天坛" 20160111 11.4166666666667 43.5833333333333 0.55 30.2083333333333 51.7083333333333 7.33333333333333 "城区环境评价点" 116.407 39.886
"天坛" 20160925 177.791666666667 220.291666666667 1.77916666666667 62.875 69.9583333333333 4.08333333333333 "城区环境评价点" 116.407 39.886
"天坛" 20161115 33.0416666666667 47.125 1.29166666666667 58.2916666666667 11.6666666666667 8.75 "城区环境评价点" 116.407 39.886
"天坛" 20160317 258.666666666667 298.541666666667 2.1 96.2083333333333 49.0833333333333 24.2083333333333 "城区环境评价点" 116.407 39.886
"天坛" 20160118 8.08333333333333 35.75 0.5625 21.6666666666667 60.2083333333333 7.58333333333333 "城区环境评价点" 116.407 39.886
"天坛" 20160727 60 76.8260869565217 0.991304347826087 35.35 106.347826086957 2 "城区环境评价点" 116.407 39.886
"天坛" 20160620 88.2380952380952 116.652173913043 0.931818181818182 27.695652173913 140.739130434783 6.34782608695652 "城区环境评价点" 116.407 39.886
"天坛" 20161129 95.0416666666667 108.083333333333 2.5375 84.75 2 17.3333333333333 "城区环境评价点" 116.407 39.886
"天坛" 20160803 67.3333333333333 101.277777777778 1.11904761904762 33.9523809523809 140.095238095238 2 "城区环境评价点" 116.407 39.886
"天坛" 20161221 385.833333333333 415.916666666667 8.57083333333333 170.666666666667 2.16666666666667 7.66666666666667 "城区环境评价点" 116.407 39.886
"天坛" 20160414 29.695652173913 106.090909090909 0.395652173913043 24.6521739130435 88.0434782608696 3.47826086956522 "城区环境评价点" 116.407 39.886
"天坛" 20160619 68.6666666666667 84.25 0.779166666666667 39.4583333333333 113.25 6.33333333333333 "城区环境评价点" 116.407 39.886
"天坛" 20161213 52.25 178.708333333333 1.10416666666667 55.6666666666667 22.6666666666667 2.625 "城区环境评价点" 116.407 39.886
"天坛" 20160421 143.214285714286 139.391304347826 0.9 65.1304347826087 67.8260869565217 8.65217391304348 "城区环境评价点" 116.407 39.886
"天坛" 20160116 121.541666666667 152.208333333333 2.45833333333333 73.875 7.45833333333333 43.5833333333333 "城区环境评价点" 116.407 39.886
"天坛" 20160330 29.25 59.5416666666667 0.5625 45.2380952380952 67.9583333333333 9.58333333333333 "城区环境评价点" 116.407 39.886
"天坛" 20160831 21.5416666666667 54.4583333333333 0.504166666666667 49.9583333333333 50.875 3.16666666666667 "城区环境评价点" 116.407 39.886
"天坛" 20160322 107 169.708333333333 1.5625 77.5833333333333 33.7083333333333 28.0833333333333 "城区环境评价点" 116.407 39.886
"天坛" 20160327 14.25 33.8333333333333 0.425 45.9166666666667 50.9583333333333 2.83333333333333 "城区环境评价点" 116.407 39.886
"天坛" 20160420 77.8571428571429 105.125 0.8 45.7142857142857 80.9047619047619 9.71428571428571 "城区环境评价点" 116.407 39.886
"天坛" 20160329 17.695652173913 93.9047619047619 0.347826086956522 29.3913043478261 73.4782608695652 4.30434782608696 "城区环境评价点" 116.407 39.886
"天坛" 20160808 36.5294117647059 44.1764705882353 0.847058823529412 4.52941176470588 66.3529411764706 2.58823529411765 "城区环境评价点" 116.407 39.886
"天坛" 20160321 124.833333333333 122.875 1.34583333333333 79.3333333333333 61.2083333333333 18.4583333333333 "城区环境评价点" 116.407 39.886
"天坛" 20160326 12.7826086956522 32.7083333333333 0.429166666666667 37.0416666666667 60.2083333333333 2.66666666666667 "城区环境评价点" 116.407 39.886
"天坛" 20161116 100.5 86.0909090909091 2.23913043478261 73.0434782608696 7.04545454545455 8.78260869565217 "城区环境评价点" 116.407 39.886
"天坛" 20160114 85.9583333333333 91.1666666666667 2.5 87 16.5 24.5833333333333 "城区环境评价点" 116.407 39.886
"天坛" 20160323 18.2916666666667 87.875 0.495833333333333 33.5833333333333 61.3333333333333 5.83333333333333 "城区环境评价点" 116.407 39.886
"天坛" 20160212 143.708333333333 175.125 2.1625 62.2916666666667 20.5 11.4166666666667 "城区环境评价点" 116.407 39.886
"天坛" 20160320 58.5 76.25 0.958333333333333 58.9166666666667 47.5416666666667 8.54166666666667 "城区环境评价点" 116.407 39.886
"天坛" 20161130 94.0833333333333 136.208333333333 2.25416666666667 72.8333333333333 18.9545454545455 11.125 "城区环境评价点" 116.407 39.886
"天坛" 20160113 39.2916666666667 37.4166666666667 1.3 66.4166666666667 22.5833333333333 17.75 "城区环境评价点" 116.407 39.886
"天坛" 20160214 7.83333333333333 22.8333333333333 0.454166666666667 12.6666666666667 71.25 5.75 "城区环境评价点" 116.407 39.886
"天坛" 20160828 9.21739130434783 39.5833333333333 0.333333333333333 38.25 55.4583333333333 2.08333333333333 "城区环境评价点" 116.407 39.886
"天坛" 20160319 66.7083333333333 123.5 1.07083333333333 36.5 65 18.7083333333333 "城区环境评价点" 116.407 39.886
"天坛" 20161214 27.0416666666667 41.2083333333333 0.758333333333333 53 29.7391304347826 9.75 "城区环境评价点" 116.407 39.886
"天坛" 20160112 12.5416666666667 27.1304347826087 0.666666666666667 38.5 43.5833333333333 9.45833333333333 "城区环境评价点" 116.407 39.886
"天坛" 20160117 34.7916666666667 113.208333333333 0.754166666666667 29.7916666666667 52.0833333333333 5.33333333333333 "城区环境评价点" 116.407 39.886
"天坛" 20160331 151.958333333333 130.666666666667 1.50416666666667 78.625 62.5416666666667 31.9583333333333 "城区环境评价点" 116.407 39.886
"天坛" 20160318 184.458333333333 311.833333333333 1.62916666666667 84.8333333333333 51.875 9.20833333333333 "城区环境评价点" 116.407 39.886
"天坛" 20160402 8.45833333333333 53.1666666666667 0.3 18.375 74.375 2.04166666666667 "城区环境评价点" 116.407 39.886
"天坛" 20160728 48.8260869565217 70.4782608695652 0.71304347826087 23.5217391304348 80.9130434782609 2 "城区环境评价点" 116.407 39.886
"天坛" 20160217 46.25 43.0833333333333 1.12083333333333 51.125 37.9583333333333 13 "城区环境评价点" 116.407 39.886
"天坛" 20160903 19.8333333333333 41.125 0.404166666666667 37.4583333333333 69.4583333333333 2 "城区环境评价点" 116.407 39.886
"天坛" 20160804 99.4583333333333 111.583333333333 1.43333333333333 25.0416666666667 125.583333333333 2 "城区环境评价点" 116.407 39.886
"天坛" 20160730 142.666666666667 190.35 1.62380952380952 18 69.3333333333333 2 "城区环境评价点" 116.407 39.886
"天坛" 20160415 62.6666666666667 67.5 1.24166666666667 64.875 56.6666666666667 19 "城区环境评价点" 116.407 39.886
"天坛" 20160902 13.9583333333333 38.4583333333333 0.4 42.125 26.9583333333333 2.08333333333333 "城区环境评价点" 116.407 39.886
"天坛" 20160403 15.4583333333333 34.1666666666667 0.333333333333333 21.5416666666667 79.75 3.20833333333333 "城区环境评价点" 116.407 39.886
"天坛" 20160422 28 151.304347826087 0.33 29.695652173913 87.9130434782609 4.56521739130435 "城区环境评价点" 116.407 39.886
"天坛" 20160213 12.2083333333333 111.916666666667 0.408333333333333 13.75 62.625 6.5 "城区环境评价点" 116.407 39.886
"天坛" 20160218 14.5 52.4166666666667 0.491666666666667 29.0416666666667 66.5416666666667 6.83333333333333 "城区环境评价点" 116.407 39.886
"天坛" 20160901 11.375 40.6666666666667 0.420833333333333 36.6666666666667 42.25 3.45833333333333 "城区环境评价点" 116.407 39.886
"天坛" 20160810 78.3636363636364 92.1 0.85 24.8181818181818 100.227272727273 2.13636363636364 "城区环境评价点" 116.407 39.886
"天坛" 20160215 6.125 27.2083333333333 0.391666666666667 17.625 68.625 3.16666666666667 "城区环境评价点" 116.407 39.886
"天坛" 20160829 16.7916666666667 39.5 0.6 41.5833333333333 63.7916666666667 3.33333333333333 "城区环境评价点" 116.407 39.886
"天坛" 20161203 224.166666666667 200.541666666667 3.52083333333333 114.708333333333 3.41666666666667 14.5416666666667 "城区环境评价点" 116.407 39.886
"天坛" 20160809 54 75.4545454545455 1.24545454545455 22.1818181818182 145.636363636364 8 "城区环境评价点" 116.407 39.886
"天坛" 20160324 10.2916666666667 26.625 0.408333333333333 38.5416666666667 57.3333333333333 4 "城区环境评价点" 116.407 39.886
"天坛" 20160219 11.625 32.75 0.454166666666667 29.2916666666667 56 5.33333333333333 "城区环境评价点" 116.407 39.886
"天坛" 20161202 114.041666666667 97.9166666666667 2.0125 90.1666666666667 6.39130434782609 10.0416666666667 "城区环境评价点" 116.407 39.886
"天坛" 20160811 76.6666666666667 103.833333333333 0.895833333333333 24 93.1666666666667 2.41666666666667 "城区环境评价点" 116.407 39.886
"天坛" 20160813 25.2083333333333 49.875 0.733333333333333 51.7916666666667 17.9166666666667 5.04166666666667 "城区环境评价点" 116.407 39.886
"天坛" 20160729 130.541666666667 130.833333333333 1.44583333333333 18.6666666666667 115.708333333333 2 "城区环境评价点" 116.407 39.886
"天坛" 20160830 33.0416666666667 63.5 0.641666666666667 49.2083333333333 99.375 3.25 "城区环境评价点" 116.407 39.886
"天坛" 20161201 27.125 73.0416666666667 0.820833333333333 51.25 36.9166666666667 3.16666666666667 "城区环境评价点" 116.407 39.886
"天坛" 20160325 18.2272727272727 32.0476190476191 0.531818181818182 43.2727272727273 56.8636363636364 6.13636363636364 "城区环境评价点" 116.407 39.886
"天坛" 20160812 79.4 106.538461538462 0.846666666666667 32.6666666666667 39.5333333333333 2 "城区环境评价点" 116.407 39.886
"天坛" 20160416 31.6666666666667 84 0.370833333333333 25.375 63.0416666666667 2.16666666666667 "城区环境评价点" 116.407 39.886
"天坛" 20160401 38.0416666666667 155.458333333333 0.458333333333333 29.2083333333333 67.0416666666667 4.125 "城区环境评价点" 116.407 39.886
"天坛" 20160904 71.4166666666667 75.9583333333333 0.9625 48.3333333333333 88.8333333333333 5.25 "城区环境评价点" 116.407 39.886
"天坛" 20161204 287.208333333333 359.833333333333 4.09583333333333 98.7083333333333 5.47826086956522 11.25 "城区环境评价点" 116.407 39.886
"天坛" 20161205 44.0434782608696 186.260869565217 0.895833333333333 42.8333333333333 26.3333333333333 3.875 "城区环境评价点" 116.407 39.886
"天坛" 20160417 21.8333333333333 59.9523809523809 0.325 18.2916666666667 86.1666666666667 2.58333333333333 "城区环境评价点" 116.407 39.886
"天坛" 20160814 22.6666666666667 49.625 0.566666666666667 46.6666666666667 74.3333333333333 4.95833333333333 "城区环境评价点" 116.407 39.886
"天坛" 20160216 7.45833333333333 48.5833333333333 0.391666666666667 23.75 67.0416666666667 3.29166666666667 "城区环境评价点" 116.407 39.886
"天坛" 20161206 79.9130434782609 66.4166666666667 2.14166666666667 93.1666666666667 3.60869565217391 10.625 "城区环境评价点" 116.407 39.886
"天坛" 20161207 144.727272727273 158.136363636364 3.16818181818182 113.045454545455 4.54545454545455 12.0909090909091 "城区环境评价点" 116.407 39.886
"天坛" 20160418 27.8 43.6111111111111 0.425 26.35 82.05 3.95 "城区环境评价点" 116.407 39.886
