"怀柔" 20160113 27.75 31.5 0.75 31.4347826086957 23.3333333333333 9.16666666666667 "郊区环境评价点" 116.628 40.328
"怀柔" 20160529 26.7083333333333 65.1666666666667 0.404166666666667 16.625 93.75 3.29166666666667 "郊区环境评价点" 116.628 40.328
"怀柔" 20160530 66.8333333333333 100.583333333333 0.958333333333333 27.9130434782609 165.708333333333 9.41666666666667 "郊区环境评价点" 116.628 40.328
"怀柔" 20160616 15.25 41.4166666666667 0.425 15.25 79.6666666666667 2.125 "郊区环境评价点" 116.628 40.328
"怀柔" 20160512 26.2916666666667 107.375 0.375 10.2608695652174 58.8333333333333 2 "郊区环境评价点" 116.628 40.328
"怀柔" 20160524 12.625 58.6666666666667 0.404166666666667 11.2173913043478 62.25 2.04166666666667 "郊区环境评价点" 116.628 40.328
"怀柔" 20160618 29.3333333333333 71.625 0.533333333333333 22.4583333333333 112.166666666667 3.375 "郊区环境评价点" 116.628 40.328
"怀柔" 20160816 22.5 45.0416666666667 0.529166666666667 15.3181818181818 79.625 2 "郊区环境评价点" 116.628 40.328
"怀柔" 20160911 20.9583333333333 41.3333333333333 0.608333333333333 9.47826086956522 59.1666666666667 2 "郊区环境评价点" 116.628 40.328
"怀柔" 20160122 25 114 0.545833333333333 11.0416666666667 51.6666666666667 2.875 "郊区环境评价点" 116.628 40.328
"怀柔" 20161003 94.625 164 0.908333333333333 23.1363636363636 55.7826086956522 5.45833333333333 "郊区环境评价点" 116.628 40.328
"怀柔" 20160531 60.5416666666667 106.791666666667 1.175 30.9583333333333 86.75 13.875 "郊区环境评价点" 116.628 40.328
"怀柔" 20160510 40.0833333333333 53.7916666666667 0.404166666666667 16.9565217391304 78.75 2.16666666666667 "郊区环境评价点" 116.628 40.328
"怀柔" 20160115 73 61.9166666666667 1.50833333333333 51.304347826087 11.5833333333333 18.6666666666667 "郊区环境评价点" 116.628 40.328
"怀柔" 20160525 10.125 43.7916666666667 0.3375 7.45833333333333 78.875 2 "郊区环境评价点" 116.628 40.328
"怀柔" 20160513 22.625 44.2916666666667 0.370833333333333 25.3333333333333 53.375 4.20833333333333 "郊区环境评价点" 116.628 40.328
"怀柔" 20160508 54.4545454545455 76.0833333333333 0.708333333333333 33.1739130434783 78.6666666666667 16.4583333333333 "郊区环境评价点" 116.628 40.328
"怀柔" 20160527 39.875 57.7083333333333 0.583333333333333 28.1666666666667 102.166666666667 9.95833333333333 "郊区环境评价点" 116.628 40.328
"怀柔" 20161004 35.6666666666667 87.7916666666667 1.32083333333333 28.7916666666667 4.83333333333333 8 "郊区环境评价点" 116.628 40.328
"怀柔" 20160912 21.7916666666667 31.25 0.6125 13.875 53.8333333333333 2 "郊区环境评价点" 116.628 40.328
"怀柔" 20160623 71.4166666666667 97.7083333333333 1.03913043478261 19.952380952381 90.1904761904762 4.30434782608696 "郊区环境评价点" 116.628 40.328
"怀柔" 20160507 29.0833333333333 61.4583333333333 0.225 15.7083333333333 79.0416666666667 2.79166666666667 "郊区环境评价点" 116.628 40.328
"怀柔" 20160509 35.2916666666667 90.25 0.408333333333333 23.4583333333333 49.4583333333333 3.20833333333333 "郊区环境评价点" 116.628 40.328
"怀柔" 20160117 56.2083333333333 129.958333333333 1.11818181818182 24.0434782608696 34.5 17.7272727272727 "郊区环境评价点" 116.628 40.328
"怀柔" 20160514 40.4166666666667 59.9583333333333 0.55 37.0434782608696 40.25 2.79166666666667 "郊区环境评价点" 116.628 40.328
"怀柔" 20160114 34.7916666666667 46 0.895833333333333 31.0833333333333 23.4583333333333 13.0416666666667 "郊区环境评价点" 116.628 40.328
"怀柔" 20160511 115.904761904762 104.478260869565 0.991304347826087 34.7826086956522 108.869565217391 7.78260869565217 "郊区环境评价点" 116.628 40.328
"怀柔" 20160116 133.583333333333 158.5 2.44166666666667 69.75 3.625 41.375 "郊区环境评价点" 116.628 40.328
"怀柔" 20160624 8.91304347826087 56.6666666666667 0.269565217391304 16.5833333333333 43.9090909090909 2 "郊区环境评价点" 116.628 40.328
"怀柔" 20160817 49.5833333333333 56 0.7375 18.875 31.6666666666667 2.04166666666667 "郊区环境评价点" 116.628 40.328
"怀柔" 20160814 13.875 32.3333333333333 0.383333333333333 12.9565217391304 52.7916666666667 2.20833333333333 "郊区环境评价点" 116.628 40.328
"怀柔" 20160505 50.1666666666667 67.1666666666667 0.704166666666667 23.5 76.9583333333333 9.33333333333333 "郊区环境评价点" 116.628 40.328
"怀柔" 20160123 5.79166666666667 18.25 0.245833333333333 3.69565217391304 45.9583333333333 2.54166666666667 "郊区环境评价点" 116.628 40.328
"怀柔" 20160907 40.3571428571429 51.75 0.614285714285714 8.14285714285714 86.4285714285714 2.07142857142857 "郊区环境评价点" 116.628 40.328
"怀柔" 20161105 170.916666666667 241.95652173913 2.90833333333333 79.2083333333333 18.1666666666667 2 "郊区环境评价点" 116.628 40.328
"怀柔" 20160526 15.0416666666667 43.9166666666667 0.329166666666667 15.2173913043478 63.4583333333333 2 "郊区环境评价点" 116.628 40.328
"怀柔" 20160928 9.125 15.2916666666667 0.170833333333333 9.66666666666667 35.625 2 "郊区环境评价点" 116.628 40.328
"怀柔" 20160625 16.0833333333333 23.7916666666667 0.283333333333333 12.6086956521739 59.5 2.04166666666667 "郊区环境评价点" 116.628 40.328
"怀柔" 20160617 16.7083333333333 51.625 0.45 15.3478260869565 53.5 2.125 "郊区环境评价点" 116.628 40.328
"怀柔" 20160528 49.3333333333333 87.8333333333333 0.691666666666667 29 113.375 8.45833333333333 "郊区环境评价点" 116.628 40.328
"怀柔" 20161005 53.4583333333333 60.375 1 26.3913043478261 5.33333333333333 2.79166666666667 "郊区环境评价点" 116.628 40.328
"怀柔" 20160619 42.0833333333333 77.7083333333333 0.6375 21.304347826087 127.791666666667 3.54166666666667 "郊区环境评价点" 116.628 40.328
"怀柔" 20160927 17.9583333333333 50.125 0.416666666666667 9.17391304347826 33.4166666666667 2.20833333333333 "郊区环境评价点" 116.628 40.328
"怀柔" 20160121 136.291666666667 153.333333333333 2.66666666666667 61.304347826087 3.54166666666667 19.7083333333333 "郊区环境评价点" 116.628 40.328
"怀柔" 20161118 179.125 197.5 2.56521739130435 67.6086956521739 2 6.8 "郊区环境评价点" 116.628 40.328
"怀柔" 20161210 22.1666666666667 31.5416666666667 0.716666666666667 24.9565217391304 30.1666666666667 3 "郊区环境评价点" 116.628 40.328
"怀柔" 20160601 31.0416666666667 78.2083333333333 0.566666666666667 22.7391304347826 83.5833333333333 5.125 "郊区环境评价点" 116.628 40.328
"怀柔" 20160926 48.875 111.695652173913 0.9 17.5416666666667 42.9583333333333 2.75 "郊区环境评价点" 116.628 40.328
"怀柔" 20160710 100 131.782608695652 0.920833333333333 21.625 136.375 2.25 "郊区环境评价点" 116.628 40.328
"怀柔" 20160112 18.3478260869565 23.6818181818182 0.608695652173913 18.5652173913043 34.6086956521739 3.47826086956522 "郊区环境评价点" 116.628 40.328
"怀柔" 20161018 96.7916666666667 81.4166666666667 1.35416666666667 37.2916666666667 2.58333333333333 4.08333333333333 "郊区环境评价点" 116.628 40.328
"怀柔" 20160707 106.458333333333 120.958333333333 1.125 19.4782608695652 155.416666666667 5.08333333333333 "郊区环境评价点" 116.628 40.328
"怀柔" 20160815 17.4583333333333 39.5833333333333 0.508333333333333 8.91666666666667 61.7916666666667 2 "郊区环境评价点" 116.628 40.328
"怀柔" 20160119 30.375 30.7916666666667 0.831818181818182 30.5652173913043 23.875 7.91304347826087 "郊区环境评价点" 116.628 40.328
"怀柔" 20160913 73.6666666666667 56.4583333333333 1.02083333333333 23.9565217391304 75.0416666666667 2.125 "郊区环境评价点" 116.628 40.328
"怀柔" 20161017 46.1666666666667 118.875 0.554166666666667 24.7826086956522 18.7083333333333 2 "郊区环境评价点" 116.628 40.328
"怀柔" 20161002 163.25 229.625 1.14583333333333 20.375 86.1666666666667 8.5 "郊区环境评价点" 116.628 40.328
"怀柔" 20160126 22.375 50.1666666666667 0.408333333333333 12.4166666666667 39.8333333333333 6.45833333333333 "郊区环境评价点" 116.628 40.328
"怀柔" 20160118 9.8695652173913 34.4583333333333 0.620833333333333 5.875 49.3333333333333 3.26666666666667 "郊区环境评价点" 116.628 40.328
"怀柔" 20160515 29.0833333333333 61.1666666666667 0.391666666666667 17.5416666666667 36.2083333333333 2 "郊区环境评价点" 116.628 40.328
"怀柔" 20161031 5.95652173913043 33.0434782608696 0.18695652173913 5.36363636363636 67.695652173913 2 "郊区环境评价点" 116.628 40.328
"怀柔" 20161001 166.083333333333 156.541666666667 1.19166666666667 34.4347826086956 95.625 14.0416666666667 "郊区环境评价点" 116.628 40.328
"怀柔" 20160125 25.8695652173913 48.1739130434783 0.7 26.6363636363636 26.4347826086957 9.65217391304348 "郊区环境评价点" 116.628 40.328
"怀柔" 20160620 74.7083333333333 107.333333333333 1.00416666666667 21.2916666666667 148.25 3.83333333333333 "郊区环境评价点" 116.628 40.328
"怀柔" 20160818 56.8333333333333 78.7083333333333 1.1375 16.695652173913 26.6666666666667 2 "郊区环境评价点" 116.628 40.328
"怀柔" 20160904 82.2083333333333 76.25 1.14166666666667 17.25 96.625 4.70833333333333 "郊区环境评价点" 116.628 40.328
"怀柔" 20160506 68.0416666666667 174.666666666667 0.209090909090909 4.60869565217391 78.5652173913043 2 "郊区环境评价点" 116.628 40.328
"怀柔" 20160124 14.1739130434783 24.4583333333333 0.4625 13.3333333333333 39.5416666666667 4.125 "郊区环境评价点" 116.628 40.328
"怀柔" 20160908 17.375 44.9583333333333 0.4 7.27777777777778 34.2 2 "郊区环境评价点" 116.628 40.328
"怀柔" 20161106 82.7083333333333 184.625 1.20833333333333 66.2173913043478 16.4090909090909 4.61904761904762 "郊区环境评价点" 116.628 40.328
"怀柔" 20160711 87.5833333333333 113.75 0.775 25 104.916666666667 3.45833333333333 "郊区环境评价点" 116.628 40.328
"怀柔" 20160929 38.625 31.625 0.441666666666667 30 32.9583333333333 3.60869565217391 "郊区环境评价点" 116.628 40.328
"怀柔" 20160626 39.4583333333333 58.875 0.341666666666667 10.0833333333333 100.636363636364 4.33333333333333 "郊区环境评价点" 116.628 40.328
"怀柔" 20160520 74.2173913043478 112.304347826087 0.843478260869565 23.2727272727273 152.304347826087 16.5652173913043 "郊区环境评价点" 116.628 40.328
"怀柔" 20161120 42.7083333333333 102.5 0.829166666666667 26.7391304347826 21.5833333333333 2.20833333333333 "郊区环境评价点" 116.628 40.328
"怀柔" 20161006 68.9583333333333 92.875 1.28333333333333 26.2916666666667 2 3.41666666666667 "郊区环境评价点" 116.628 40.328
"怀柔" 20160914 114.541666666667 142.583333333333 1.1875 27.7916666666667 89.5 2 "郊区环境评价点" 116.628 40.328
"怀柔" 20160717 62.0833333333333 60.7083333333333 1.01666666666667 13.9565217391304 105.916666666667 2.08333333333333 "郊区环境评价点" 116.628 40.328
"怀柔" 20160519 85.5833333333333 108.291666666667 0.845833333333333 28.4166666666667 168.208333333333 13.5 "郊区环境评价点" 116.628 40.328
"怀柔" 20161119 109.333333333333 204.125 1.64583333333333 43.25 17.25 3 "郊区环境评价点" 116.628 40.328
"怀柔" 20161211 98.25 65.2608695652174 1.56666666666667 64.25 7.375 20.2083333333333 "郊区环境评价点" 116.628 40.328
"怀柔" 20160602 48.4090909090909 82.8636363636364 0.613636363636364 33.5909090909091 135.772727272727 6.13636363636364 "郊区环境评价点" 116.628 40.328
"怀柔" 20160807 22.4347826086957 92.65 0.569565217391304 10.2173913043478 33.6521739130435 2 "郊区环境评价点" 116.628 40.328
"怀柔" 20161012 83.0416666666667 124.708333333333 1.3125 42.625 8.66666666666667 11.1666666666667 "郊区环境评价点" 116.628 40.328
"怀柔" 20161019 233.130434782609 211.086956521739 1.97391304347826 57.9090909090909 19 4.95652173913043 "郊区环境评价点" 116.628 40.328
"怀柔" 20161103 172.434782608696 143.608695652174 1.8304347826087 88.5217391304348 3 9.1304347826087 "郊区环境评价点" 116.628 40.328
"怀柔" 20160708 79.0833333333333 120.791666666667 1.12916666666667 21.625 111.833333333333 4 "郊区环境评价点" 116.628 40.328
"怀柔" 20160905 22.7727272727273 72.9166666666667 0.456521739130435 11.8 50.9565217391304 2 "郊区环境评价点" 116.628 40.328
"怀柔" 20160120 75.875 68.375 1.81666666666667 51.2083333333333 7.83333333333333 27.625 "郊区环境评价点" 116.628 40.328
"怀柔" 20161117 122.791666666667 132.666666666667 2.49583333333333 67.5416666666667 3.70833333333333 21.25 "郊区环境评价点" 116.628 40.328
"怀柔" 20161102 79.2083333333333 79.0416666666667 1.075 60.3478260869565 12.5714285714286 4.375 "郊区环境评价点" 116.628 40.328
"怀柔" 20160722 56.5217391304348 51.7826086956522 0.9 15.7826086956522 82.6086956521739 2 "郊区环境评价点" 116.628 40.328
"怀柔" 20160127 59.8333333333333 59.6666666666667 1.32916666666667 48.2608695652174 8.95833333333333 18.4166666666667 "郊区环境评价点" 116.628 40.328
"怀柔" 20160622 49.0833333333333 96.6666666666667 0.654166666666667 17.625 153.75 2.16666666666667 "郊区环境评价点" 116.628 40.328
"怀柔" 20160516 14.1666666666667 36.25 0.308333333333333 24.9565217391304 53.6666666666667 2 "郊区环境评价点" 116.628 40.328
"怀柔" 20161101 34.9166666666667 31.9166666666667 0.7125 45.2083333333333 20.7083333333333 3.5 "郊区环境评价点" 116.628 40.328
"怀柔" 20160812 75.4 122.153846153846 0.773333333333333 15 10.6428571428571 3.13333333333333 "郊区环境评价点" 116.628 40.328
"怀柔" 20160614 22.5416666666667 43.5416666666667 0.483333333333333 10.875 71.9166666666667 2 "郊区环境评价点" 116.628 40.328
"怀柔" 20160621 63.6666666666667 94.75 0.8125 14.5217391304348 136.458333333333 2.125 "郊区环境评价点" 116.628 40.328
"怀柔" 20160819 18.3913043478261 49.6086956521739 0.71304347826087 15.1739130434783 47.3478260869565 2 "郊区环境评价点" 116.628 40.328
"怀柔" 20160826 8.125 21 0.254166666666667 8.21739130434783 41.9583333333333 2 "郊区环境评价点" 116.628 40.328
"怀柔" 20160103 233.125 285.875 3.22083333333333 69.1304347826087 6.25 11.3333333333333 "郊区环境评价点" 116.628 40.328
"怀柔" 20160628 43.875 68.7916666666667 0.508333333333333 14.7272727272727 64.7916666666667 2 "郊区环境评价点" 116.628 40.328
"怀柔" 20160909 12.375 28.75 0.366666666666667 11.2380952380952 31.3333333333333 2 "郊区环境评价点" 116.628 40.328
"怀柔" 20161107 39.3333333333333 83.875 1.05454545454545 28.695652173913 36.25 3.1304347826087 "郊区环境评价点" 116.628 40.328
"怀柔" 20160712 37.375 93.25 0.545833333333333 17.75 46.25 2 "郊区环境评价点" 116.628 40.328
"怀柔" 20160930 79.1739130434783 83.8333333333333 0.675 24.9166666666667 79.0416666666667 5.95652173913043 "郊区环境评价点" 116.628 40.328
"怀柔" 20160627 57.2916666666667 71.5833333333333 0.609090909090909 20.8181818181818 64.0952380952381 5.77272727272727 "郊区环境评价点" 116.628 40.328
"怀柔" 20160521 47.9583333333333 88.2083333333333 0.620833333333333 21.125 139.625 13.75 "郊区环境评价点" 116.628 40.328
"怀柔" 20161121 7.33333333333333 28.7916666666667 0.2125 6.04166666666667 63.5833333333333 2 "郊区环境评价点" 116.628 40.328
"怀柔" 20161007 35.2083333333333 74.6666666666667 1.33333333333333 26.4782608695652 4.66666666666667 2.45833333333333 "郊区环境评价点" 116.628 40.328
"怀柔" 20160915 66 122.041666666667 0.708333333333333 14.1739130434783 94.4166666666667 2 "郊区环境评价点" 116.628 40.328
"怀柔" 20160718 101.583333333333 124.333333333333 1.11666666666667 18.0833333333333 88.4166666666667 3.20833333333333 "郊区环境评价点" 116.628 40.328
"怀柔" 20161014 248.5 231.083333333333 1.59583333333333 48.75 21.2083333333333 6.75 "郊区环境评价点" 116.628 40.328
"怀柔" 20161021 35.2083333333333 72.8333333333333 0.55 8.33333333333333 37.9583333333333 2 "郊区环境评价点" 116.628 40.328
"怀柔" 20161212 198.157894736842 201.263157894737 NA 79.6111111111111 5.68421052631579 21.1052631578947 "郊区环境评价点" 116.628 40.328
"怀柔" 20160603 57.9166666666667 86.1666666666667 0.891666666666667 27.304347826087 150.5 16.25 "郊区环境评价点" 116.628 40.328
"怀柔" 20160808 18.2777777777778 32.1764705882353 0.505555555555556 10.2352941176471 47.9411764705882 2.22222222222222 "郊区环境评价点" 116.628 40.328
"怀柔" 20161013 136.458333333333 140.666666666667 1.20416666666667 40.0869565217391 29.6666666666667 6.41666666666667 "郊区环境评价点" 116.628 40.328
"怀柔" 20161020 99.4782608695652 248.739130434783 1.34782608695652 35.2608695652174 14.5 7.65217391304348 "郊区环境评价点" 116.628 40.328
"怀柔" 20161104 229.521739130435 278.217391304348 2.58181818181818 98.7272727272727 5.05 5.08695652173913 "郊区环境评价点" 116.628 40.328
"怀柔" 20160709 67.5 102.875 0.775 17.2173913043478 120.125 2.25 "郊区环境评价点" 116.628 40.328
"怀柔" 20160906 11.7777777777778 29.1176470588235 0.33125 10.3888888888889 33.4444444444444 3.25 "郊区环境评价点" 116.628 40.328
"怀柔" 20160426 65.9583333333333 108.458333333333 1.3125 30.1739130434783 98.5 22.0833333333333 "郊区环境评价点" 116.628 40.328
"怀柔" 20160518 57.7083333333333 91.0833333333333 0.691666666666667 31.8260869565217 119.869565217391 7.08333333333333 "郊区环境评价点" 116.628 40.328
"怀柔" 20160920 12.5416666666667 21.8333333333333 0.283333333333333 13.3333333333333 37.875 2 "郊区环境评价点" 116.628 40.328
"怀柔" 20160723 90.25 109 0.983333333333333 13.1304347826087 70.4166666666667 2.875 "郊区环境评价点" 116.628 40.328
"怀柔" 20160128 98.7083333333333 115.708333333333 1.6 50.375 11.75 28.1666666666667 "郊区环境评价点" 116.628 40.328
"怀柔" 20160425 78.5 113.375 0.85 22.1538461538462 99.2083333333333 12.9166666666667 "郊区环境评价点" 116.628 40.328
"怀柔" 20160517 44.25 73.9166666666667 0.575 25.625 123.416666666667 7.95833333333333 "郊区环境评价点" 116.628 40.328
"怀柔" 20160919 7.38461538461539 17.5384615384615 0.246153846153846 5.84615384615385 47.1538461538462 2 "郊区环境评价点" 116.628 40.328
"怀柔" 20160813 15.5416666666667 42.375 0.454166666666667 11.3333333333333 5.25 3.33333333333333 "郊区环境评价点" 116.628 40.328
"怀柔" 20160615 11.8333333333333 31.125 0.404166666666667 10.7391304347826 82.4166666666667 2 "郊区环境评价点" 116.628 40.328
"怀柔" 20161109 116.958333333333 86.4166666666667 1.87083333333333 62.8333333333333 4.125 13.5 "郊区环境评价点" 116.628 40.328
"怀柔" 20160820 35.0416666666667 55.5416666666667 0.6375 17.4347826086957 70.4166666666667 2.54166666666667 "郊区环境评价点" 116.628 40.328
"怀柔" 20160827 12.8260869565217 25.7916666666667 0.320833333333333 9.375 34.625 2.04166666666667 "郊区环境评价点" 116.628 40.328
"怀柔" 20160104 50.625 194.521739130435 1.24583333333333 28.0416666666667 32.5833333333333 2.5 "郊区环境评价点" 116.628 40.328
"怀柔" 20160629 79.25 87.7083333333333 0.65 13.3913043478261 75.0476190476191 2 "郊区环境评价点" 116.628 40.328
"怀柔" 20160910 12.9583333333333 28.0833333333333 0.354166666666667 18 37.7916666666667 2 "郊区环境评价点" 116.628 40.328
"怀柔" 20161108 29.0833333333333 36.75 0.6625 39.304347826087 18.2916666666667 3.58333333333333 "郊区环境评价点" 116.628 40.328
"怀柔" 20160713 13.3913043478261 36.3913043478261 0.378260869565217 13.0454545454545 59.2173913043478 2.43478260869565 "郊区环境评价点" 116.628 40.328
"怀柔" 20160917 23.9583333333333 80.9583333333333 0.541666666666667 13.304347826087 26.75 2 "郊区环境评价点" 116.628 40.328
"怀柔" 20160720 28.0416666666667 78.9166666666667 0.6 8.25 35.7916666666667 2 "郊区环境评价点" 116.628 40.328
"怀柔" 20160522 35.5833333333333 74 0.675 17.2173913043478 135.958333333333 5.45833333333333 "郊区环境评价点" 116.628 40.328
"怀柔" 20161122 5.47826086956522 17.625 0.254166666666667 8.18181818181818 53.625 2 "郊区环境评价点" 116.628 40.328
"怀柔" 20161008 8.41666666666667 27.625 0.2625 8.20833333333333 36.625 2.25 "郊区环境评价点" 116.628 40.328
"怀柔" 20160916 96.875 103.5 0.825 12.125 101.375 2 "郊区环境评价点" 116.628 40.328
"怀柔" 20160719 73 107.416666666667 0.879166666666667 17.1304347826087 40.4166666666667 2 "郊区环境评价点" 116.628 40.328
"怀柔" 20161015 165.173913043478 284.913043478261 1.54782608695652 44.9090909090909 3.73913043478261 4.95652173913043 "郊区环境评价点" 116.628 40.328
"怀柔" 20161022 12.5833333333333 35.4583333333333 0.383333333333333 16.7916666666667 33.4166666666667 2 "郊区环境评价点" 116.628 40.328
"怀柔" 20161213 28.1666666666667 160.583333333333 NA 22.875 55 3.33333333333333 "郊区环境评价点" 116.628 40.328
"怀柔" 20160604 93.5833333333333 106.5 0.754166666666667 38.875 156.166666666667 15.7083333333333 "郊区环境评价点" 116.628 40.328
"怀柔" 20160809 48.2666666666667 79.8 1.19333333333333 19.0666666666667 163.6 6.73333333333333 "郊区环境评价点" 116.628 40.328
"怀柔" 20160428 65.0416666666667 104.875 0.829166666666667 26.4782608695652 101.458333333333 6.58333333333333 "郊区环境评价点" 116.628 40.328
"怀柔" 20160831 13.4545454545455 36.5416666666667 0.279166666666667 11.5833333333333 59.9583333333333 3.58333333333333 "郊区环境评价点" 116.628 40.328
"怀柔" 20160108 26.6666666666667 27.0833333333333 0.683333333333333 25.75 24.9583333333333 6.5 "郊区环境评价点" 116.628 40.328
"怀柔" 20160703 50.5 66.4166666666667 0.666666666666667 18.4347826086957 117.666666666667 5.29166666666667 "郊区环境评价点" 116.628 40.328
"怀柔" 20160307 30.0833333333333 105.5 0.641666666666667 12.695652173913 52.9583333333333 4.95833333333333 "郊区环境评价点" 116.628 40.328
"怀柔" 20160427 74.375 91.1304347826087 0.891666666666667 38.2916666666667 51.0833333333333 3.91666666666667 "郊区环境评价点" 116.628 40.328
"怀柔" 20160314 62.4347826086956 67.7826086956522 1.06086956521739 40.695652173913 28.7391304347826 10.5652173913043 "郊区环境评价点" 116.628 40.328
"怀柔" 20160921 42.125 38.9166666666667 0.633333333333333 21.1304347826087 33.375 5.5 "郊区环境评价点" 116.628 40.328
"怀柔" 20160724 42.7368421052632 87.3333333333333 0.765 11.3 60.15 2 "郊区环境评价点" 116.628 40.328
"怀柔" 20160129 95.0416666666667 132.291666666667 2.16666666666667 52.6086956521739 4 29.2916666666667 "郊区环境评价点" 116.628 40.328
"怀柔" 20161111 60.8333333333333 155.083333333333 1.05 37.625 15.4583333333333 4.20833333333333 "郊区环境评价点" 116.628 40.328
"怀柔" 20160731 27.875 76.0416666666667 0.704166666666667 14.4782608695652 77.2916666666667 2.04166666666667 "郊区环境评价点" 116.628 40.328
"怀柔" 20160609 91.8571428571429 131.3 1.04285714285714 20.05 148.380952380952 6.76190476190476 "郊区环境评价点" 116.628 40.328
"怀柔" 20160411 36.2608695652174 103.315789473684 0.48695652173913 24.0434782608696 61.9565217391304 6.73913043478261 "郊区环境评价点" 116.628 40.328
"怀柔" 20160212 133.708333333333 203.791666666667 1.88333333333333 34 15.0833333333333 14.25 "郊区环境评价点" 116.628 40.328
"怀柔" 20161110 164.75 206.958333333333 1.80434782608696 64.9090909090909 3.04545454545455 6.08695652173913 "郊区环境评价点" 116.628 40.328
"怀柔" 20160821 42.5416666666667 69.0833333333333 0.725 16.4166666666667 120.25 2.04166666666667 "郊区环境评价点" 116.628 40.328
"怀柔" 20160828 9.75 32.375 0.270833333333333 8.04347826086956 40.25 2.08333333333333 "郊区环境评价点" 116.628 40.328
"怀柔" 20160105 22.5 25.8333333333333 0.7125 25.5217391304348 23.0416666666667 3.5 "郊区环境评价点" 116.628 40.328
"怀柔" 20160630 26.5 72.6666666666667 0.391666666666667 15.5 79.4583333333333 2.04166666666667 "郊区环境评价点" 116.628 40.328
"怀柔" 20160304 353.375 368 3.95416666666667 73.8333333333333 8.54166666666667 16.7916666666667 "郊区环境评价点" 116.628 40.328
"怀柔" 20161124 50.6666666666667 33.8333333333333 1.14347826086957 46.304347826087 15.2727272727273 7.79166666666667 "郊区环境评价点" 116.628 40.328
"怀柔" 20160714 32.2083333333333 51.6666666666667 0.670833333333333 21.0416666666667 86.4583333333333 3.70833333333333 "郊区环境评价点" 116.628 40.328
"怀柔" 20160918 17.4666666666667 39.6153846153846 0.48 8.33333333333333 8.93333333333333 2.46666666666667 "郊区环境评价点" 116.628 40.328
"怀柔" 20160721 13.0833333333333 32.4166666666667 0.666666666666667 10.6086956521739 29.25 2 "郊区环境评价点" 116.628 40.328
"怀柔" 20160523 59.2083333333333 82.2916666666667 1.125 31.8333333333333 79.2916666666667 11.25 "郊区环境评价点" 116.628 40.328
"怀柔" 20161123 8.54166666666667 16.125 0.4375 14.375 38.125 3.08333333333333 "郊区环境评价点" 116.628 40.328
"怀柔" 20161009 31.625 30.2916666666667 0.516666666666667 39.6086956521739 9.375 3.66666666666667 "郊区环境评价点" 116.628 40.328
"怀柔" 20160606 57.5833333333333 92.8333333333333 0.825 18.5833333333333 139 8.29166666666667 "郊区环境评价点" 116.628 40.328
"怀柔" 20160811 91.4166666666667 121.75 0.833333333333333 21.7083333333333 17.0416666666667 2.83333333333333 "郊区环境评价点" 116.628 40.328
"怀柔" 20161016 125.625 177.416666666667 1.0625 42.4166666666667 7.16666666666667 2 "郊区环境评价点" 116.628 40.328
"怀柔" 20161023 16 25.5 0.320833333333333 19.7826086956522 38.0416666666667 2.54166666666667 "郊区环境评价点" 116.628 40.328
"怀柔" 20161214 15.5217391304348 21.695652173913 NA 24.1818181818182 45.4347826086956 4 "郊区环境评价点" 116.628 40.328
"怀柔" 20160605 69.6666666666667 117.625 0.883333333333333 22.0434782608696 147.708333333333 16.2916666666667 "郊区环境评价点" 116.628 40.328
"怀柔" 20160810 99.6818181818182 114.35 0.954545454545455 24 83.6190476190476 3.13636363636364 "郊区环境评价点" 116.628 40.328
"怀柔" 20160429 98.75 88.4166666666667 1.1375 31.9583333333333 112.375 14.2916666666667 "郊区环境评价点" 116.628 40.328
"怀柔" 20160901 6.16666666666667 27.5833333333333 0.275 7.22727272727273 42.2272727272727 2.33333333333333 "郊区环境评价点" 116.628 40.328
"怀柔" 20160109 39.25 48.875 0.965217391304348 37.2173913043478 13.8260869565217 9.5 "郊区环境评价点" 116.628 40.328
"怀柔" 20160704 124.416666666667 135.875 1.25416666666667 19.1666666666667 133.458333333333 5.75 "郊区环境评价点" 116.628 40.328
"怀柔" 20160308 8.11111111111111 32.1428571428571 0.427777777777778 6.22222222222222 66.4444444444444 2.05555555555556 "郊区环境评价点" 116.628 40.328
"怀柔" 20161113 82.8333333333333 97.7083333333333 1.67916666666667 51.0416666666667 7.45833333333333 6.58333333333333 "郊区环境评价点" 116.628 40.328
"怀柔" 20160315 116.7 104.1 1.465 53.0526315789474 19 27.3 "郊区环境评价点" 116.628 40.328
"怀柔" 20160922 80.125 90.25 0.8875 15.5 65.375 11.625 "郊区环境评价点" 116.628 40.328
"怀柔" 20160725 31.8 72.8571428571429 0.894736842105263 8.8125 40.3333333333333 3.26315789473684 "郊区环境评价点" 116.628 40.328
"怀柔" 20160130 48.9166666666667 95.75 1.35 31.625 20.7083333333333 12.5416666666667 "郊区环境评价点" 116.628 40.328
"怀柔" 20161112 71.125 79.1666666666667 1.18260869565217 46.8636363636364 14.9166666666667 5.95652173913043 "郊区环境评价点" 116.628 40.328
"怀柔" 20160801 42.9166666666667 47.625 0.929166666666667 11.4583333333333 77.5833333333333 2.54166666666667 "郊区环境评价点" 116.628 40.328
"怀柔" 20160610 51.2083333333333 105.583333333333 0.825 11.1666666666667 117.125 2.04166666666667 "郊区环境评价点" 116.628 40.328
"怀柔" 20160412 54.625 73.25 0.629166666666667 20.0869565217391 40.5 3.375 "郊区环境评价点" 116.628 40.328
"怀柔" 20160213 6.91304347826087 90.695652173913 0.417391304347826 5.17391304347826 46.6086956521739 2 "郊区环境评价点" 116.628 40.328
"怀柔" 20160404 96.7 86 0.73 34.8 86.3 10.4 "郊区环境评价点" 116.628 40.328
"怀柔" 20160822 70.9583333333333 93.9583333333333 1.075 19.6086956521739 113.666666666667 5.08333333333333 "郊区环境评价点" 116.628 40.328
"怀柔" 20160829 12.695652173913 28.1739130434783 0.339130434782609 7.30434782608696 58.5652173913044 2.65217391304348 "郊区环境评价点" 116.628 40.328
"怀柔" 20160106 20.5217391304348 39.7826086956522 0.630434782608696 24.6086956521739 23.7391304347826 2.95652173913043 "郊区环境评价点" 116.628 40.328
"怀柔" 20160701 12.2916666666667 30.1666666666667 0.341666666666667 13.4782608695652 53.125 2 "郊区环境评价点" 116.628 40.328
"怀柔" 20160305 39.0416666666667 253.375 0.370833333333333 7.65217391304348 62.125 2.625 "郊区环境评价点" 116.628 40.328
"怀柔" 20161125 93.875 106.416666666667 1.75833333333333 65.1666666666667 5.41666666666667 9.625 "郊区环境评价点" 116.628 40.328
"怀柔" 20160715 31.2916666666667 53.8333333333333 0.670833333333333 9.34782608695652 61.7083333333333 2 "郊区环境评价点" 116.628 40.328
"怀柔" 20160312 85.5 67.8333333333333 1.55833333333333 50.4166666666667 17.0833333333333 28.2083333333333 "郊区环境评价点" 116.628 40.328
"怀柔" 20160410 49.5416666666667 156.166666666667 0.691666666666667 28.7826086956522 53.2916666666667 10.375 "郊区环境评价点" 116.628 40.328
"怀柔" 20160319 51.125 101.083333333333 0.904166666666667 35.1304347826087 39.2916666666667 12.2083333333333 "郊区环境评价点" 116.628 40.328
"怀柔" 20161025 87.0454545454545 99.8333333333333 1.23333333333333 58.8695652173913 4.17391304347826 2.91666666666667 "郊区环境评价点" 116.628 40.328
"怀柔" 20161010 80.6666666666667 73 0.883333333333333 49.0416666666667 10.304347826087 9.91666666666667 "郊区环境评价点" 116.628 40.328
"怀柔" 20160607 41.9583333333333 81.0416666666667 0.691666666666667 19.6521739130435 103.333333333333 2.45833333333333 "郊区环境评价点" 116.628 40.328
"怀柔" 20160409 46.9166666666667 97.375 0.604166666666667 25.0416666666667 47.3333333333333 7.91666666666667 "郊区环境评价点" 116.628 40.328
"怀柔" 20160210 72.5 83.4166666666667 1.51666666666667 26.6521739130435 27.4166666666667 21.4583333333333 "郊区环境评价点" 116.628 40.328
"怀柔" 20161024 52.3333333333333 46.4166666666667 0.691666666666667 41.875 9.125 3.08333333333333 "郊区环境评价点" 116.628 40.328
"怀柔" 20161215 18.0833333333333 37.9166666666667 NA 30.125 34.7083333333333 4.25 "郊区环境评价点" 116.628 40.328
"怀柔" 20160423 19.4166666666667 56.7916666666667 0.291666666666667 18.2916666666667 61.7916666666667 3.16666666666667 "郊区环境评价点" 116.628 40.328
"怀柔" 20160310 6.69565217391304 24.3913043478261 0.209090909090909 4.34782608695652 65.2608695652174 2.39130434782609 "郊区环境评价点" 116.628 40.328
"怀柔" 20160430 111.75 169.458333333333 1.08333333333333 21.695652173913 149.25 7.08333333333333 "郊区环境评价点" 116.628 40.328
"怀柔" 20160902 6.875 26.6666666666667 0.35 6.15789473684211 7.04347826086957 2 "郊区环境评价点" 116.628 40.328
"怀柔" 20160110 29.9166666666667 54.3913043478261 0.658333333333333 26.4583333333333 26.9166666666667 8.29166666666667 "郊区环境评价点" 116.628 40.328
"怀柔" 20160705 86.1666666666667 129.5 0.983333333333333 20.1739130434783 123.583333333333 6.29166666666667 "郊区环境评价点" 116.628 40.328
"怀柔" 20160309 8.39130434782609 20.7619047619048 0.391304347826087 9.22727272727273 53.9565217391304 3.30434782608696 "郊区环境评价点" 116.628 40.328
"怀柔" 20161114 39.8636363636364 106.166666666667 0.68695652173913 16 42.6666666666667 2 "郊区环境评价点" 116.628 40.328
"怀柔" 20160316 232.565217391304 227.173913043478 2.03478260869565 72.7391304347826 30.3913043478261 26.9565217391304 "郊区环境评价点" 116.628 40.328
"怀柔" 20160923 127.5 136.681818181818 1.06363636363636 21.5714285714286 113.045454545455 5.81818181818182 "郊区环境评价点" 116.628 40.328
"怀柔" 20160726 14.4347826086957 34.5217391304348 0.904347826086957 11.4347826086957 69.1739130434783 4.47826086956522 "郊区环境评价点" 116.628 40.328
"怀柔" 20160131 21.5 38.9166666666667 0.745833333333333 23.5652173913043 28.7916666666667 5.73913043478261 "郊区环境评价点" 116.628 40.328
"怀柔" 20160406 112.428571428571 112.565217391304 2.00833333333333 48.2608695652174 38.75 21.3333333333333 "郊区环境评价点" 116.628 40.328
"怀柔" 20160802 31.5454545454545 57.45 0.690909090909091 9.19047619047619 69 2.27272727272727 "郊区环境评价点" 116.628 40.328
"怀柔" 20160611 8 43.9583333333333 0.3375 13 60.2083333333333 2 "郊区环境评价点" 116.628 40.328
"怀柔" 20160413 123.875 131.5 1.0625 39.875 42.3333333333333 4.58333333333333 "郊区环境评价点" 116.628 40.328
"怀柔" 20160214 5.83333333333333 15.9166666666667 0.316666666666667 4.73913043478261 49.1666666666667 2.125 "郊区环境评价点" 116.628 40.328
"怀柔" 20160405 100.708333333333 125.791666666667 1.11666666666667 30.125 74.3333333333333 16.4166666666667 "郊区环境评价点" 116.628 40.328
"怀柔" 20160823 69.6666666666667 88.2916666666667 1.01666666666667 28.4583333333333 64.375 7.375 "郊区环境评价点" 116.628 40.328
"怀柔" 20160830 19.75 38.5416666666667 0.45 9.34782608695652 85.5 2.54166666666667 "郊区环境评价点" 116.628 40.328
"怀柔" 20160107 16.7916666666667 24.9130434782609 0.5625 20.0434782608696 29.5 4.16666666666667 "郊区环境评价点" 116.628 40.328
"怀柔" 20160702 36.625 59.1666666666667 0.579166666666667 17.9583333333333 109.083333333333 2.16666666666667 "郊区环境评价点" 116.628 40.328
"怀柔" 20160306 56.5416666666667 96.5 1.19583333333333 34.5416666666667 22.5 15.625 "郊区环境评价点" 116.628 40.328
"怀柔" 20161126 169.416666666667 177.916666666667 2.39583333333333 84.304347826087 8.08333333333333 10.6666666666667 "郊区环境评价点" 116.628 40.328
"怀柔" 20160716 22 33.125 0.6125 9.33333333333333 31.5416666666667 2 "郊区环境评价点" 116.628 40.328
"怀柔" 20160313 49.6666666666667 112 0.9375 31.5652173913043 39.7916666666667 7.91666666666667 "郊区环境评价点" 116.628 40.328
"怀柔" 20161203 154.541666666667 107.666666666667 2.10416666666667 75.375 6.95833333333333 12 "郊区环境评价点" 116.628 40.328
"怀柔" 20160320 64 88.6666666666667 0.95 43.5 33.8333333333333 5.58333333333333 "郊区环境评价点" 116.628 40.328
"怀柔" 20161026 34.4285714285714 91.2105263157895 0.609523809523809 39.8571428571429 34.6666666666667 2.85714285714286 "郊区环境评价点" 116.628 40.328
"怀柔" 20161011 115.958333333333 143.625 1.2125 39.3478260869565 23.1666666666667 7.75 "郊区环境评价点" 116.628 40.328
"怀柔" 20160608 84.0833333333333 96.6666666666667 0.941666666666667 27.75 119.75 2.25 "郊区环境评价点" 116.628 40.328
"怀柔" 20160204 16.2083333333333 34.625 0.420833333333333 15.6086956521739 40.7391304347826 5.83333333333333 "郊区环境评价点" 116.628 40.328
"怀柔" 20160211 157.208333333333 146.083333333333 3.10833333333333 53.4166666666667 5.625 40.0416666666667 "郊区环境评价点" 116.628 40.328
"怀柔" 20160226 34.3529411764706 46.6666666666667 0.816666666666667 25.7826086956522 46.0833333333333 10.8260869565217 "郊区环境评价点" 116.628 40.328
"怀柔" 20161216 30.1666666666667 32.125 NA 38.3913043478261 23.5833333333333 7 "郊区环境评价点" 116.628 40.328
"怀柔" 20160424 69.375 73.2083333333333 0.85 38 58.4166666666667 19.2083333333333 "郊区环境评价点" 116.628 40.328
"怀柔" 20160311 19.125 42.7916666666667 0.5625 22 44.125 4.58333333333333 "郊区环境评价点" 116.628 40.328
"怀柔" 20160501 165.608695652174 170.695652173913 1.99130434782609 21.1304347826087 168.391304347826 18.695652173913 "郊区环境评价点" 116.628 40.328
"怀柔" 20160903 13.5 27.5833333333333 0.379166666666667 13.6363636363636 41.7826086956522 2 "郊区环境评价点" 116.628 40.328
"怀柔" 20160111 11.9583333333333 28.875 0.420833333333333 13.3913043478261 41.4583333333333 2.54166666666667 "郊区环境评价点" 116.628 40.328
"怀柔" 20160706 82.7916666666667 116.666666666667 0.895833333333333 19.9583333333333 153.041666666667 3.5 "郊区环境评价点" 116.628 40.328
"怀柔" 20160202 26.7826086956522 28.9565217391304 0.734782608695652 29.6363636363636 23.6086956521739 8.56521739130435 "郊区环境评价点" 116.628 40.328
"怀柔" 20161115 30.8333333333333 33.625 0.845833333333333 34.25 24.4166666666667 8.41666666666667 "郊区环境评价点" 116.628 40.328
"怀柔" 20160317 279.5 319.5 2 61.4347826086956 47.6666666666667 24.875 "郊区环境评价点" 116.628 40.328
"怀柔" 20160924 83.875 122.416666666667 0.8125 20.4583333333333 110.416666666667 5.75 "郊区环境评价点" 116.628 40.328
"怀柔" 20160727 33.75 60.9583333333333 0.616666666666667 17.0434782608696 112.791666666667 2.5 "郊区环境评价点" 116.628 40.328
"怀柔" 20160201 16.8333333333333 34.6666666666667 0.545833333333333 20.0833333333333 33.9166666666667 3.54166666666667 "郊区环境评价点" 116.628 40.328
"怀柔" 20160407 85.4166666666667 189.75 1.6875 19.9583333333333 53.0416666666667 3.25 "郊区环境评价点" 116.628 40.328
"怀柔" 20160803 32.6666666666667 51.3888888888889 0.628571428571429 11.4285714285714 86.8571428571429 2 "郊区环境评价点" 116.628 40.328
"怀柔" 20160612 64.75 74.5416666666667 1.13333333333333 20.3333333333333 136.5 7.29166666666667 "郊区环境评价点" 116.628 40.328
"怀柔" 20160414 30.8260869565217 104.772727272727 0.317391304347826 15.9545454545455 73 2.82608695652174 "郊区环境评价点" 116.628 40.328
"怀柔" 20160215 6.25 17.75 0.258333333333333 7.125 44.3333333333333 2 "郊区环境评价点" 116.628 40.328
"怀柔" 20161029 24.375 26.1666666666667 0.5125 31.1304347826087 34.4583333333333 3.125 "郊区环境评价点" 116.628 40.328
"怀柔" 20160824 66 88.7916666666667 0.841666666666667 18.8695652173913 102.833333333333 2.20833333333333 "郊区环境评价点" 116.628 40.328
"怀柔" 20160222 79.125 131.782608695652 0.958333333333333 25.0869565217391 41.2083333333333 11.5833333333333 "郊区环境评价点" 116.628 40.328
"怀柔" 20160207 30.5416666666667 44.3333333333333 0.6125 18.7083333333333 2 9.66666666666667 "郊区环境评价点" 116.628 40.328
"怀柔" 20161227 21.2916666666667 29.7916666666667 0.6625 30.125 35.9583333333333 4.29166666666667 "郊区环境评价点" 116.628 40.328
"怀柔" 20160229 27 31.8333333333333 0.920833333333333 21.5833333333333 52 7.04166666666667 "郊区环境评价点" 116.628 40.328
"怀柔" 20161127 34.4583333333333 147 0.75 27.9166666666667 30.2916666666667 3.25 "郊区环境评价点" 116.628 40.328
"怀柔" 20161219 115.208333333333 157.625 3.76666666666667 51.625 14.25 7.70833333333333 "郊区环境评价点" 116.628 40.328
"怀柔" 20160206 20.6666666666667 21.5 0.545454545454545 16.0909090909091 34 5.40909090909091 "郊区环境评价点" 116.628 40.328
"怀柔" 20161204 176.666666666667 254.166666666667 2.14166666666667 64.4347826086957 9.125 7.75 "郊区环境评价点" 116.628 40.328
"怀柔" 20160321 101 96.9166666666667 0.975 47.8260869565217 48.9090909090909 13.2916666666667 "郊区环境评价点" 116.628 40.328
"怀柔" 20161027 23.125 59.125 0.708333333333333 28.6521739130435 26.75 4.83333333333333 "郊区环境评价点" 116.628 40.328
"怀柔" 20161218 150.375 188.791666666667 NA 60.4782608695652 10.9583333333333 10.1666666666667 "郊区环境评价点" 116.628 40.328
"怀柔" 20160205 6.95833333333333 22.2916666666667 0.2 3.95833333333333 56.0416666666667 2.16666666666667 "郊区环境评价点" 116.628 40.328
"怀柔" 20160328 57.25 66.1666666666667 0.695833333333333 41.9166666666667 30.9583333333333 10.9583333333333 "郊区环境评价点" 116.628 40.328
"怀柔" 20160503 25.6363636363636 56.75 0.208333333333333 8.41666666666667 67.9583333333333 2 "郊区环境评价点" 116.628 40.328
"怀柔" 20160227 23.2916666666667 52 0.533333333333333 20.3333333333333 53.9583333333333 5.375 "郊区环境评价点" 116.628 40.328
"怀柔" 20161217 100.739130434783 82.9565217391304 NA 66.695652173913 8.60869565217391 12.8695652173913 "郊区环境评价点" 116.628 40.328
"怀柔" 20160219 15.4166666666667 23.5833333333333 0.4 10.9166666666667 60.1666666666667 2.875 "郊区环境评价点" 116.628 40.328
"怀柔" 20160613 31.75 73.6666666666667 0.5125 10.5217391304348 90.4583333333333 2.04166666666667 "郊区环境评价点" 116.628 40.328
"怀柔" 20160502 46 145.166666666667 0.358333333333333 7.1304347826087 68.875 2.75 "郊区环境评价点" 116.628 40.328
"怀柔" 20160806 101.173913043478 116.47619047619 0.908695652173913 20 43.9130434782609 2.43478260869565 "郊区环境评价点" 116.628 40.328
"怀柔" 20161209 14.5217391304348 38.8095238095238 0.582608695652174 26.2608695652174 38.8260869565217 3.1304347826087 "郊区环境评价点" 116.628 40.328
"怀柔" 20160729 107.958333333333 95.6666666666667 1.21666666666667 17.3913043478261 119.083333333333 2.16666666666667 "郊区环境评价点" 116.628 40.328
"怀柔" 20160203 31.5 45.3333333333333 0.795833333333333 28.0833333333333 23.7083333333333 12.7916666666667 "郊区环境评价点" 116.628 40.328
"怀柔" 20161116 76.0869565217391 78.0454545454545 1.46363636363636 53.7333333333333 11.4285714285714 7.27272727272727 "郊区环境评价点" 116.628 40.328
"怀柔" 20160318 160.333333333333 306.833333333333 1.19166666666667 28.9166666666667 62 6.75 "郊区环境评价点" 116.628 40.328
"怀柔" 20160925 126.875 167.291666666667 1.2125 20.9565217391304 67.6666666666667 4.20833333333333 "郊区环境评价点" 116.628 40.328
"怀柔" 20160728 34.8695652173913 69.3478260869565 0.495652173913044 17.1739130434783 117.086956521739 2.1304347826087 "郊区环境评价点" 116.628 40.328
"怀柔" 20160217 42.0454545454545 30.625 0.9375 29.625 21.2608695652174 7.875 "郊区环境评价点" 116.628 40.328
"怀柔" 20160408 14.4166666666667 52.0833333333333 0.483333333333333 19 62 2.66666666666667 "郊区环境评价点" 116.628 40.328
"怀柔" 20160804 102.818181818182 85 1.33636363636364 15.3809523809524 79.5454545454545 2 "郊区环境评价点" 116.628 40.328
"怀柔" 20160322 84.75 144.75 0.791304347826087 31.4782608695652 50.3478260869565 17.3478260869565 "郊区环境评价点" 116.628 40.328
"怀柔" 20160415 43.2083333333333 59.7083333333333 0.820833333333333 40.2916666666667 40.375 11.9166666666667 "郊区环境评价点" 116.628 40.328
"怀柔" 20160216 9.625 43.5833333333333 0.383333333333333 12.3913043478261 20.4583333333333 2.375 "郊区环境评价点" 116.628 40.328
"怀柔" 20161030 35.25 65.2916666666667 0.516666666666667 29.75 38.0833333333333 5.79166666666667 "郊区环境评价点" 116.628 40.328
"怀柔" 20160825 23.8260869565217 74.8260869565217 0.395652173913043 10.5652173913043 46.2608695652174 2 "郊区环境评价点" 116.628 40.328
"怀柔" 20160223 13.5454545454545 49.1666666666667 0.425 3.70833333333333 77.4166666666667 2.08333333333333 "郊区环境评价点" 116.628 40.328
"怀柔" 20160208 120.416666666667 149.458333333333 0.654166666666667 15.1739130434783 2 25.7916666666667 "郊区环境评价点" 116.628 40.328
"怀柔" 20161228 55.6086956521739 69.8260869565217 1.085 34.8947368421053 24.3157894736842 4.95 "郊区环境评价点" 116.628 40.328
"怀柔" 20160301 104.041666666667 88.4166666666667 1.75833333333333 61.9565217391304 17.4583333333333 19.4583333333333 "郊区环境评价点" 116.628 40.328
"怀柔" 20161128 31.375 43.3333333333333 0.904545454545455 35.4545454545455 16.6666666666667 5.5 "郊区环境评价点" 116.628 40.328
"怀柔" 20161220 309.916666666667 258 6.72083333333333 100.826086956522 4.16666666666667 3.66666666666667 "郊区环境评价点" 116.628 40.328
"怀柔" 20160421 77.4090909090909 90.8181818181818 0.672727272727273 26.1818181818182 67.8636363636364 6.95454545454545 "郊区环境评价点" 116.628 40.328
"怀柔" 20161205 49.7826086956522 153.913043478261 0.9375 27.625 35.1666666666667 3.91666666666667 "郊区环境评价点" 116.628 40.328
"怀柔" 20160730 106.714285714286 174.5 1.70952380952381 20.2857142857143 37.8095238095238 2 "郊区环境评价点" 116.628 40.328
"怀柔" 20161028 8.04166666666667 32.2083333333333 0.320833333333333 11.625 49.4583333333333 2 "郊区环境评价点" 116.628 40.328
"怀柔" 20161202 44.875 41.7916666666667 1.03333333333333 39.3913043478261 18.625 5.91666666666667 "郊区环境评价点" 116.628 40.328
"怀柔" 20160221 75.5714285714286 56.625 0.95 36.4583333333333 27.1666666666667 17.125 "郊区环境评价点" 116.628 40.328
"怀柔" 20160329 11.0833333333333 66.2272727272727 0.375 15.4090909090909 53.5416666666667 2.25 "郊区环境评价点" 116.628 40.328
"怀柔" 20160504 44.875 64.5833333333333 0.283333333333333 20.304347826087 71.75 2.66666666666667 "郊区环境评价点" 116.628 40.328
"怀柔" 20160228 31.5 49.6666666666667 0.7625 16.0869565217391 51.875 4.75 "郊区环境评价点" 116.628 40.328
"怀柔" 20161201 16.125 56.2916666666667 0.525 24.4583333333333 43.2916666666667 3 "郊区环境评价点" 116.628 40.328
"怀柔" 20160220 25.6818181818182 24.4347826086957 0.404166666666667 10.695652173913 55.1666666666667 3.29166666666667 "郊区环境评价点" 116.628 40.328
"怀柔" 20161208 67.5 140.652173913043 1.29166666666667 36.3913043478261 38.625 3.625 "郊区环境评价点" 116.628 40.328
"怀柔" 20160416 25.125 63.6666666666667 0.254166666666667 7.39130434782609 53.625 2 "郊区环境评价点" 116.628 40.328
"怀柔" 20161225 138.230769230769 159.769230769231 2.15384615384615 83 2.15384615384615 23.3076923076923 "郊区环境评价点" 116.628 40.328
"怀柔" 20160325 11.6363636363636 22.7619047619048 0.354545454545455 11 64.9545454545455 2.22727272727273 "郊区环境评价点" 116.628 40.328
"怀柔" 20161222 114.833333333333 357.416666666667 2.25833333333333 37.0434782608696 45.2916666666667 2.70833333333333 "郊区环境评价点" 116.628 40.328
"怀柔" 20160224 18.7619047619048 23.1666666666667 0.395454545454545 11.7619047619048 48.4545454545455 4.40909090909091 "郊区环境评价点" 116.628 40.328
"怀柔" 20160209 37.6666666666667 52.875 0.733333333333333 24.875 22.3333333333333 9.58333333333333 "郊区环境评价点" 116.628 40.328
"怀柔" 20161224 80.4166666666667 60.0833333333333 1.5125 59.1739130434783 7.625 10.7916666666667 "郊区环境评价点" 116.628 40.328
"怀柔" 20160324 8.5 24.375 0.233333333333333 9.54166666666667 63.9583333333333 2.16666666666667 "郊区环境评价点" 116.628 40.328
"怀柔" 20160417 16.8260869565217 36.1 0.204347826086957 4.39130434782609 77.7826086956522 2 "郊区环境评价点" 116.628 40.328
"怀柔" 20160218 17.4583333333333 54.0833333333333 0.375 7.47826086956522 66.6666666666667 3.625 "郊区环境评价点" 116.628 40.328
"怀柔" 20160422 37.9583333333333 115.875 0.204166666666667 6.17391304347826 81.25 2 "郊区环境评价点" 116.628 40.328
"怀柔" 20160805 63.125 114.583333333333 0.658333333333333 14.5 52.6666666666667 2.04166666666667 "郊区环境评价点" 116.628 40.328
"怀柔" 20160323 6.95833333333333 69.875 0.208695652173913 4.80952380952381 70.3478260869565 2.30434782608696 "郊区环境评价点" 116.628 40.328
"怀柔" 20160101 136.25 116.166666666667 1.95 57.8260869565217 4.75 14.5833333333333 "郊区环境评价点" 116.628 40.328
"怀柔" 20160303 238.041666666667 205.708333333333 2.63333333333333 63.0434782608696 31.6666666666667 33.5 "郊区环境评价点" 116.628 40.328
"怀柔" 20160302 126.916666666667 164 1.65833333333333 68.0416666666667 26.9583333333333 18.75 "郊区环境评价点" 116.628 40.328
"怀柔" 20160330 21.4583333333333 40.6666666666667 0.5 20.5 59.5416666666667 5.54166666666667 "郊区环境评价点" 116.628 40.328
"怀柔" 20160418 11.15 28.1666666666667 0.275 11.2 67.2 2 "郊区环境评价点" 116.628 40.328
"怀柔" 20161221 364.666666666667 387.958333333333 7.21666666666667 122.695652173913 4.20833333333333 7.04166666666667 "郊区环境评价点" 116.628 40.328
"怀柔" 20161226 36.6666666666667 123.666666666667 0.679166666666667 30.2608695652174 48.25 7.04166666666667 "郊区环境评价点" 116.628 40.328
"怀柔" 20160420 43.1904761904762 67.5625 0.552380952380952 27.1052631578947 65 4.66666666666667 "郊区环境评价点" 116.628 40.328
"怀柔" 20161129 67.9583333333333 68.5833333333333 1.6875 51.9166666666667 4 14.7083333333333 "郊区环境评价点" 116.628 40.328
"怀柔" 20160225 33.7368421052632 38.7916666666667 0.366666666666667 21.2916666666667 36.9166666666667 6.54166666666667 "郊区环境评价点" 116.628 40.328
"怀柔" 20160402 6 37.2083333333333 0.270833333333333 6.95652173913043 61.8333333333333 2 "郊区环境评价点" 116.628 40.328
"怀柔" 20161206 47.6666666666667 46.1666666666667 1.225 53.7826086956522 15.6666666666667 10.3333333333333 "郊区环境评价点" 116.628 40.328
"怀柔" 20160419 57.3157894736842 63.3529411764706 1.15263157894737 49.5789473684211 25.2777777777778 18.3157894736842 "郊区环境评价点" 116.628 40.328
"怀柔" 20161130 80.7916666666667 117 1.5 48.5217391304348 25.3333333333333 5.5 "郊区环境评价点" 116.628 40.328
"怀柔" 20160403 17.1176470588235 33.5294117647059 0.305882352941176 12.3529411764706 48.2941176470588 2 "郊区环境评价点" 116.628 40.328
"怀柔" 20160327 17.9565217391304 33.2083333333333 0.475 23.8260869565217 44.9166666666667 3 "郊区环境评价点" 116.628 40.328
"怀柔" 20161207 98.4761904761905 99.0476190476191 1.97619047619048 75 7.04761904761905 14 "郊区环境评价点" 116.628 40.328
"怀柔" 20160401 48.2727272727273 163.666666666667 0.479166666666667 16.7083333333333 46.7916666666667 5.5 "郊区环境评价点" 116.628 40.328
"怀柔" 20160331 146.916666666667 106.75 1.325 51.0434782608696 59.2916666666667 27.5 "郊区环境评价点" 116.628 40.328
"怀柔" 20160102 215.791666666667 234.478260869565 2.725 72.8333333333333 5.16666666666667 19.9166666666667 "郊区环境评价点" 116.628 40.328
"怀柔" 20160326 9.20833333333333 26.5833333333333 0.375 11.125 58.8333333333333 2.20833333333333 "郊区环境评价点" 116.628 40.328
"怀柔" 20161223 23.2777777777778 63.6875 0.677777777777778 28 39.7777777777778 3.27777777777778 "郊区环境评价点" 116.628 40.328
