"永乐店" 20160609 54.1904761904762 169 1.05238095238095 24.952380952381 144.380952380952 7.47619047619048 "对照点及区域点" 116.783 39.712
"永乐店" 20160524 28.875 69.0416666666667 0.4875 32.8333333333333 77.2083333333333 3.45833333333333 "对照点及区域点" 116.783 39.712
"永乐店" 20160526 42.0416666666667 67.5 0.4 40.2083333333333 75.2916666666667 2.45833333333333 "对照点及区域点" 116.783 39.712
"永乐店" 20160525 24.6666666666667 57.5416666666667 0.35 34.4583333333333 84.75 2.125 "对照点及区域点" 116.783 39.712
"永乐店" 20160508 64.375 75.1666666666667 0.8 36.75 91.8333333333333 18.5833333333333 "对照点及区域点" 116.783 39.712
"永乐店" 20160829 31.2083333333333 53.875 0.520833333333333 52.0869565217391 56.75 6.8695652173913 "对照点及区域点" 116.783 39.712
"永乐店" 20160507 46.4166666666667 83.5416666666667 0.279166666666667 36.2916666666667 69 4.75 "对照点及区域点" 116.783 39.712
"永乐店" 20161105 136.083333333333 158.434782608696 3 100.666666666667 23.2083333333333 6.79166666666667 "对照点及区域点" 116.783 39.712
"永乐店" 20160527 69.3181818181818 85 0.875 55.9565217391304 94.2173913043478 18.1666666666667 "对照点及区域点" 116.783 39.712
"永乐店" 20161001 165.625 197.5 1.475 71.8333333333333 63.5416666666667 17.5833333333333 "对照点及区域点" 116.783 39.712
"永乐店" 20160603 82.0833333333333 96.5 1.2 52 123.083333333333 27.625 "对照点及区域点" 116.783 39.712
"永乐店" 20160606 132 122.375 1.0625 25.75 144.166666666667 14.2083333333333 "对照点及区域点" 116.783 39.712
"永乐店" 20160605 73.6315789473684 106.333333333333 0.741666666666667 27.5833333333333 120.708333333333 15.7083333333333 "对照点及区域点" 116.783 39.712
"永乐店" 20160509 53.625 76.5 0.6125 37.9090909090909 60.4347826086956 9.16666666666667 "对照点及区域点" 116.783 39.712
"永乐店" 20161004 29.625 106 0.816666666666667 34.75 39.5833333333333 4.91666666666667 "对照点及区域点" 116.783 39.712
"永乐店" 20161003 114.333333333333 183.958333333333 0.945833333333333 50.9166666666667 73.8695652173913 8.83333333333333 "对照点及区域点" 116.783 39.712
"永乐店" 20160604 109.869565217391 126.666666666667 1.025 42.7916666666667 139.458333333333 15.75 "对照点及区域点" 116.783 39.712
"永乐店" 20161106 76.5 156.458333333333 0.941666666666667 61.3333333333333 21.25 8.04166666666667 "对照点及区域点" 116.783 39.712
"永乐店" 20161002 204.916666666667 239.375 1.51666666666667 70.875 64.5 13.7083333333333 "对照点及区域点" 116.783 39.712
"永乐店" 20160929 64 63.9166666666667 0.5125 52.5416666666667 44.9166666666667 11.4583333333333 "对照点及区域点" 116.783 39.712
"永乐店" 20160505 50.125 70.625 1.45833333333333 51.2083333333333 64.2083333333333 21.7083333333333 "对照点及区域点" 116.783 39.712
"永乐店" 20160826 15.75 40.375 0.341666666666667 41.9166666666667 43.375 7.91666666666667 "对照点及区域点" 116.783 39.712
"永乐店" 20160123 20 62.8333333333333 0.456521739130435 19.0416666666667 53 3.375 "对照点及区域点" 116.783 39.712
"永乐店" 20160608 184.833333333333 161.625 1.60833333333333 49.4583333333333 114.708333333333 6.75 "对照点及区域点" 116.783 39.712
"永乐店" 20160512 39.8333333333333 112.166666666667 0.6 22.5 60.4583333333333 2.5 "对照点及区域点" 116.783 39.712
"永乐店" 20161102 128.583333333333 130.291666666667 1.82083333333333 79.0833333333333 13.875 24.5 "对照点及区域点" 116.783 39.712
"永乐店" 20161107 56.375 96.5416666666667 0.85 45.5833333333333 29.304347826087 5.08333333333333 "对照点及区域点" 116.783 39.712
"永乐店" 20160610 73.7083333333333 96.9583333333333 0.7875 20.1666666666667 115.166666666667 2.5 "对照点及区域点" 116.783 39.712
"永乐店" 20160607 65.3684210526316 136.583333333333 1.20416666666667 28.5416666666667 87.7727272727273 4.75 "对照点及区域点" 116.783 39.712
"永乐店" 20160827 21.7083333333333 48.625 0.420833333333333 52.0416666666667 47.9583333333333 8.9 "对照点及区域点" 116.783 39.712
"永乐店" 20160528 52.5833333333333 91.25 0.7625 39.0833333333333 120.958333333333 18 "对照点及区域点" 116.783 39.712
"永乐店" 20160124 21.7083333333333 55.625 0.729166666666667 25.7916666666667 58.0416666666667 9.54166666666667 "对照点及区域点" 116.783 39.712
"永乐店" 20160701 67.0416666666667 110.125 1.08333333333333 24.8333333333333 112.125 2.16666666666667 "对照点及区域点" 116.783 39.712
"永乐店" 20161103 233.208333333333 229.708333333333 2.88333333333333 92.7083333333333 6.25 15.8333333333333 "对照点及区域点" 116.783 39.712
"永乐店" 20160725 34.1538461538462 86.8 0.773913043478261 22.2777777777778 76.695652173913 2 "对照点及区域点" 116.783 39.712
"永乐店" 20160831 34.9583333333333 75.2083333333333 0.391666666666667 48.875 57.1666666666667 2.5 "对照点及区域点" 116.783 39.712
"永乐店" 20160224 38.5 48.4583333333333 1.3 56.625 48.5416666666667 10.3333333333333 "对照点及区域点" 116.783 39.712
"永乐店" 20160828 19.2916666666667 48.5833333333333 0.445833333333333 49.1666666666667 47.9583333333333 7.20833333333333 "对照点及区域点" 116.783 39.712
"永乐店" 20161127 150.181818181818 333.583333333333 3.07916666666667 83.2272727272727 39.2916666666667 13.4761904761905 "对照点及区域点" 116.783 39.712
"永乐店" 20161028 13.9166666666667 49.7916666666667 0.383333333333333 40.8260869565217 27.2272727272727 2.83333333333333 "对照点及区域点" 116.783 39.712
"永乐店" 20160830 56.25 83.5416666666667 0.779166666666667 52.0833333333333 110.375 6.125 "对照点及区域点" 116.783 39.712
"永乐店" 20161005 64.375 65.5 1.68333333333333 56.8333333333333 22.625 4.125 "对照点及区域点" 116.783 39.712
"永乐店" 20160506 131.041666666667 171.541666666667 0.283333333333333 19 82.3333333333333 2.29166666666667 "对照点及区域点" 116.783 39.712
"永乐店" 20160511 115.916666666667 111.083333333333 1.12083333333333 29.375 125.625 10.625 "对照点及区域点" 116.783 39.712
"永乐店" 20161027 40.5416666666667 59.6666666666667 1.64166666666667 59.5416666666667 9.83333333333333 19.7916666666667 "对照点及区域点" 116.783 39.712
"永乐店" 20160927 33.7916666666667 76.7083333333333 0.722727272727273 41.1904761904762 35.8 2.58333333333333 "对照点及区域点" 116.783 39.712
"永乐店" 20160513 41.1666666666667 60.125 0.416666666666667 32.875 71.7916666666667 7.41666666666667 "对照点及区域点" 116.783 39.712
"永乐店" 20160121 102.541666666667 161.75 2.55833333333333 72.0416666666667 36.7916666666667 26.7916666666667 "对照点及区域点" 116.783 39.712
"永乐店" 20160510 50.5416666666667 73.625 0.625 40.8333333333333 87.125 5.65217391304348 "对照点及区域点" 116.783 39.712
"永乐店" 20160611 22.875 63.3333333333333 0.354166666666667 28.5416666666667 78.625 2 "对照点及区域点" 116.783 39.712
"永乐店" 20160801 85.9583333333333 113.625 1.97916666666667 39.2916666666667 66.3333333333333 4.16666666666667 "对照点及区域点" 116.783 39.712
"永乐店" 20161117 153.130434782609 236.083333333333 3.46666666666667 90.8260869565217 16.125 43.375 "对照点及区域点" 116.783 39.712
"永乐店" 20160120 184.166666666667 200.958333333333 5.17916666666667 117.916666666667 16.0416666666667 54.625 "对照点及区域点" 116.783 39.712
"永乐店" 20160729 107.5 132.833333333333 1.475 26.375 126.375 2.41666666666667 "对照点及区域点" 116.783 39.712
"永乐店" 20160930 124.875 127.375 0.895833333333333 68.5416666666667 56.875 12.2916666666667 "对照点及区域点" 116.783 39.712
"永乐店" 20161104 119.333333333333 227.791666666667 3.8625 95.3333333333333 3.66666666666667 9.75 "对照点及区域点" 116.783 39.712
"永乐店" 20161010 119.125 102.125 1.2625 68.3913043478261 12.6521739130435 34.4347826086956 "对照点及区域点" 116.783 39.712
"永乐店" 20161101 64.9090909090909 58.5 0.979166666666667 58.7272727272727 22.7083333333333 11.8333333333333 "对照点及区域点" 116.783 39.712
"永乐店" 20160225 34.4583333333333 63.2916666666667 1.09166666666667 55.0416666666667 49.1666666666667 10.9583333333333 "对照点及区域点" 116.783 39.712
"永乐店" 20161118 229.666666666667 229.75 4.6375 102.25 8.08333333333333 43.875 "对照点及区域点" 116.783 39.712
"永乐店" 20160530 140.416666666667 114.333333333333 1.24583333333333 47.25 137.458333333333 19.875 "对照点及区域点" 116.783 39.712
"永乐店" 20161108 52.3333333333333 51.7083333333333 0.945833333333333 48.6666666666667 25.7083333333333 7 "对照点及区域点" 116.783 39.712
"永乐店" 20161031 33 39.6086956521739 0.360869565217391 30.4285714285714 42.6363636363636 2.91304347826087 "对照点及区域点" 116.783 39.712
"永乐店" 20160926 63.375 139.347826086957 1.47083333333333 59.1304347826087 30.0434782608696 4.66666666666667 "对照点及区域点" 116.783 39.712
"永乐店" 20160902 17.4166666666667 47.2083333333333 0.325 39.3333333333333 33.4583333333333 2.625 "对照点及区域点" 116.783 39.712
"永乐店" 20160529 50.9090909090909 80.125 0.583333333333333 40.0833333333333 91.375 4.54166666666667 "对照点及区域点" 116.783 39.712
"永乐店" 20160125 67.4583333333333 54.6666666666667 1.8375 67.4166666666667 35.9583333333333 25.0416666666667 "对照点及区域点" 116.783 39.712
"永乐店" 20160702 58.5416666666667 95.2083333333333 0.916666666666667 32.9166666666667 112.916666666667 2.58333333333333 "对照点及区域点" 116.783 39.712
"永乐店" 20160531 24.5384615384615 141.416666666667 0.641666666666667 23.375 87.1666666666667 8.08333333333333 "对照点及区域点" 116.783 39.712
"永乐店" 20160726 24.5416666666667 60.5 0.741666666666667 22.125 103.458333333333 2.73684210526316 "对照点及区域点" 116.783 39.712
"永乐店" 20160901 11.2083333333333 50.625 0.183333333333333 42.5416666666667 34.0833333333333 2.16666666666667 "对照点及区域点" 116.783 39.712
"永乐店" 20160612 71.125 84.375 1.06666666666667 25.2083333333333 146.166666666667 8.54166666666667 "对照点及区域点" 116.783 39.712
"永乐店" 20160802 51.9090909090909 96.25 1.20454545454545 27.0909090909091 91 2.04545454545455 "对照点及区域点" 116.783 39.712
"永乐店" 20161128 154.545454545455 136.521739130435 3.37826086956522 104.809523809524 22.5 23.9090909090909 "对照点及区域点" 116.783 39.712
"永乐店" 20161029 40.7083333333333 55.75 0.704166666666667 51.4583333333333 20.625 7.75 "对照点及区域点" 116.783 39.712
"永乐店" 20161120 64.7391304347826 107 1.22083333333333 45.75 37.4166666666667 11.2083333333333 "对照点及区域点" 116.783 39.712
"永乐店" 20160515 43.0869565217391 63.875 0.581818181818182 35.4583333333333 39.3333333333333 2.08333333333333 "对照点及区域点" 116.783 39.712
"永乐店" 20160229 33.5416666666667 54.6666666666667 0.875 40.9166666666667 63.8333333333333 9.125 "对照点及区域点" 116.783 39.712
"永乐店" 20160108 35.2727272727273 44.2083333333333 1.14583333333333 41.125 36.7083333333333 14.75 "对照点及区域点" 116.783 39.712
"永乐店" 20160907 47.2142857142857 69 0.671428571428571 26.6428571428571 122.071428571429 6.57142857142857 "对照点及区域点" 116.783 39.712
"永乐店" 20160928 26.5652173913043 47.5 0.233333333333333 33.125 27.5238095238095 3.16666666666667 "对照点及区域点" 116.783 39.712
"永乐店" 20160514 42.1666666666667 58.375 0.491666666666667 27.8333333333333 61.7083333333333 3.125 "对照点及区域点" 116.783 39.712
"永乐店" 20160122 27.6666666666667 101.416666666667 0.616666666666667 25.6666666666667 69 4.95833333333333 "对照点及区域点" 116.783 39.712
"永乐店" 20160731 77.875 118.166666666667 1.94583333333333 23.4166666666667 84.9583333333333 2.625 "对照点及区域点" 116.783 39.712
"永乐店" 20160906 54.7777777777778 77.2352941176471 0.56875 60.5 29.3529411764706 3.72222222222222 "对照点及区域点" 116.783 39.712
"永乐店" 20160602 59.9583333333333 90.9583333333333 0.925 52.8333333333333 127.083333333333 14.625 "对照点及区域点" 116.783 39.712
"永乐店" 20161012 88.625 120.583333333333 1.23333333333333 55.2083333333333 29.0416666666667 12.1304347826087 "对照点及区域点" 116.783 39.712
"永乐店" 20160807 32.3913043478261 82.95 0.826086956521739 17.304347826087 74.6521739130435 2.1304347826087 "对照点及区域点" 116.783 39.712
"永乐店" 20160730 132.85 184.631578947368 1.495 15.6 98.65 2 "对照点及区域点" 116.783 39.712
"永乐店" 20160703 90.375 92.6666666666667 1.1375 36.7083333333333 121.25 5.04166666666667 "对照点及区域点" 116.783 39.712
"永乐店" 20160601 40.6666666666667 72.0833333333333 0.5875 45 81.875 7.33333333333333 "对照点及区域点" 116.783 39.712
"永乐店" 20161011 127.791666666667 190 1.575 50.75 23.3333333333333 4.77272727272727 "对照点及区域点" 116.783 39.712
"永乐店" 20160806 92.8695652173913 111.142857142857 1.07826086956522 21.7826086956522 78.2608695652174 3.78260869565217 "对照点及区域点" 116.783 39.712
"永乐店" 20160226 35.7916666666667 57.0833333333333 0.875 43.2083333333333 61.9166666666667 11.2916666666667 "对照点及区域点" 116.783 39.712
"永乐店" 20161119 132.916666666667 252.916666666667 2.25833333333333 66.0833333333333 42.4166666666667 8.95833333333333 "对照点及区域点" 116.783 39.712
"永乐店" 20160707 106.375 124.166666666667 1.47083333333333 32.0833333333333 125.833333333333 5.33333333333333 "对照点及区域点" 116.783 39.712
"永乐店" 20161109 155.291666666667 146.958333333333 2.44583333333333 85.5 8.27272727272727 19.2083333333333 "对照点及区域点" 116.783 39.712
"永乐店" 20160805 70 105.833333333333 0.8125 23.5416666666667 75.0416666666667 3.66666666666667 "对照点及区域点" 116.783 39.712
"永乐店" 20160516 45.5833333333333 69.2083333333333 0.654166666666667 51.8333333333333 70.2083333333333 5.75 "对照点及区域点" 116.783 39.712
"永乐店" 20160903 20.0416666666667 38.5416666666667 0.383333333333333 31.25 62.8333333333333 2.125 "对照点及区域点" 116.783 39.712
"永乐店" 20160706 69.7083333333333 109.5 1.28333333333333 37.0416666666667 130.375 5.70833333333333 "对照点及区域点" 116.783 39.712
"永乐店" 20160126 36.2916666666667 81.0833333333333 0.991666666666667 48.5416666666667 47.625 14.625 "对照点及区域点" 116.783 39.712
"永乐店" 20160804 114.375 141.083333333333 1.74166666666667 21.4166666666667 103.916666666667 5.45833333333333 "对照点及区域点" 116.783 39.712
"永乐店" 20161130 142.125 182.583333333333 2.47083333333333 82 41.2916666666667 23.8333333333333 "对照点及区域点" 116.783 39.712
"永乐店" 20160727 66.5 79.125 1.03333333333333 29 122.041666666667 4.25 "对照点及区域点" 116.783 39.712
"永乐店" 20160705 95.25 129.541666666667 1.29583333333333 22.75 128.958333333333 5.5 "对照点及区域点" 116.783 39.712
"永乐店" 20160613 57.0833333333333 84.1666666666667 0.833333333333333 34.8333333333333 79.625 3.20833333333333 "对照点及区域点" 116.783 39.712
"永乐店" 20160803 87.1428571428571 106 1.30952380952381 27.5238095238095 133.333333333333 2.61904761904762 "对照点及区域点" 116.783 39.712
"永乐店" 20161129 190.416666666667 276.541666666667 5.55 97.6086956521739 16.625 24.9166666666667 "对照点及区域点" 116.783 39.712
"永乐店" 20161030 104.705882352941 81.875 1.05416666666667 59.7916666666667 19.125 17.875 "对照点及区域点" 116.783 39.712
"永乐店" 20161121 11.7916666666667 59.75 0.2625 17.7083333333333 80.5833333333333 3.16666666666667 "对照点及区域点" 116.783 39.712
"永乐店" 20160704 123.208333333333 168.166666666667 1.54166666666667 29.2083333333333 111.916666666667 7.375 "对照点及区域点" 116.783 39.712
"永乐店" 20160301 111.238095238095 92.2083333333333 1.79166666666667 81.875 37.625 25.4583333333333 "对照点及区域点" 116.783 39.712
"永乐店" 20160109 179.833333333333 150.041666666667 4.04166666666667 88.7916666666667 13.7916666666667 39.7916666666667 "对照点及区域点" 116.783 39.712
"永乐店" 20160908 34.2083333333333 58.7083333333333 0.45 51.4166666666667 55.9583333333333 2.70833333333333 "对照点及区域点" 116.783 39.712
"永乐店" 20160101 318.190476190476 259.541666666667 6.34583333333333 102 14.0833333333333 35.9583333333333 "对照点及区域点" 116.783 39.712
"永乐店" 20160915 160.375 166.5 1.35833333333333 45.7916666666667 89.1666666666667 7.75 "对照点及区域点" 116.783 39.712
"永乐店" 20160520 85.5789473684211 123.473684210526 1.15263157894737 44.9473684210526 133.789473684211 26.3684210526316 "对照点及区域点" 116.783 39.712
"永乐店" 20161006 54.6666666666667 90.9583333333333 1.08333333333333 42.2916666666667 33.25 5.83333333333333 "对照点及区域点" 116.783 39.712
"永乐店" 20160922 127.666666666667 128.458333333333 1.19166666666667 58.375 84.7916666666667 17.4166666666667 "对照点及区域点" 116.783 39.712
"永乐店" 20160130 80.5 101.75 2.24166666666667 79.75 32.25 18.7083333333333 "对照点及区域点" 116.783 39.712
"永乐店" 20161013 169.217391304348 161.208333333333 1.49166666666667 62.2083333333333 37.7083333333333 19.3333333333333 "对照点及区域点" 116.783 39.712
"永乐店" 20160808 39.7222222222222 51.4117647058824 0.983333333333333 19.0588235294118 78.9444444444444 3.88888888888889 "对照点及区域点" 116.783 39.712
"永乐店" 20160412 63.8333333333333 77.0833333333333 0.783333333333333 55.0833333333333 51.7916666666667 9.79166666666667 "对照点及区域点" 116.783 39.712
"永乐店" 20161126 350.791666666667 371.75 5.4625 119.625 15.5 27.0416666666667 "对照点及区域点" 116.783 39.712
"永乐店" 20160220 20.8333333333333 41.2608695652174 0.75 25.7083333333333 77.0833333333333 6.375 "对照点及区域点" 116.783 39.712
"永乐店" 20161218 414.375 473.583333333333 8.94347826086956 131.333333333333 13.375 19.5909090909091 "对照点及区域点" 116.783 39.712
"永乐店" 20160426 62.875 96.375 0.925 36.0909090909091 113.125 11.75 "对照点及区域点" 116.783 39.712
"永乐店" 20160227 47.4583333333333 76.8333333333333 1.24583333333333 59.7916666666667 49.6666666666667 14.2083333333333 "对照点及区域点" 116.783 39.712
"永乐店" 20160905 47.7142857142857 66.25 0.591666666666667 38.4583333333333 86.4583333333333 2.70833333333333 "对照点及区域点" 116.783 39.712
"永乐店" 20160708 76.2083333333333 113.75 1.6 30 90.3333333333333 4.20833333333333 "对照点及区域点" 116.783 39.712
"永乐店" 20161110 153.791666666667 199.083333333333 1.49583333333333 58.7083333333333 16.7083333333333 18.7083333333333 "对照点及区域点" 116.783 39.712
"永乐店" 20160630 96.9166666666667 144.125 1.15833333333333 40.3333333333333 79.375 2 "对照点及区域点" 116.783 39.712
"永乐店" 20160517 72.9166666666667 89.4166666666667 0.833333333333333 45.9166666666667 125.458333333333 17.0833333333333 "对照点及区域点" 116.783 39.712
"永乐店" 20160904 109.285714285714 81.4583333333333 1.19166666666667 36.9166666666667 88.2916666666667 9.375 "对照点及区域点" 116.783 39.712
"永乐店" 20160919 19.625 36.125 0.327272727272727 44.2083333333333 34.875 2.22727272727273 "对照点及区域点" 116.783 39.712
"永乐店" 20160127 203.291666666667 155.583333333333 5.05833333333333 123.208333333333 16.2916666666667 47.2916666666667 "对照点及区域点" 116.783 39.712
"永乐店" 20160629 105.833333333333 98.0416666666667 1.15416666666667 28.3333333333333 79.6666666666667 2 "对照点及区域点" 116.783 39.712
"永乐店" 20161201 38.75 102.666666666667 1.35416666666667 67.8333333333333 44.5833333333333 12.5833333333333 "对照点及区域点" 116.783 39.712
"永乐店" 20160728 69.4583333333333 90.1666666666667 0.8875 33.1666666666667 103.375 2.19047619047619 "对照点及区域点" 116.783 39.712
"永乐店" 20161123 61.5416666666667 43.75 1.1125 68.6521739130435 35.3636363636364 15.4583333333333 "对照点及区域点" 116.783 39.712
"永乐店" 20160614 47.7916666666667 77.4166666666667 0.741666666666667 32.6666666666667 62.9583333333333 2.70833333333333 "对照点及区域点" 116.783 39.712
"永乐店" 20160628 51.6666666666667 77.5416666666667 0.7875 27.75 73.875 2 "对照点及区域点" 116.783 39.712
"永乐店" 20161024 92.0833333333333 89.9166666666667 1.175 55.0416666666667 2 7.45833333333333 "对照点及区域点" 116.783 39.712
"永乐店" 20160621 143.722222222222 163 1.47083333333333 32.5416666666667 125.416666666667 2.29166666666667 "对照点及区域点" 116.783 39.712
"永乐店" 20161122 12.9583333333333 29.2916666666667 0.2875 29.2916666666667 73.875 4.54166666666667 "对照点及区域点" 116.783 39.712
"永乐店" 20160430 174.772727272727 226.083333333333 1.45833333333333 62.2083333333333 118.791666666667 13.2083333333333 "对照点及区域点" 116.783 39.712
"永乐店" 20160302 250 256.086956521739 3.93913043478261 126.173913043478 36.6086956521739 38.7391304347826 "对照点及区域点" 116.783 39.712
"永乐店" 20160110 199.958333333333 289.826086956522 4.85416666666667 68.9166666666667 30.0416666666667 45.2916666666667 "对照点及区域点" 116.783 39.712
"永乐店" 20160909 39.0833333333333 56.9166666666667 0.454166666666667 50.9166666666667 47.2083333333333 3.375 "对照点及区域点" 116.783 39.712
"永乐店" 20160102 551.904761904762 440.695652173913 10.6541666666667 138.25 16.4782608695652 27.375 "对照点及区域点" 116.783 39.712
"永乐店" 20160916 168.208333333333 233.375 1.4375 31.125 91.2380952380952 6.91666666666667 "对照点及区域点" 116.783 39.712
"永乐店" 20160521 75.0833333333333 110.958333333333 1.34545454545455 45.0833333333333 113.291666666667 25.6666666666667 "对照点及区域点" 116.783 39.712
"永乐店" 20161007 55.875 70.375 2.12916666666667 56.5416666666667 8.125 2.66666666666667 "对照点及区域点" 116.783 39.712
"永乐店" 20160923 134.181818181818 182.272727272727 1.10454545454545 51.7272727272727 118.272727272727 5.22727272727273 "对照点及区域点" 116.783 39.712
"永乐店" 20160131 42.875 66.8333333333333 0.904166666666667 37.1304347826087 64.25 10.75 "对照点及区域点" 116.783 39.712
"永乐店" 20161014 143.083333333333 230.833333333333 1.3125 60.1304347826087 19.0454545454545 14.4166666666667 "对照点及区域点" 116.783 39.712
"永乐店" 20160809 76.0666666666667 72.7333333333333 1.78666666666667 26.2 131.333333333333 12.4666666666667 "对照点及区域点" 116.783 39.712
"永乐店" 20160413 154.666666666667 163.125 1.5125 74.0833333333333 55.75 11.6666666666667 "对照点及区域点" 116.783 39.712
"永乐店" 20160625 23.25 52.0416666666667 0.325 37.0416666666667 94.25 2.08333333333333 "对照点及区域点" 116.783 39.712
"永乐店" 20160221 114.166666666667 106.25 2.375 67.7916666666667 46 21.375 "对照点及区域点" 116.783 39.712
"永乐店" 20161219 451 443.583333333333 9.83888888888889 157.25 13.1666666666667 15.7916666666667 "对照点及区域点" 116.783 39.712
"永乐店" 20160427 92.625 103.260869565217 0.95 68.125 62.6666666666667 11.0952380952381 "对照点及区域点" 116.783 39.712
"永乐店" 20160228 42.7916666666667 69.875 1.05833333333333 44.125 60.3333333333333 7.54166666666667 "对照点及区域点" 116.783 39.712
"永乐店" 20160624 25.7272727272727 74.8333333333333 0.716666666666667 43.5 40.1666666666667 8.16666666666667 "对照点及区域点" 116.783 39.712
"永乐店" 20160709 77.5416666666667 97.625 1.12916666666667 27.875 90.7916666666667 2.25 "对照点及区域点" 116.783 39.712
"永乐店" 20161111 162.666666666667 222.291666666667 3.45416666666667 75.2916666666667 3.5 25.125 "对照点及区域点" 116.783 39.712
"永乐店" 20160114 208.458333333333 210.291666666667 6.375 80.1666666666667 27.875 51.7916666666667 "对照点及区域点" 116.783 39.712
"永乐店" 20160518 68.2083333333333 100.541666666667 0.8625 33.125 141.125 10.9583333333333 "对照点及区域点" 116.783 39.712
"永乐店" 20161125 288.75 252.541666666667 5.77083333333333 127.791666666667 11.0833333333333 29.1304347826087 "对照点及区域点" 116.783 39.712
"永乐店" 20160920 35.9583333333333 52.5 0.478260869565217 42.8333333333333 46.7826086956522 3.60869565217391 "对照点及区域点" 116.783 39.712
"永乐店" 20160128 172.04347826087 245.5 3.79166666666667 129.208333333333 18.9166666666667 49.3333333333333 "对照点及区域点" 116.783 39.712
"永乐店" 20160113 60.0416666666667 48.7083333333333 1.76666666666667 61.4583333333333 32.9565217391304 27.8333333333333 "对照点及区域点" 116.783 39.712
"永乐店" 20161202 230.166666666667 163.5 4.67272727272727 124.125 19.8333333333333 37.0952380952381 "对照点及区域点" 116.783 39.712
"永乐店" 20161124 92.8333333333333 103.916666666667 2.35833333333333 92.3333333333333 24.1666666666667 24.875 "对照点及区域点" 116.783 39.712
"永乐店" 20161018 110.409090909091 98.9166666666667 2.52083333333333 73.7391304347826 11.6521739130435 17.3913043478261 "对照点及区域点" 116.783 39.712
"永乐店" 20160615 22.625 47.8333333333333 0.445833333333333 30.5833333333333 91.8333333333333 2 "对照点及区域点" 116.783 39.712
"永乐店" 20160402 9.79166666666667 78.5416666666667 0.233333333333333 28.4166666666667 68.8333333333333 2.66666666666667 "对照点及区域点" 116.783 39.712
"永乐店" 20161025 113.166666666667 137.083333333333 1.32916666666667 63.9583333333333 8.16666666666667 10 "对照点及区域点" 116.783 39.712
"永乐店" 20160622 58.75 120.208333333333 1.0125 24.3333333333333 146.541666666667 2.45833333333333 "对照点及区域点" 116.783 39.712
"永乐店" 20161017 71.3333333333333 118.5 0.916666666666667 45.875 41.375 4.58333333333333 "对照点及区域点" 116.783 39.712
"永乐店" 20160501 154.875 207.875 2.30833333333333 30.9565217391304 144.833333333333 32.1666666666667 "对照点及区域点" 116.783 39.712
"永乐店" 20160303 307.291666666667 291.458333333333 3.18333333333333 110.75 32.0416666666667 37.0416666666667 "对照点及区域点" 116.783 39.712
"永乐店" 20160111 27.5833333333333 98.9166666666667 0.775 34.8333333333333 54.2083333333333 11.25 "对照点及区域点" 116.783 39.712
"永乐店" 20160910 47.625 64.5 0.770833333333333 40.25 79.625 6.83333333333333 "对照点及区域点" 116.783 39.712
"永乐店" 20160103 205.416666666667 398 2.75833333333333 57.75 17.5833333333333 13.5416666666667 "对照点及区域点" 116.783 39.712
"永乐店" 20160917 38.8333333333333 118.666666666667 0.829166666666667 39.375 38.5 3.70833333333333 "对照点及区域点" 116.783 39.712
"永乐店" 20160522 74.6666666666667 100.291666666667 1.02083333333333 60.1739130434783 109.772727272727 17.0833333333333 "对照点及区域点" 116.783 39.712
"永乐店" 20161008 25.0454545454545 53.0416666666667 0.245833333333333 25.375 45.1363636363636 2.33333333333333 "对照点及区域点" 116.783 39.712
"永乐店" 20160924 159.125 190.416666666667 1.10416666666667 61.375 97.875 7.375 "对照点及区域点" 116.783 39.712
"永乐店" 20160201 43.875 83.75 1.53333333333333 59.1666666666667 49.0416666666667 13.25 "对照点及区域点" 116.783 39.712
"永乐店" 20161015 136.217391304348 161.086956521739 1.43913043478261 84.1304347826087 2 5.82608695652174 "对照点及区域点" 116.783 39.712
"永乐店" 20160810 91.7727272727273 120.6 0.995454545454545 26.4545454545455 81.7272727272727 4.27272727272727 "对照点及区域点" 116.783 39.712
"永乐店" 20160414 29.3913043478261 123.772727272727 0.295652173913043 36.4782608695652 77.3913043478261 3.39130434782609 "对照点及区域点" 116.783 39.712
"永乐店" 20160626 50.625 74.5416666666667 0.645833333333333 54.9583333333333 119.958333333333 9.58333333333333 "对照点及区域点" 116.783 39.712
"永乐店" 20160222 82.7916666666667 136.739130434783 1.9125 62.8333333333333 50.9166666666667 15.4166666666667 "对照点及区域点" 116.783 39.712
"永乐店" 20161220 275.458333333333 391.260869565217 8.15416666666667 152 22.4583333333333 6.04166666666667 "对照点及区域点" 116.783 39.712
"永乐店" 20160428 98.8333333333333 140.958333333333 1.05 65.125 87.7916666666667 13.5416666666667 "对照点及区域点" 116.783 39.712
"永乐店" 20160824 104.666666666667 117.5 1.18333333333333 47.9583333333333 77.5 10.9166666666667 "对照点及区域点" 116.783 39.712
"永乐店" 20161227 88.2916666666667 116.291666666667 2.8875 71.7083333333333 24.9090909090909 11.25 "对照点及区域点" 116.783 39.712
"永乐店" 20160710 73.3913043478261 111.782608695652 0.954166666666667 28.25 96.5 2.08333333333333 "对照点及区域点" 116.783 39.712
"永乐店" 20161112 96.0416666666667 170.541666666667 2.2375 72.9583333333333 19.8333333333333 23.5416666666667 "对照点及区域点" 116.783 39.712
"永乐店" 20160115 245.208333333333 281.458333333333 5.5375 93 18.9166666666667 66.5416666666667 "对照点及区域点" 116.783 39.712
"永乐店" 20160519 85.75 117.416666666667 1.01666666666667 43.125 175.041666666667 17.5 "对照点及区域点" 116.783 39.712
"永乐店" 20160107 19.8695652173913 52.1818181818182 0.730434782608696 34.9130434782609 41.3478260869565 12.2173913043478 "对照点及区域点" 116.783 39.712
"永乐店" 20160921 84.2083333333333 82.4583333333333 1.4 69.0909090909091 43.75 10.0909090909091 "对照点及区域点" 116.783 39.712
"永乐店" 20160129 65.875 162.833333333333 2.0125 70.125 41.375 25.375 "对照点及区域点" 116.783 39.712
"永乐店" 20160404 76.1666666666667 81.1666666666667 0.704166666666667 46.0434782608696 75.3333333333333 17.375 "对照点及区域点" 116.783 39.712
"永乐店" 20161203 433.4375 340.041666666667 8.65416666666667 170 8.25 29.4166666666667 "对照点及区域点" 116.783 39.712
"永乐店" 20160106 72.625 114.791666666667 2.14166666666667 46.4166666666667 36.25 18.2916666666667 "对照点及区域点" 116.783 39.712
"永乐店" 20161019 197.375 201.208333333333 2.57083333333333 69.2916666666667 26.375 14.75 "对照点及区域点" 116.783 39.712
"永乐店" 20160616 38.2083333333333 64.875 0.4875 50.1666666666667 95.7083333333333 3.04166666666667 "对照点及区域点" 116.783 39.712
"永乐店" 20160403 15.3684210526316 64.7916666666667 0.291666666666667 39.2916666666667 57.75 3 "对照点及区域点" 116.783 39.712
"永乐店" 20161026 60.1904761904762 131.894736842105 1.24285714285714 46.1 18.5238095238095 7.47619047619048 "对照点及区域点" 116.783 39.712
"永乐店" 20160623 77.5333333333333 93.8125 1.84375 45.125 89.25 5.25 "对照点及区域点" 116.783 39.712
"永乐店" 20160105 42.7083333333333 61.75 0.954166666666667 46.25 28.7083333333333 9.54166666666667 "对照点及区域点" 116.783 39.712
"永乐店" 20160502 61.0416666666667 136.041666666667 0.529166666666667 14 81.7916666666667 3.58333333333333 "对照点及区域点" 116.783 39.712
"永乐店" 20160304 278.291666666667 366.916666666667 3.95416666666667 117.958333333333 21.125 38.1666666666667 "对照点及区域点" 116.783 39.712
"永乐店" 20160112 20 46.5217391304348 0.7 30.25 56.3181818181818 12.6666666666667 "对照点及区域点" 116.783 39.712
"永乐店" 20160911 49.0434782608696 74.8695652173913 0.878260869565217 28.1739130434783 78 2.43478260869565 "对照点及区域点" 116.783 39.712
"永乐店" 20160104 109.291666666667 224.826086956522 1.85416666666667 55.2083333333333 26.4166666666667 8.58333333333333 "对照点及区域点" 116.783 39.712
"永乐店" 20160918 26.125 45.6363636363636 0.541666666666667 41.7391304347826 15.2173913043478 2.54166666666667 "对照点及区域点" 116.783 39.712
"永乐店" 20160523 73.0833333333333 101.458333333333 1.17916666666667 54 73.5833333333333 19.125 "对照点及区域点" 116.783 39.712
"永乐店" 20161009 45.125 53.125 0.345833333333333 41.5833333333333 21.0416666666667 2.04166666666667 "对照点及区域点" 116.783 39.712
"永乐店" 20160925 185.5 241.875 1.45833333333333 55.9583333333333 99.25 11.3333333333333 "对照点及区域点" 116.783 39.712
"永乐店" 20160202 47.7083333333333 52.25 1.45 56.4583333333333 51.75 17.125 "对照点及区域点" 116.783 39.712
"永乐店" 20161016 109.708333333333 178.5 1.03333333333333 57.4166666666667 27.375 4.83333333333333 "对照点及区域点" 116.783 39.712
"永乐店" 20160811 79.0416666666667 106.958333333333 0.979166666666667 23.8333333333333 78.625 6 "对照点及区域点" 116.783 39.712
"永乐店" 20160415 63.2916666666667 70.0416666666667 1.41666666666667 75.3333333333333 46.125 22.5 "对照点及区域点" 116.783 39.712
"永乐店" 20160627 71.5909090909091 85.8260869565217 1.15 46 76.9565217391304 11.2173913043478 "对照点及区域点" 116.783 39.712
"永乐店" 20160223 12 54.9166666666667 0.445833333333333 25.7916666666667 74.0833333333333 4.75 "对照点及区域点" 116.783 39.712
"永乐店" 20161221 303.416666666667 333.875 7.6125 147.708333333333 15.7083333333333 11.8333333333333 "对照点及区域点" 116.783 39.712
"永乐店" 20160429 117.958333333333 114.083333333333 1.14583333333333 48.1304347826087 121.695652173913 25.8333333333333 "对照点及区域点" 116.783 39.712
"永乐店" 20160825 34.7083333333333 105.541666666667 0.5875 36.4166666666667 41.3333333333333 9.375 "对照点及区域点" 116.783 39.712
"永乐店" 20161228 84.0416666666667 124.541666666667 1.525 72.4761904761905 26.875 13.5416666666667 "对照点及区域点" 116.783 39.712
"永乐店" 20160711 20.125 66.125 0.8125 31 95.625 2.26086956521739 "对照点及区域点" 116.783 39.712
"永乐店" 20161113 134.954545454545 124.208333333333 3.575 83.125 2.16666666666667 36.0416666666667 "对照点及区域点" 116.783 39.712
"永乐店" 20160116 133.708333333333 217.666666666667 2.82916666666667 69.7916666666667 6.75 40.4583333333333 "对照点及区域点" 116.783 39.712
"永乐店" 20160322 102.583333333333 165.666666666667 1.54166666666667 89.3333333333333 39.25 22.4166666666667 "对照点及区域点" 116.783 39.712
"永乐店" 20160315 119.75 121 1.22 54 61 21.5 "对照点及区域点" 116.783 39.712
"永乐店" 20161021 58.7083333333333 81.4583333333333 0.75 54.0416666666667 10.7916666666667 3.33333333333333 "对照点及区域点" 116.783 39.712
"永乐店" 20160329 15.75 113.272727272727 0.3 32.3333333333333 71.6666666666667 4.41666666666667 "对照点及区域点" 116.783 39.712
"永乐店" 20160405 91.625 120.041666666667 0.9375 52.3333333333333 82.5 17.5 "对照点及区域点" 116.783 39.712
"永乐店" 20161204 427.875 489.083333333333 7.95 140 10.5416666666667 20 "对照点及区域点" 116.783 39.712
"永乐店" 20160206 43.25 47.75 1.08333333333333 29.5833333333333 73.4166666666667 14.125 "对照点及区域点" 116.783 39.712
"永乐店" 20161020 87.5416666666667 209.5 1.45833333333333 59.2916666666667 22.5652173913043 12.2916666666667 "对照点及区域点" 116.783 39.712
"永乐店" 20160617 40.875 68.2916666666667 0.533333333333333 52.375 85.6666666666667 5.45833333333333 "对照点及区域点" 116.783 39.712
"永乐店" 20160419 75.3684210526316 77.9411764705882 1.56315789473684 75.6111111111111 39.6315789473684 18.8421052631579 "对照点及区域点" 116.783 39.712
"永乐店" 20160321 137.083333333333 152.125 1.45 86.875 50.2857142857143 20.5 "对照点及区域点" 116.783 39.712
"永乐店" 20160822 77.1666666666667 106.916666666667 1.5625 38 110.458333333333 9.66666666666667 "对照点及区域点" 116.783 39.712
"永乐店" 20161225 258.923076923077 283.461538461538 5.38461538461539 125 4.61538461538461 33.75 "对照点及区域点" 116.783 39.712
"永乐店" 20160503 39.2083333333333 69.0833333333333 0.247826086956522 25.3333333333333 67.75 2.125 "对照点及区域点" 116.783 39.712
"永乐店" 20160305 84.125 250.583333333333 0.975 52.4583333333333 53.1666666666667 8.75 "对照点及区域点" 116.783 39.712
"永乐店" 20160320 76.8333333333333 84.4583333333333 1.21666666666667 70.3333333333333 55.6666666666667 11.875 "对照点及区域点" 116.783 39.712
"永乐店" 20160912 44.75 61.25 0.616666666666667 37.0833333333333 59.9545454545455 2.58333333333333 "对照点及区域点" 116.783 39.712
"永乐店" 20160312 121.708333333333 98.8333333333333 2.3304347826087 118.380952380952 25 32.4545454545455 "对照点及区域点" 116.783 39.712
"永乐店" 20160410 45.125 164.125 0.816666666666667 55.0416666666667 70.5 11.5833333333333 "对照点及区域点" 116.783 39.712
"永乐店" 20160326 27.25 62 0.466666666666667 55.875 52.1666666666667 5.20833333333333 "对照点及区域点" 116.783 39.712
"永乐店" 20160319 83.6521739130435 157.75 1.2 49.5416666666667 68.9166666666667 14.4583333333333 "对照点及区域点" 116.783 39.712
"永乐店" 20160424 67.4166666666667 72.6666666666667 0.7 50.5833333333333 80.2916666666667 16.5416666666667 "对照点及区域点" 116.783 39.712
"永乐店" 20160203 127.541666666667 143.708333333333 5.29565217391304 97.1666666666667 26.1739130434783 29.9583333333333 "对照点及区域点" 116.783 39.712
"永乐店" 20160409 65.5833333333333 128.833333333333 0.6625 49.7083333333333 74.75 13.4583333333333 "对照点及区域点" 116.783 39.712
"永乐店" 20160812 83.9333333333333 110.923076923077 1.16 28.6666666666667 47.6666666666667 5.6 "对照点及区域点" 116.783 39.712
"永乐店" 20160416 20.5 75.7083333333333 0.308333333333333 34.5416666666667 61.5833333333333 3.45833333333333 "对照点及区域点" 116.783 39.712
"永乐店" 20160423 22.5416666666667 75.3333333333333 0.304166666666667 41 64.3333333333333 3.79166666666667 "对照点及区域点" 116.783 39.712
"永乐店" 20160819 33.1666666666667 71.7857142857143 1.44615384615385 36.7692307692308 33.2307692307692 19.6153846153846 "对照点及区域点" 116.783 39.712
"永乐店" 20161222 107.913043478261 290.541666666667 3.2625 66.7083333333333 56.4583333333333 8.33333333333333 "对照点及区域点" 116.783 39.712
"永乐店" 20160118 25.0909090909091 88 0.5375 26.1666666666667 71.5833333333333 5.58333333333333 "对照点及区域点" 116.783 39.712
"永乐店" 20160324 13.25 32.25 0.295833333333333 40.1363636363636 60.9583333333333 2.58333333333333 "对照点及区域点" 116.783 39.712
"永乐店" 20160317 253.666666666667 295.75 1.9875 104.375 51.2083333333333 31.1666666666667 "对照点及区域点" 116.783 39.712
"永乐店" 20160712 62.625 83.5833333333333 1.07916666666667 36.7083333333333 47.1666666666667 2.20833333333333 "对照点及区域点" 116.783 39.712
"永乐店" 20161114 83.9166666666667 188.625 2.12083333333333 52.695652173913 30 9.5 "对照点及区域点" 116.783 39.712
"永乐店" 20160117 47.4583333333333 121.333333333333 0.904166666666667 31.7083333333333 41.3636363636364 10.4166666666667 "对照点及区域点" 116.783 39.712
"永乐店" 20160323 21.375 89.375 0.529166666666667 42.0833333333333 58.1666666666667 4.375 "对照点及区域点" 116.783 39.712
"永乐店" 20160316 231.333333333333 228.541666666667 1.63333333333333 77.0869565217391 57.3333333333333 25.5416666666667 "对照点及区域点" 116.783 39.712
"永乐店" 20161022 32.5 65.0416666666667 0.5625 39 14.9166666666667 3.20833333333333 "对照点及区域点" 116.783 39.712
"永乐店" 20160330 38.55 68.0833333333333 0.620833333333333 47.9166666666667 70.4166666666667 10.875 "对照点及区域点" 116.783 39.712
"永乐店" 20160406 117.958333333333 116.086956521739 2.11666666666667 68.75 57 29.375 "对照点及区域点" 116.783 39.712
"永乐店" 20161205 143.318181818182 355.565217391304 3.52083333333333 78.2173913043478 43.5 8.125 "对照点及区域点" 116.783 39.712
"永乐店" 20160207 144.833333333333 146.875 3.43333333333333 42.9583333333333 64.375 29.7916666666667 "对照点及区域点" 116.783 39.712
"永乐店" 20160418 15.95 52.7777777777778 0.235 28.15 76.45 2.1 "对照点及区域点" 116.783 39.712
"永乐店" 20160618 46.8333333333333 77.4166666666667 0.858333333333333 45.5416666666667 110.5 5.91666666666667 "对照点及区域点" 116.783 39.712
"永乐店" 20160420 46.8571428571429 79.9375 0.552380952380952 41.0952380952381 76.1428571428571 7.38095238095238 "对照点及区域点" 116.783 39.712
"永乐店" 20160214 7.29166666666667 34.4166666666667 0.2875 15.25 94.4166666666667 2.29166666666667 "对照点及区域点" 116.783 39.712
"永乐店" 20160823 75.8333333333333 98.5 1.3375 50.4166666666667 76.7083333333333 10.3333333333333 "对照点及区域点" 116.783 39.712
"永乐店" 20161226 107.541666666667 235.75 2.62608695652174 80.5 24.1818181818182 22.7826086956522 "对照点及区域点" 116.783 39.712
"永乐店" 20160504 55 96.1666666666667 0.520833333333333 51.4583333333333 65.0833333333333 7.79166666666667 "对照点及区域点" 116.783 39.712
"永乐店" 20160306 135.375 169 2.81666666666667 119.208333333333 11.4583333333333 37.3333333333333 "对照点及区域点" 116.783 39.712
"永乐店" 20160213 17.875 157.75 0.704166666666667 29.625 65.7083333333333 4.54166666666667 "对照点及区域点" 116.783 39.712
"永乐店" 20160913 85.2727272727273 88.75 0.957894736842105 37.25 73.2083333333333 4.95833333333333 "对照点及区域点" 116.783 39.712
"永乐店" 20160313 53.5 142.333333333333 1.1875 64.4166666666667 56.7083333333333 11.1666666666667 "对照点及区域点" 116.783 39.712
"永乐店" 20160411 32.1304347826087 93.9473684210526 0.426086956521739 47.6086956521739 76.6086956521739 7.08695652173913 "对照点及区域点" 116.783 39.712
"永乐店" 20160327 22.875 60.7083333333333 0.475 56.7916666666667 52.375 6 "对照点及区域点" 116.783 39.712
"永乐店" 20161115 79.5833333333333 78.3333333333333 2.3625 76.5652173913043 12.4782608695652 20.75 "对照点及区域点" 116.783 39.712
"永乐店" 20160425 68.9166666666667 91.375 0.716666666666667 29.2083333333333 117.625 10.5 "对照点及区域点" 116.783 39.712
"永乐店" 20160204 35.9166666666667 90.125 1.1625 43.1666666666667 57.9583333333333 14.4166666666667 "对照点及区域点" 116.783 39.712
"永乐店" 20161224 177.125 126.625 4.15833333333333 99.5833333333333 13.125 31.0833333333333 "对照点及区域点" 116.783 39.712
"永乐店" 20160813 33.4583333333333 48.125 0.975 48.0833333333333 14.4166666666667 3.16666666666667 "对照点及区域点" 116.783 39.712
"永乐店" 20160417 15.2916666666667 52.8571428571429 0.2125 27.2916666666667 75.875 2 "对照点及区域点" 116.783 39.712
"永乐店" 20160211 176.166666666667 212.583333333333 3.62083333333333 71.7826086956522 20.0833333333333 39.1666666666667 "对照点及区域点" 116.783 39.712
"永乐店" 20160820 38.875 58.3333333333333 1.27083333333333 37.375 75.0416666666667 9.25 "对照点及区域点" 116.783 39.712
"永乐店" 20161223 35.3333333333333 56 1.15 63.8333333333333 37.3888888888889 11.3125 "对照点及区域点" 116.783 39.712
"永乐店" 20160119 72.8333333333333 75.375 2.15416666666667 67.875 34.8333333333333 16.5 "对照点及区域点" 116.783 39.712
"永乐店" 20160325 38.8636363636364 60.3333333333333 1.33684210526316 66.0454545454545 45.7727272727273 14.45 "对照点及区域点" 116.783 39.712
"永乐店" 20160318 203.291666666667 324.75 1.82916666666667 103.833333333333 43.375 15.3333333333333 "对照点及区域点" 116.783 39.712
"永乐店" 20160713 39.7083333333333 73.7083333333333 0.808333333333333 32.2083333333333 97.3333333333333 2.79166666666667 "对照点及区域点" 116.783 39.712
"永乐店" 20160718 166.117647058824 240.625 1.00833333333333 36.1818181818182 93.9583333333333 5.875 "对照点及区域点" 116.783 39.712
"永乐店" 20160408 28.5 67.4444444444444 0.4 23.6666666666667 91.5555555555556 9 "对照点及区域点" 116.783 39.712
"永乐店" 20161207 218 318.782608695652 4.40869565217391 114.869565217391 23.9565217391304 26.6521739130435 "对照点及区域点" 116.783 39.712
"永乐店" 20160209 98.2916666666667 151.666666666667 3.85833333333333 39.375 60.9166666666667 27.5 "对照点及区域点" 116.783 39.712
"永乐店" 20161023 45.2083333333333 53.25 0.479166666666667 43.5 19.5416666666667 3.95833333333333 "对照点及区域点" 116.783 39.712
"永乐店" 20160331 127.291666666667 127.333333333333 1.20833333333333 65.6666666666667 73.7916666666667 25.625 "对照点及区域点" 116.783 39.712
"永乐店" 20160407 97.2352941176471 184.058823529412 0.964705882352941 79 39.7058823529412 7.35294117647059 "对照点及区域点" 116.783 39.712
"永乐店" 20161206 211.041666666667 142.125 4.14166666666667 120.833333333333 21.7916666666667 26.2083333333333 "对照点及区域点" 116.783 39.712
"永乐店" 20160208 259.541666666667 315.583333333333 2.05 38.625 67.4166666666667 40.125 "对照点及区域点" 116.783 39.712
"永乐店" 20160724 73.0526315789474 133.777777777778 0.8625 16.625 82.1666666666667 3.625 "对照点及区域点" 116.783 39.712
"永乐店" 20160619 76.625 100.833333333333 0.8125 44.5833333333333 152.208333333333 7.33333333333333 "对照点及区域点" 116.783 39.712
"永乐店" 20160421 111.058823529412 96.2941176470588 1.00588235294118 67.1764705882353 59.7058823529412 10.1764705882353 "对照点及区域点" 116.783 39.712
"永乐店" 20160215 11.5416666666667 32.75 0.5625 22.4166666666667 79.7083333333333 5.08333333333333 "对照点及区域点" 116.783 39.712
"永乐店" 20160814 32.3333333333333 63.4583333333333 0.725 38.5833333333333 73.375 2 "对照点及区域点" 116.783 39.712
"永乐店" 20160723 124.958333333333 117.416666666667 1.4625 27.875 76.125 2 "对照点及区域点" 116.783 39.712
"永乐店" 20160212 218.5 238.25 4.3 72.2916666666667 28.5416666666667 21.5833333333333 "对照点及区域点" 116.783 39.712
"永乐店" 20160307 60.25 169.958333333333 1.80416666666667 66.375 48.0416666666667 12.625 "对照点及区域点" 116.783 39.712
"永乐店" 20161212 277.631578947368 340.789473684211 4.55263157894737 114.888888888889 6.94736842105263 49.7894736842105 "对照点及区域点" 116.783 39.712
"永乐店" 20160914 98.6666666666667 125.791666666667 1.05714285714286 41.6521739130435 76.7727272727273 6.95454545454545 "对照点及区域点" 116.783 39.712
"永乐店" 20160314 85.9565217391304 87.6521739130435 1.19130434782609 66.695652173913 46.7826086956522 15.9565217391304 "对照点及区域点" 116.783 39.712
"永乐店" 20160422 53.9583333333333 127.625 0.275 41.5833333333333 75.5416666666667 2.29166666666667 "对照点及区域点" 116.783 39.712
"永乐店" 20160328 88.3333333333333 87.7083333333333 0.891666666666667 60.0833333333333 64.875 22.5833333333333 "对照点及区域点" 116.783 39.712
"永乐店" 20161116 156.272727272727 133.272727272727 2.98695652173913 84.3478260869565 15.7826086956522 19.6521739130435 "对照点及区域点" 116.783 39.712
"永乐店" 20160218 28.9583333333333 69.9166666666667 0.991666666666667 37.25 68.875 9 "对照点及区域点" 116.783 39.712
"永乐店" 20160205 17.1666666666667 50.2083333333333 0.654166666666667 22.4583333333333 84.0833333333333 6.625 "对照点及区域点" 116.783 39.712
"永乐店" 20160210 128.916666666667 126 2.96666666666667 55.875 51.4583333333333 44.9166666666667 "对照点及区域点" 116.783 39.712
"永乐店" 20161213 144.833333333333 291.833333333333 3.8 77.8333333333333 29 15.25 "对照点及区域点" 116.783 39.712
"永乐店" 20160401 47.7916666666667 153.458333333333 0.579166666666667 40.6666666666667 59.4583333333333 8.875 "对照点及区域点" 116.783 39.712
"永乐店" 20160217 48.8333333333333 52.3333333333333 1.21666666666667 40.0416666666667 59.125 11.8333333333333 "对照点及区域点" 116.783 39.712
"永乐店" 20160821 66.9583333333333 84.5 1.20833333333333 42.375 113.25 12.0833333333333 "对照点及区域点" 116.783 39.712
"永乐店" 20161217 432.958333333333 398.041666666667 8.07083333333333 144.333333333333 10.3333333333333 34.8333333333333 "对照点及区域点" 116.783 39.712
"永乐店" 20160219 48.2272727272727 61.9583333333333 1.80416666666667 55.8333333333333 50.1666666666667 10.9166666666667 "对照点及区域点" 116.783 39.712
"永乐店" 20160722 50.5416666666667 68.2083333333333 1.0125 19.6086956521739 78.6666666666667 2 "对照点及区域点" 116.783 39.712
"永乐店" 20160717 173.35 166.625 1.41666666666667 31.7916666666667 117 4.58333333333333 "对照点及区域点" 116.783 39.712
"永乐店" 20160714 58.375 68.7083333333333 1.10416666666667 43.0454545454545 95.25 7.20833333333333 "对照点及区域点" 116.783 39.712
"永乐店" 20160719 29.65 93.1666666666667 1.825 35.875 58.8333333333333 4.375 "对照点及区域点" 116.783 39.712
"永乐店" 20161211 284.708333333333 241.434782608696 5.89166666666667 131.541666666667 9.29166666666667 49 "对照点及区域点" 116.783 39.712
"永乐店" 20161208 81.9583333333333 197.086956521739 1.77916666666667 62.5909090909091 46.0454545454545 11.7916666666667 "对照点及区域点" 116.783 39.712
"永乐店" 20160308 17.3888888888889 44.0714285714286 0.433333333333333 26.2222222222222 71 4.5 "对照点及区域点" 116.783 39.712
"永乐店" 20160721 39.5833333333333 37.5 0.9625 20.9583333333333 46.3913043478261 2 "对照点及区域点" 116.783 39.712
"永乐店" 20160815 43.625 67.0833333333333 0.879166666666667 35.5833333333333 54.0416666666667 2 "对照点及区域点" 116.783 39.712
"永乐店" 20161210 118.333333333333 108.708333333333 4.30833333333333 93 19 16 "对照点及区域点" 116.783 39.712
"永乐店" 20160310 20.4166666666667 54.7083333333333 0.595833333333333 35.4166666666667 66.6666666666667 7.25 "对照点及区域点" 116.783 39.712
"永乐店" 20160720 31.25 69.125 0.891666666666667 14.6666666666667 69.9565217391304 2.59090909090909 "对照点及区域点" 116.783 39.712
"永乐店" 20160817 80 70.3333333333333 0.891666666666667 40.6666666666667 52.375 8.125 "对照点及区域点" 116.783 39.712
"永乐店" 20160620 86.7916666666667 116.5 0.916666666666667 28.125 157.25 2.625 "对照点及区域点" 116.783 39.712
"永乐店" 20161209 31.4347826086957 57.3809523809524 0.978260869565217 55.5 48.35 9.73913043478261 "对照点及区域点" 116.783 39.712
"永乐店" 20160216 14.8333333333333 59.7916666666667 0.695833333333333 26.695652173913 72.7916666666667 6.66666666666667 "对照点及区域点" 116.783 39.712
"永乐店" 20160816 34.25 52.625 0.666666666666667 41.25 70 3.41666666666667 "对照点及区域点" 116.783 39.712
"永乐店" 20161216 221.272727272727 139.625 4.27083333333333 112.25 15.9166666666667 35.5 "对照点及区域点" 116.783 39.712
"永乐店" 20160311 43.2916666666667 76.625 1.34166666666667 75.875 43.7083333333333 13.2083333333333 "对照点及区域点" 116.783 39.712
"永乐店" 20160716 87.7083333333333 106.333333333333 0.841666666666667 47.2916666666667 68.5833333333333 3.04166666666667 "对照点及区域点" 116.783 39.712
"永乐店" 20160309 13.75 31.1363636363636 0.495833333333333 31.25 67.7916666666667 5.75 "对照点及区域点" 116.783 39.712
"永乐店" 20161214 25.625 64.5416666666667 0.595833333333333 49.125 60.5416666666667 11.6521739130435 "对照点及区域点" 116.783 39.712
"永乐店" 20161215 55.125 77.8333333333333 1.80833333333333 68.75 38.2083333333333 17.9166666666667 "对照点及区域点" 116.783 39.712
"永乐店" 20160715 77.5 94.4583333333333 0.745833333333333 33.5833333333333 60.5 2 "对照点及区域点" 116.783 39.712
"永乐店" 20160818 75.0416666666667 118.25 1.59166666666667 36.125 16.2916666666667 10.25 "对照点及区域点" 116.783 39.712
