"琉璃河" 20160905 46.9166666666667 75.6666666666667 0.520833333333333 32.5833333333333 94.0833333333333 3.95833333333333 "对照点及区域点" 116 39.58
"琉璃河" 20160505 50.875 66.0833333333333 0.9375 69.625 67.2608695652174 6.125 "对照点及区域点" 116 39.58
"琉璃河" 20160524 21.9583333333333 75.6666666666667 0.3375 28.9166666666667 71.4583333333333 9.5 "对照点及区域点" 116 39.58
"琉璃河" 20160928 13 34.7916666666667 0.229166666666667 30.0909090909091 44.4782608695652 3.625 "对照点及区域点" 116 39.58
"琉璃河" 20160512 31.8636363636364 142.208333333333 0.308333333333333 25.3333333333333 57.7916666666667 4.45833333333333 "对照点及区域点" 116 39.58
"琉璃河" 20160404 69.6363636363636 70 0.334782608695652 59.304347826087 69.4583333333333 18.9166666666667 "对照点及区域点" 116 39.58
"琉璃河" 20160510 44.7916666666667 63.9583333333333 0.225 44.5 90.0833333333333 5.375 "对照点及区域点" 116 39.58
"琉璃河" 20160601 32.6521739130435 76.0434782608696 0.608695652173913 49.2173913043478 90.6521739130435 10.6521739130435 "对照点及区域点" 116 39.58
"琉璃河" 20161210 124.625 129.041666666667 4.46666666666667 76.875 8.125 20.9583333333333 "对照点及区域点" 116 39.58
"琉璃河" 20160929 60.1739130434783 61.6666666666667 0.370833333333333 90.5 37.3333333333333 7.33333333333333 "对照点及区域点" 116 39.58
"琉璃河" 20160405 122.583333333333 140.083333333333 0.654166666666667 60.2916666666667 82.0869565217391 22.25 "对照点及区域点" 116 39.58
"琉璃河" 20160904 62.0833333333333 75.25 0.566666666666667 39.25 66.9130434782609 4.83333333333333 "对照点及区域点" 116 39.58
"琉璃河" 20160828 17.4347826086957 52.2083333333333 0.216666666666667 27.2916666666667 45.6666666666667 3.79166666666667 "对照点及区域点" 116 39.58
"琉璃河" 20160926 52.4583333333333 154 0.770833333333333 35.2173913043478 52.7391304347826 3.66666666666667 "对照点及区域点" 116 39.58
"琉璃河" 20160827 18.125 50.0416666666667 0.643478260869565 33.0833333333333 61.3478260869565 3.70833333333333 "对照点及区域点" 116 39.58
"琉璃河" 20160906 55.1666666666667 68.7647058823529 0.5375 54.8125 50.2857142857143 5.27777777777778 "对照点及区域点" 116 39.58
"琉璃河" 20161119 257.833333333333 198 2.31 90 22.8 20.9 "对照点及区域点" 116 39.58
"琉璃河" 20160829 21.5416666666667 58.625 0.4375 42.1666666666667 60.9565217391304 4.25 "对照点及区域点" 116 39.58
"琉璃河" 20160121 190.791666666667 251.791666666667 3.70833333333333 87.9090909090909 3.47826086956522 44.6666666666667 "对照点及区域点" 116 39.58
"琉璃河" 20160826 13.375 38.875 0.975 29.4583333333333 44.5833333333333 3.20833333333333 "对照点及区域点" 116 39.58
"琉璃河" 20161024 61.1428571428571 87.5833333333333 0.983333333333333 40.0416666666667 2.1304347826087 6.54166666666667 "对照点及区域点" 116 39.58
"琉璃河" 20161212 245.333333333333 318.111111111111 2.93888888888889 130.785714285714 2.11111111111111 48.1111111111111 "对照点及区域点" 116 39.58
"琉璃河" 20161001 173.75 178.583333333333 1.4 198.791666666667 44.25 16.4583333333333 "对照点及区域点" 116 39.58
"琉璃河" 20160507 20.5416666666667 61.25 0.270833333333333 37.9583333333333 84.7826086956522 6.41666666666667 "对照点及区域点" 116 39.58
"琉璃河" 20160509 40.375 72.625 0.245833333333333 44 60.1739130434783 5.41666666666667 "对照点及区域点" 116 39.58
"琉璃河" 20160531 36.9523809523809 95.8095238095238 0.46 30.4761904761905 80.5 11.7142857142857 "对照点及区域点" 116 39.58
"琉璃河" 20161211 262.458333333333 224.95652173913 5.82916666666667 117.75 2.34782608695652 40.3333333333333 "对照点及区域点" 116 39.58
"琉璃河" 20160930 98.9583333333333 112.041666666667 0.670833333333333 128.458333333333 74.1304347826087 8.20833333333333 "对照点及区域点" 116 39.58
"琉璃河" 20160506 52.4166666666667 146.333333333333 0.108333333333333 22.125 84.75 4.29166666666667 "对照点及区域点" 116 39.58
"琉璃河" 20160525 13.625 50.125 0.154166666666667 28.375 70.8260869565217 7.08333333333333 "对照点及区域点" 116 39.58
"琉璃河" 20161213 167.166666666667 279.5 3.80416666666667 75.6363636363636 6.91304347826087 25.0833333333333 "对照点及区域点" 116 39.58
"琉璃河" 20160513 33.2916666666667 56.0416666666667 0.2375 41.5217391304348 67.3478260869565 6.875 "对照点及区域点" 116 39.58
"琉璃河" 20160406 136.875 138.826086956522 1.225 71.7916666666667 55.9583333333333 32.0416666666667 "对照点及区域点" 116 39.58
"琉璃河" 20160527 40.7916666666667 62.8333333333333 0.4 39.125 83.3478260869565 15.9583333333333 "对照点及区域点" 116 39.58
"琉璃河" 20161120 61.9166666666667 187.416666666667 0.6875 48.2083333333333 8.95833333333333 14.4166666666667 "对照点及区域点" 116 39.58
"琉璃河" 20160907 38.1428571428571 72.1666666666667 0.371428571428571 26.3571428571429 103.571428571429 8.28571428571429 "对照点及区域点" 116 39.58
"琉璃河" 20160710 72.75 107.826086956522 0.616666666666667 18.5652173913043 96.7391304347826 8.58333333333333 "对照点及区域点" 116 39.58
"琉璃河" 20160307 39.25 121.791666666667 0.9375 35.6666666666667 52.375 15.5416666666667 "对照点及区域点" 116 39.58
"琉璃河" 20160712 41.4583333333333 90.5416666666667 0.4125 22.375 51.5217391304348 5.29166666666667 "对照点及区域点" 116 39.58
"琉璃河" 20160830 34.3333333333333 77.8333333333333 0.620833333333333 35.4583333333333 99.125 4.70833333333333 "对照点及区域点" 116 39.58
"琉璃河" 20160122 41.5714285714286 137.5 0.5125 22.4166666666667 52.7 16.9583333333333 "对照点及区域点" 116 39.58
"琉璃河" 20160511 156.130434782609 131.583333333333 1.12916666666667 39.5833333333333 112.782608695652 6.16666666666667 "对照点及区域点" 116 39.58
"琉璃河" 20160602 36.2916666666667 82.4583333333333 0.645833333333333 42.8333333333333 113.695652173913 13.9166666666667 "对照点及区域点" 116 39.58
"琉璃河" 20160913 75.9583333333333 75.0416666666667 0.7375 93.9583333333333 22.125 2.95833333333333 "对照点及区域点" 116 39.58
"琉璃河" 20160927 19.2083333333333 57.375 0.478260869565217 28.875 29.2272727272727 6.3 "对照点及区域点" 116 39.58
"琉璃河" 20160609 102.461538461538 182.714285714286 0.85 55.0714285714286 64.5714285714286 8.85714285714286 "对照点及区域点" 116 39.58
"琉璃河" 20161004 47.2083333333333 117.958333333333 0.504166666666667 50.5416666666667 11.3478260869565 5.20833333333333 "对照点及区域点" 116 39.58
"琉璃河" 20161019 197 230.739130434783 1.16521739130435 59.6521739130435 13.6086956521739 8 "对照点及区域点" 116 39.58
"琉璃河" 20160912 34.5 53.625 0.641666666666667 44.5 37.8571428571429 3.58333333333333 "对照点及区域点" 116 39.58
"琉璃河" 20161217 228.916666666667 295.5 4.16666666666667 52.7391304347826 3.04347826086957 30.0833333333333 "对照点及区域点" 116 39.58
"琉璃河" 20160120 230 263.041666666667 6.07083333333333 100.375 2 73.875 "对照点及区域点" 116 39.58
"琉璃河" 20160526 15.8333333333333 46.9583333333333 0.2125 30.875 77.2083333333333 6.5 "对照点及区域点" 116 39.58
"琉璃河" 20160707 94.625 98.875 0.820833333333333 36.3333333333333 111.333333333333 8.5 "对照点及区域点" 116 39.58
"琉璃河" 20160911 25.125 55.5416666666667 0.570833333333333 38.5416666666667 66.5833333333333 3.16666666666667 "对照点及区域点" 116 39.58
"琉璃河" 20160105 127.958333333333 240.25 2.57083333333333 73.0416666666667 2 11.375 "对照点及区域点" 116 39.58
"琉璃河" 20161025 125.714285714286 93.8333333333333 1.21666666666667 49.0416666666667 5.83333333333333 7.75 "对照点及区域点" 116 39.58
"琉璃河" 20160516 17.2608695652174 52.4583333333333 0.160869565217391 34.3913043478261 66.4583333333333 7.39130434782609 "对照点及区域点" 116 39.58
"琉璃河" 20161002 172.666666666667 229.291666666667 1.04166666666667 142.125 50.7826086956522 8.375 "对照点及区域点" 116 39.58
"琉璃河" 20160508 55.7083333333333 72.5833333333333 0.6 47.5416666666667 78.2083333333333 7.95833333333333 "对照点及区域点" 116 39.58
"琉璃河" 20161123 166.444444444444 103.217391304348 2.81739130434783 75.0909090909091 12.0454545454545 24.4347826086957 "对照点及区域点" 116 39.58
"琉璃河" 20160713 26.375 69.7916666666667 0.383333333333333 29.9166666666667 86.3333333333333 4.08333333333333 "对照点及区域点" 116 39.58
"琉璃河" 20160515 43.375 64.0416666666667 0.295833333333333 33.0416666666667 43.8260869565217 5.625 "对照点及区域点" 116 39.58
"琉璃河" 20160408 20.9166666666667 68.0833333333333 0.1125 27.8333333333333 74.375 11.2916666666667 "对照点及区域点" 116 39.58
"琉璃河" 20160529 38.3913043478261 67.2916666666667 0.3125 39.6666666666667 87.5652173913043 8.45833333333333 "对照点及区域点" 116 39.58
"琉璃河" 20161003 134.208333333333 212.208333333333 0.75 122.304347826087 47.5 6.66666666666667 "对照点及区域点" 116 39.58
"琉璃河" 20161214 73.7083333333333 132 1.35416666666667 59.9166666666667 19.5 23.7083333333333 "对照点及区域点" 116 39.58
"琉璃河" 20160514 40.1666666666667 59.9166666666667 0.3625 31.3333333333333 57.375 7.16666666666667 "对照点及区域点" 116 39.58
"琉璃河" 20160407 92.625 202.458333333333 0.470833333333333 47.0833333333333 60.0434782608696 9.25 "对照点及区域点" 116 39.58
"琉璃河" 20160528 41.7083333333333 73.7916666666667 0.491666666666667 32.4166666666667 107.916666666667 16.7083333333333 "对照点及区域点" 116 39.58
"琉璃河" 20161121 10 44.8333333333333 0.166666666666667 17.2083333333333 50.9130434782609 6 "对照点及区域点" 116 39.58
"琉璃河" 20160908 20.9166666666667 60.625 0.279166666666667 30.1666666666667 73.1304347826087 3.66666666666667 "对照点及区域点" 116 39.58
"琉璃河" 20160711 78.8333333333333 94.25 0.429166666666667 24.2173913043478 84.375 10.1666666666667 "对照点及区域点" 116 39.58
"琉璃河" 20160308 27.5555555555556 33.2142857142857 0.477777777777778 20.3888888888889 67.8888888888889 11.6111111111111 "对照点及区域点" 116 39.58
"琉璃河" 20161029 28.1666666666667 49.0416666666667 0.2375 35.5416666666667 24.125 7.33333333333333 "对照点及区域点" 116 39.58
"琉璃河" 20160831 26.8333333333333 67.625 0.404166666666667 28.7916666666667 58.7826086956522 3.875 "对照点及区域点" 116 39.58
"琉璃河" 20160123 24.6666666666667 46.2916666666667 0.55 23.0833333333333 46.5 11.9166666666667 "对照点及区域点" 116 39.58
"琉璃河" 20161006 86.8888888888889 90.6666666666667 1.04444444444444 26.2222222222222 2 4.55555555555556 "对照点及区域点" 116 39.58
"琉璃河" 20160603 79.8333333333333 93.0833333333333 0.958333333333333 69.2916666666667 98.0416666666667 18.75 "对照点及区域点" 116 39.58
"琉璃河" 20160914 90.3333333333333 114.083333333333 0.725 82.2916666666667 50.4736842105263 3.41666666666667 "对照点及区域点" 116 39.58
"琉璃河" 20160717 72.2083333333333 80.6666666666667 0.6875 27.1666666666667 84.75 4.20833333333333 "对照点及区域点" 116 39.58
"琉璃河" 20160610 42.3333333333333 98.1764705882353 0.570588235294118 34.7647058823529 85.6875 7.11111111111111 "对照点及区域点" 116 39.58
"琉璃河" 20161005 55.2916666666667 59.4166666666667 0.8125 21.7916666666667 26.2916666666667 4.33333333333333 "对照点及区域点" 116 39.58
"琉璃河" 20161020 125.166666666667 236.708333333333 0.954166666666667 55.5 17.0869565217391 7.33333333333333 "对照点及区域点" 116 39.58
"琉璃河" 20161126 415.4 389.75 4.99166666666667 132.25 2.875 43.1666666666667 "对照点及区域点" 116 39.58
"琉璃河" 20161218 321.625 329.166666666667 6.95 70.7619047619048 4 26.5833333333333 "对照点及区域点" 116 39.58
"琉璃河" 20161027 49.7916666666667 72.5833333333333 0.466666666666667 22.5416666666667 2.54166666666667 5.79166666666667 "对照点及区域点" 116 39.58
"琉璃河" 20160411 40.7391304347826 86.1578947368421 0.530434782608696 30.6363636363636 77.2727272727273 14 "对照点及区域点" 116 39.58
"琉璃河" 20160708 78.6190476190476 112.125 0.715789473684211 31.7826086956522 76.9545454545455 6.52173913043478 "对照点及区域点" 116 39.58
"琉璃河" 20160305 139.291666666667 300.083333333333 1.44166666666667 57.375 39.3333333333333 20.625 "对照点及区域点" 116 39.58
"琉璃河" 20160106 174.458333333333 205.833333333333 4.02916666666667 74.125 2 13.25 "对照点及区域点" 116 39.58
"琉璃河" 20161026 69.3157894736842 135.473684210526 0.6 30.9411764705882 14 8.14285714285714 "对照点及区域点" 116 39.58
"琉璃河" 20160517 53.875 78.875 0.545833333333333 36.9166666666667 115.739130434783 19.9583333333333 "对照点及区域点" 116 39.58
"琉璃河" 20161117 100.458333333333 144 1.7625 74.5 2.60869565217391 20.1666666666667 "对照点及区域点" 116 39.58
"琉璃河" 20160304 306.913043478261 359.739130434783 3.41739130434783 119.217391304348 11.0909090909091 66.6086956521739 "对照点及区域点" 116 39.58
"琉璃河" 20161124 218.333333333333 249.958333333333 4.11666666666667 75.4166666666667 12.5 28.5416666666667 "对照点及区域点" 116 39.58
"琉璃河" 20160714 41.25 67.25 0.704166666666667 30.0416666666667 63.9130434782609 5.16666666666667 "对照点及区域点" 116 39.58
"琉璃河" 20160607 61.4166666666667 108.875 0.641666666666667 21.2916666666667 91.625 6.33333333333333 "对照点及区域点" 116 39.58
"琉璃河" 20160409 66.0833333333333 108.125 0.679166666666667 56.5217391304348 61.7391304347826 18.9583333333333 "对照点及区域点" 116 39.58
"琉璃河" 20160530 87.5833333333333 100.416666666667 0.904166666666667 58.375 130.625 20.4583333333333 "对照点及区域点" 116 39.58
"琉璃河" 20160614 38.8181818181818 68.3333333333333 0.281818181818182 24.2173913043478 64.6190476190476 NA "对照点及区域点" 116 39.58
"琉璃河" 20161215 140.818181818182 145.833333333333 2.97083333333333 49.9130434782609 21.4347826086957 29.7083333333333 "对照点及区域点" 116 39.58
"琉璃河" 20160423 20.125 73.3333333333333 0.141666666666667 42.8333333333333 53 2.41666666666667 "对照点及区域点" 116 39.58
"琉璃河" 20160621 57.1428571428571 80.8666666666667 0.406666666666667 44.6666666666667 36.2 3.26666666666667 "对照点及区域点" 116 39.58
"琉璃河" 20161031 30.3333333333333 54.9090909090909 0.42 22.2 39.3 5 "对照点及区域点" 116 39.58
"琉璃河" 20161122 24.2916666666667 24.3333333333333 0.370833333333333 17.25 53.625 6.5 "对照点及区域点" 116 39.58
"琉璃河" 20160909 26.6666666666667 56.9583333333333 0.329166666666667 37.7083333333333 43.25 4.25 "对照点及区域点" 116 39.58
"琉璃河" 20161107 73.2083333333333 136.958333333333 0.7625 NA 27.2173913043478 7.375 "对照点及区域点" 116 39.58
"琉璃河" 20160309 16.5217391304348 33.0476190476191 0.48695652173913 21.5652173913043 57.8260869565217 11.5217391304348 "对照点及区域点" 116 39.58
"琉璃河" 20161030 50.8695652173913 69.1739130434783 0.673913043478261 57.5652173913044 15.2272727272727 5 "对照点及区域点" 116 39.58
"琉璃河" 20160901 13.4166666666667 52.25 0.308333333333333 30.375 42.25 3.875 "对照点及区域点" 116 39.58
"琉璃河" 20160124 83.875 68.0833333333333 2.00416666666667 40.8333333333333 29.9565217391304 37.4166666666667 "对照点及区域点" 116 39.58
"琉璃河" 20161007 NA NA NA NA NA NA "对照点及区域点" 116 39.58
"琉璃河" 20160604 76.0454545454545 110.583333333333 0.604166666666667 33.125 130.869565217391 19.0833333333333 "对照点及区域点" 116 39.58
"琉璃河" 20160915 101.333333333333 121.333333333333 0.75 39.1666666666667 72.2916666666667 5.66666666666667 "对照点及区域点" 116 39.58
"琉璃河" 20160718 107.291666666667 113.5 0.716666666666667 39.5416666666667 40.695652173913 4.45833333333333 "对照点及区域点" 116 39.58
"琉璃河" 20160611 12 44.2916666666667 0.3 36.6666666666667 66.7916666666667 NA "对照点及区域点" 116 39.58
"琉璃河" 20160413 149.625 155.25 0.608333333333333 69.875 69.5652173913043 15.6666666666667 "对照点及区域点" 116 39.58
"琉璃河" 20161021 78.2916666666667 113.958333333333 0.691666666666667 54.4583333333333 11 5.29166666666667 "对照点及区域点" 116 39.58
"琉璃河" 20161127 171.916666666667 365.333333333333 3.1 59.8695652173913 25.8260869565217 16.25 "对照点及区域点" 116 39.58
"琉璃河" 20161219 377.458333333333 391.458333333333 8.15833333333333 105.5 12.1304347826087 26.5 "对照点及区域点" 116 39.58
"琉璃河" 20161028 31.7619047619048 63.0416666666667 0.447619047619048 19.3809523809524 28.1428571428571 5.58333333333333 "对照点及区域点" 116 39.58
"琉璃河" 20160412 76.0909090909091 84.5416666666667 0.7 55.75 43.6666666666667 13.75 "对照点及区域点" 116 39.58
"琉璃河" 20160709 80.5416666666667 112.666666666667 0.658333333333333 33.1666666666667 80.1666666666667 5.54166666666667 "对照点及区域点" 116 39.58
"琉璃河" 20160306 83.625 136.083333333333 1.78333333333333 82.5 13.1739130434783 35.0416666666667 "对照点及区域点" 116 39.58
"琉璃河" 20160107 85.875 132.434782608696 1.09583333333333 64.4166666666667 2 9.41666666666667 "对照点及区域点" 116 39.58
"琉璃河" 20160716 45.7083333333333 59.8333333333333 0.491666666666667 28.4583333333333 43.9565217391304 3.58333333333333 "对照点及区域点" 116 39.58
"琉璃河" 20160518 64.4583333333333 86.875 0.425 19.6521739130435 115.083333333333 15.8333333333333 "对照点及区域点" 116 39.58
"琉璃河" 20161118 114.416666666667 131.4 2.44285714285714 71.2142857142857 2 26.5 "对照点及区域点" 116 39.58
"琉璃河" 20160723 117.291666666667 109.666666666667 1.04166666666667 22.4166666666667 52.7916666666667 3.75 "对照点及区域点" 116 39.58
"琉璃河" 20161125 244.272727272727 267.375 4.12916666666667 108.833333333333 3.04347826086957 39.375 "对照点及区域点" 116 39.58
"琉璃河" 20160715 35.2916666666667 59.2916666666667 0.3875 28.9583333333333 49.6666666666667 2.66666666666667 "对照点及区域点" 116 39.58
"琉璃河" 20160608 136.333333333333 117.416666666667 1.05833333333333 36.2916666666667 83.6521739130435 8.08333333333333 "对照点及区域点" 116 39.58
"琉璃河" 20160410 49.875 143.833333333333 0.316666666666667 37.7083333333333 70.3333333333333 13.6666666666667 "对照点及区域点" 116 39.58
"琉璃河" 20160722 44.5833333333333 56.0416666666667 0.895833333333333 21.2916666666667 64.3478260869565 3.75 "对照点及区域点" 116 39.58
"琉璃河" 20160615 24.5 46.5833333333333 0.125 27.7826086956522 84.1666666666667 NA "对照点及区域点" 116 39.58
"琉璃河" 20161216 272.958333333333 256 4.51666666666667 45.375 10.3333333333333 37.9166666666667 "对照点及区域点" 116 39.58
"琉璃河" 20160424 73.9583333333333 84.625 0.604347826086956 50.7391304347826 69.375 11.9130434782609 "对照点及区域点" 116 39.58
"琉璃河" 20160622 49.625 81.9166666666667 0.383333333333333 24.1666666666667 100.95652173913 2 "对照点及区域点" 116 39.58
"琉璃河" 20161101 111.375 157.666666666667 1.2875 50.2083333333333 24.4782608695652 7.13636363636364 "对照点及区域点" 116 39.58
"琉璃河" 20160903 30.125 59.9583333333333 0.3375 30 60.7083333333333 3.79166666666667 "对照点及区域点" 116 39.58
"琉璃河" 20160910 23.375 59.5833333333333 0.358333333333333 39.5416666666667 34.2608695652174 4.875 "对照点及区域点" 116 39.58
"琉璃河" 20161108 61.2916666666667 54.625 0.675 NA 27 9.75 "对照点及区域点" 116 39.58
"琉璃河" 20160310 21.875 36.7916666666667 0.583333333333333 19.2916666666667 62 11 "对照点及区域点" 116 39.58
"琉璃河" 20160917 54.25 110.416666666667 0.7875 52.625 39.375 7.54166666666667 "对照点及区域点" 116 39.58
"琉璃河" 20160902 24.9583333333333 60.625 0.329166666666667 41.0833333333333 49.4347826086956 3.75 "对照点及区域点" 116 39.58
"琉璃河" 20160125 237.708333333333 233.125 7.4125 66.375 18.375 44.0833333333333 "对照点及区域点" 116 39.58
"琉璃河" 20161008 11.5 21.3636363636364 0.327272727272727 26.3636363636364 46.9090909090909 25.0909090909091 "对照点及区域点" 116 39.58
"琉璃河" 20160605 77.0416666666667 100.041666666667 0.633333333333333 50.7916666666667 107.208333333333 15.0833333333333 "对照点及区域点" 116 39.58
"琉璃河" 20160916 127.125 170.708333333333 0.941666666666667 38.0833333333333 65.35 5.5 "对照点及区域点" 116 39.58
"琉璃河" 20160719 92.75 144.333333333333 0.883333333333333 41.375 29.4583333333333 4.16666666666667 "对照点及区域点" 116 39.58
"琉璃河" 20160612 52.1666666666667 63.7083333333333 0.483333333333333 53.7391304347826 82.6086956521739 NA "对照点及区域点" 116 39.58
"琉璃河" 20160414 27.7142857142857 127.363636363636 0.152173913043478 33.3478260869565 64.6190476190476 6.91304347826087 "对照点及区域点" 116 39.58
"琉璃河" 20161022 65.25 95.7916666666667 0.470833333333333 35.6666666666667 8.17391304347826 5.91666666666667 "对照点及区域点" 116 39.58
"琉璃河" 20161128 153.583333333333 157.458333333333 3.19583333333333 72.5238095238095 12.5 32.125 "对照点及区域点" 116 39.58
"琉璃河" 20161220 501.291666666667 475.608695652174 8.56666666666667 144.333333333333 2 15.4583333333333 "对照点及区域点" 116 39.58
"琉璃河" 20160626 36.2916666666667 70.1666666666667 0.3625 34.625 105.869565217391 8.20833333333333 "对照点及区域点" 116 39.58
"琉璃河" 20160101 281.416666666667 277.791666666667 4.46666666666667 109.708333333333 2 17.3333333333333 "对照点及区域点" 116 39.58
"琉璃河" 20161105 140.166666666667 196.695652173913 2.8375 283.666666666667 12.7391304347826 9.04166666666667 "对照点及区域点" 116 39.58
"琉璃河" 20160703 82.5 83.375 0.7 48.0833333333333 70.7083333333333 8.54166666666667 "对照点及区域点" 116 39.58
"琉璃河" 20160108 215.625 222.166666666667 4.89166666666667 75.9583333333333 2 14.4583333333333 "对照点及区域点" 116 39.58
"琉璃河" 20161112 109.761904761905 121.857142857143 2.05238095238095 96.75 20.3809523809524 16.5238095238095 "对照点及区域点" 116 39.58
"琉璃河" 20160519 76.25 98.5 0.575 30.7083333333333 134.739130434783 15.8333333333333 "对照点及区域点" 116 39.58
"琉璃河" 20160921 78.4166666666667 76.9583333333333 0.545833333333333 58.875 29.5833333333333 7.58333333333333 "对照点及区域点" 116 39.58
"琉璃河" 20160724 74.0625 140.4375 0.819047619047619 33.5714285714286 50.15 3.61904761904762 "对照点及区域点" 116 39.58
"琉璃河" 20160129 97.0909090909091 171.083333333333 1.89583333333333 57.5 29.25 39.5833333333333 "对照点及区域点" 116 39.58
"琉璃河" 20161012 79.6666666666667 125.125 0.7125 55.375 28.6521739130435 3.54166666666667 "对照点及区域点" 116 39.58
"琉璃河" 20160807 22.6521739130435 73.9 0.382608695652174 19.7391304347826 66.8636363636364 2.69565217391304 "对照点及区域点" 116 39.58
"琉璃河" 20161203 254.25 273.25 5.35 109.833333333333 2.52173913043478 26.2083333333333 "对照点及区域点" 116 39.58
"琉璃河" 20160212 236.04347826087 232.375 3.09166666666667 54.75 15.375 31.1666666666667 "对照点及区域点" 116 39.58
"琉璃河" 20160616 25.1666666666667 57.7083333333333 0.2 46.4166666666667 70.9130434782609 NA "对照点及区域点" 116 39.58
"琉璃河" 20160418 13 34.5555555555556 0.125 19.2 79.15 3.65 "对照点及区域点" 116 39.58
"琉璃河" 20160425 60.9166666666667 100.5 0.55 35.4583333333333 108.521739130435 21 "对照点及区域点" 116 39.58
"琉璃河" 20160623 66.2916666666667 76.7916666666667 0.420833333333333 36.0416666666667 57.375 3.70833333333333 "对照点及区域点" 116 39.58
"琉璃河" 20161102 129.583333333333 139.208333333333 1.60416666666667 69.9166666666667 13.7083333333333 11.9583333333333 "对照点及区域点" 116 39.58
"琉璃河" 20160630 54.625 77.7916666666667 0.391666666666667 27 94.4782608695652 4.375 "对照点及区域点" 116 39.58
"琉璃河" 20160127 230.266666666667 243.875 8.44166666666667 88.0869565217391 21.5 76 "对照点及区域点" 116 39.58
"琉璃河" 20161109 197.375 173.666666666667 2.37916666666667 NA 2.43478260869565 24.2916666666667 "对照点及区域点" 116 39.58
"琉璃河" 20160311 50.1666666666667 61.0833333333333 1.57083333333333 48 34.375 19.4166666666667 "对照点及区域点" 116 39.58
"琉璃河" 20160918 30.2083333333333 58.3181818181818 0.408333333333333 41.2272727272727 16.0434782608696 4 "对照点及区域点" 116 39.58
"琉璃河" 20160721 17.375 21.625 1.2625 26.7083333333333 34.3333333333333 5.16666666666667 "对照点及区域点" 116 39.58
"琉璃河" 20160126 218.666666666667 251.75 7.44166666666667 47.2916666666667 26.9130434782609 53.7083333333333 "对照点及区域点" 116 39.58
"琉璃河" 20161009 20.7083333333333 31.9166666666667 0.483333333333333 41.0869565217391 14.75 20.5454545454545 "对照点及区域点" 116 39.58
"琉璃河" 20160606 96.875 111.875 0.804166666666667 42.7083333333333 118.173913043478 12.25 "对照点及区域点" 116 39.58
"琉璃河" 20161130 215.571428571429 256.809523809524 3.71904761904762 94.1904761904762 5.85 26.2380952380952 "对照点及区域点" 116 39.58
"琉璃河" 20160720 34.6666666666667 91.6190476190476 0.794736842105263 21.0952380952381 44.4 4.09523809523809 "对照点及区域点" 116 39.58
"琉璃河" 20160613 59.5652173913044 76.695652173913 0.373913043478261 40.1304347826087 60.8695652173913 NA "对照点及区域点" 116 39.58
"琉璃河" 20160415 56.5416666666667 75.2083333333333 0.65 59.125 54.8695652173913 18.25 "对照点及区域点" 116 39.58
"琉璃河" 20161023 61.6363636363636 74.0416666666667 0.333333333333333 13 26.75 5.95833333333333 "对照点及区域点" 116 39.58
"琉璃河" 20161129 191.791666666667 222.458333333333 5.04583333333333 106.181818181818 2 37.6666666666667 "对照点及区域点" 116 39.58
"琉璃河" 20161221 431.25 465.458333333333 7.44583333333333 135.954545454545 2.47826086956522 20.25 "对照点及区域点" 116 39.58
"琉璃河" 20160627 61.0416666666667 82.9583333333333 0.559090909090909 41.7916666666667 72.0454545454545 8.25 "对照点及区域点" 116 39.58
"琉璃河" 20160102 434.708333333333 417.304347826087 8.16086956521739 143.5 2 18.7826086956522 "对照点及区域点" 116 39.58
"琉璃河" 20161106 91.3333333333333 165.541666666667 0.633333333333333 NA 30.5416666666667 8.125 "对照点及区域点" 116 39.58
"琉璃河" 20160704 85.625 115.958333333333 0.641666666666667 34 94.4782608695652 5.33333333333333 "对照点及区域点" 116 39.58
"琉璃河" 20160109 284.947368421053 277.083333333333 6.34166666666667 92.7916666666667 2 17.75 "对照点及区域点" 116 39.58
"琉璃河" 20161113 106.833333333333 162.625 1.48333333333333 82 5.08695652173913 19.375 "对照点及区域点" 116 39.58
"琉璃河" 20160520 81.3333333333333 105.916666666667 0.775 65.625 102.916666666667 15.9583333333333 "对照点及区域点" 116 39.58
"琉璃河" 20160922 99.6818181818182 117.208333333333 0.727272727272727 65.4545454545455 44.6521739130435 7.125 "对照点及区域点" 116 39.58
"琉璃河" 20160725 28.6923076923077 72.6 0.518181818181818 17.047619047619 40.1304347826087 3.26086956521739 "对照点及区域点" 116 39.58
"琉璃河" 20160130 121.083333333333 120.958333333333 2.10416666666667 55.25 17.2173913043478 33.375 "对照点及区域点" 116 39.58
"琉璃河" 20161013 135.791666666667 137.583333333333 0.945833333333333 60.1666666666667 37.9583333333333 4.16666666666667 "对照点及区域点" 116 39.58
"琉璃河" 20160808 26.2222222222222 58.4705882352941 0.488888888888889 29.7222222222222 67 3.16666666666667 "对照点及区域点" 116 39.58
"琉璃河" 20161204 373.625 375.208333333333 7.10416666666667 119.416666666667 3.66666666666667 22.625 "对照点及区域点" 116 39.58
"琉璃河" 20160213 11.0909090909091 158.458333333333 0.208333333333333 12.5217391304348 58.0869565217391 10.8333333333333 "对照点及区域点" 116 39.58
"琉璃河" 20160617 29.5833333333333 73.375 0.3875 60 56.7916666666667 NA "对照点及区域点" 116 39.58
"琉璃河" 20160419 74.6315789473684 70.4705882352941 0.684210526315789 72.9473684210526 26.4210526315789 20.3684210526316 "对照点及区域点" 116 39.58
"琉璃河" 20160426 75.25 98.8333333333333 1.00833333333333 52 91.625 23.75 "对照点及区域点" 116 39.58
"琉璃河" 20160624 15 67.1666666666667 0.220833333333333 23.1666666666667 58.304347826087 4.04166666666667 "对照点及区域点" 116 39.58
"琉璃河" 20161103 210.208333333333 225.458333333333 2.68333333333333 118.083333333333 8.43478260869565 14.9583333333333 "对照点及区域点" 116 39.58
"琉璃河" 20160701 27.5714285714286 82.4166666666667 0.404166666666667 26.4583333333333 58.125 5 "对照点及区域点" 116 39.58
"琉璃河" 20160128 271.875 333 7.02222222222222 95.8888888888889 12.75 88.1111111111111 "对照点及区域点" 116 39.58
"琉璃河" 20161110 195.375 264.333333333333 2.01666666666667 NA 8.58333333333333 22.25 "对照点及区域点" 116 39.58
"琉璃河" 20160312 131.409090909091 119.458333333333 1.74285714285714 74.0909090909091 38.1304347826087 45.2727272727273 "对照点及区域点" 116 39.58
"琉璃河" 20160919 9.77272727272727 32.5416666666667 0.2 29.5416666666667 31.875 3.5 "对照点及区域点" 116 39.58
"琉璃河" 20161018 141.333333333333 116.291666666667 0.820833333333333 62.1666666666667 10.2608695652174 7.5 "对照点及区域点" 116 39.58
"琉璃河" 20160813 28.4166666666667 52.6666666666667 0.966666666666667 27.0416666666667 3.30434782608696 3.375 "对照点及区域点" 116 39.58
"琉璃河" 20161010 70.75 68.0833333333333 0.654166666666667 60.875 13.7826086956522 10.3181818181818 "对照点及区域点" 116 39.58
"琉璃河" 20160729 111.090909090909 111.125 0.9625 33.8333333333333 71.5833333333333 3.91666666666667 "对照点及区域点" 116 39.58
"琉璃河" 20161201 202.208333333333 261.666666666667 3.80416666666667 85.1666666666667 16.7391304347826 31.1666666666667 "对照点及区域点" 116 39.58
"琉璃河" 20161017 47.1666666666667 118.708333333333 0.4625 49.6086956521739 18.7916666666667 5.27272727272727 "对照点及区域点" 116 39.58
"琉璃河" 20160812 78.7857142857143 145.333333333333 0.928571428571429 24.5714285714286 20.1428571428571 3.92857142857143 "对照点及区域点" 116 39.58
"琉璃河" 20160416 16.25 77.375 0.1 18.2916666666667 62.1666666666667 5.83333333333333 "对照点及区域点" 116 39.58
"琉璃河" 20160217 108.708333333333 127.5 3.10416666666667 41.5833333333333 35.4782608695652 22.4583333333333 "对照点及区域点" 116 39.58
"琉璃河" 20160819 18.0833333333333 55.5833333333333 1.08333333333333 23.1666666666667 80.5217391304348 3.41666666666667 "对照点及区域点" 116 39.58
"琉璃河" 20161222 274.736842105263 434.2 5.09473684210526 78.2105263157895 17.3684210526316 16.6315789473684 "对照点及区域点" 116 39.58
"琉璃河" 20160628 53.5833333333333 76.2083333333333 0.420833333333333 28.7916666666667 49.3913043478261 2.70833333333333 "对照点及区域点" 116 39.58
"琉璃河" 20160103 303.625 421.916666666667 5.02272727272727 101.347826086957 2.125 14.1739130434783 "对照点及区域点" 116 39.58
"琉璃河" 20160302 204.125 242.125 2.86666666666667 101.04347826087 35.695652173913 40.75 "对照点及区域点" 116 39.58
"琉璃河" 20160705 87.7083333333333 116.291666666667 0.641666666666667 31.3333333333333 87 7 "对照点及区域点" 116 39.58
"琉璃河" 20160110 230.2 378.7 3.23 69.5454545454545 3.18181818181818 13.9090909090909 "对照点及区域点" 116 39.58
"琉璃河" 20161114 76.9583333333333 137.75 1.73333333333333 63.5 19.7083333333333 12.625 "对照点及区域点" 116 39.58
"琉璃河" 20160521 72.7083333333333 107.083333333333 0.729166666666667 59.5416666666667 96.9 16.7619047619048 "对照点及区域点" 116 39.58
"琉璃河" 20160923 77.1739130434783 109.826086956522 0.573913043478261 40.5217391304348 81.3478260869565 4.95652173913043 "对照点及区域点" 116 39.58
"琉璃河" 20160726 22.6666666666667 49.0416666666667 0.525 26.625 65.3478260869565 3.20833333333333 "对照点及区域点" 116 39.58
"琉璃河" 20160131 188.166666666667 221.75 3.60416666666667 54.2083333333333 29.6666666666667 24.5416666666667 "对照点及区域点" 116 39.58
"琉璃河" 20161014 164.826086956522 201.958333333333 1.20833333333333 66.4166666666667 33.695652173913 5.625 "对照点及区域点" 116 39.58
"琉璃河" 20160809 38 55.7333333333333 0.793333333333333 25 109.4 5.28571428571429 "对照点及区域点" 116 39.58
"琉璃河" 20161205 88.9583333333333 295.652173913043 1.32083333333333 59.8181818181818 21.5652173913043 17.7916666666667 "对照点及区域点" 116 39.58
"琉璃河" 20160214 7.25 23.4583333333333 0.25 6.83333333333333 73.625 5.66666666666667 "对照点及区域点" 116 39.58
"琉璃河" 20160618 42 71.0434782608696 0.5 45.4347826086956 102.136363636364 3.72727272727273 "对照点及区域点" 116 39.58
"琉璃河" 20160420 90.1428571428571 119 0.666666666666667 49.3809523809524 80.6666666666667 15.7142857142857 "对照点及区域点" 116 39.58
"琉璃河" 20160427 78.5833333333333 100.347826086957 0.825 66.0416666666667 59.6521739130435 14.5416666666667 "对照点及区域点" 116 39.58
"琉璃河" 20160625 13.4166666666667 41.625 0.195833333333333 16.4583333333333 71.0416666666667 4.375 "对照点及区域点" 116 39.58
"琉璃河" 20161104 194.708333333333 258.166666666667 2.95416666666667 78.1 5.41666666666667 12.75 "对照点及区域点" 116 39.58
"琉璃河" 20160702 37.375 66.9166666666667 0.425 34.7916666666667 73 4.29166666666667 "对照点及区域点" 116 39.58
"琉璃河" 20160321 136.291666666667 152.625 1.13333333333333 72.9545454545455 70.75 30.25 "对照点及区域点" 116 39.58
"琉璃河" 20161111 99.0416666666667 187.666666666667 1.6875 NA 7.43478260869565 15.2083333333333 "对照点及区域点" 116 39.58
"琉璃河" 20160313 50.2916666666667 133.75 0.904166666666667 31.9583333333333 72.75 17.125 "对照点及区域点" 116 39.58
"琉璃河" 20160920 28.75 50.6666666666667 0.2625 37 49.8260869565217 4.54166666666667 "对照点及区域点" 116 39.58
"琉璃河" 20161225 148.133333333333 174.642857142857 3.53333333333333 96.7333333333333 2.66666666666667 46.2 "对照点及区域点" 116 39.58
"琉璃河" 20160814 18.8260869565217 44.7826086956522 0.860869565217391 24.8695652173913 3 3.47826086956522 "对照点及区域点" 116 39.58
"琉璃河" 20161011 113.083333333333 127.666666666667 1.24583333333333 68.0833333333333 25 6.70833333333333 "对照点及区域点" 116 39.58
"琉璃河" 20160730 133.6 200.947368421053 0.825 28.2 49.8333333333333 3.2 "对照点及区域点" 116 39.58
"琉璃河" 20161202 223.041666666667 260.416666666667 5.0875 88.4285714285714 5.13636363636364 25.0833333333333 "对照点及区域点" 116 39.58
"琉璃河" 20161224 134.541666666667 145.166666666667 3.3375 76.2083333333333 7.66666666666667 39.9166666666667 "对照点及区域点" 116 39.58
"琉璃河" 20160502 41.0416666666667 114.083333333333 0.133333333333333 26.6363636363636 52.5833333333333 8 "对照点及区域点" 116 39.58
"琉璃河" 20160417 8.33333333333333 36.3333333333333 0.104166666666667 14.8333333333333 81.0869565217391 3.04166666666667 "对照点及区域点" 116 39.58
"琉璃河" 20160218 68.6086956521739 116.478260869565 1.86521739130435 40.8260869565217 43.2173913043478 18.5652173913043 "对照点及区域点" 116 39.58
"琉璃河" 20160820 46.8333333333333 56.7916666666667 1.02083333333333 21.625 92.0416666666667 3.375 "对照点及区域点" 116 39.58
"琉璃河" 20161223 54.1666666666667 140.625 1.36111111111111 59.1666666666667 7.17647058823529 16.5555555555556 "对照点及区域点" 116 39.58
"琉璃河" 20160629 73.8333333333333 94.9166666666667 0.475 27.9166666666667 56.625 2.91666666666667 "对照点及区域点" 116 39.58
"琉璃河" 20160104 277.375 329.173913043478 3.45833333333333 87.3333333333333 2 10.125 "对照点及区域点" 116 39.58
"琉璃河" 20160303 279.333333333333 275.958333333333 4.325 130.75 16.5833333333333 55.8333333333333 "对照点及区域点" 116 39.58
"琉璃河" 20160706 62.9583333333333 103.083333333333 0.475 29.4583333333333 101.695652173913 7.41666666666667 "对照点及区域点" 116 39.58
"琉璃河" 20160111 76.8333333333333 134.333333333333 1.775 61.2916666666667 2 8.625 "对照点及区域点" 116 39.58
"琉璃河" 20161115 80.5833333333333 99 1.9 71.875 11.7391304347826 20.5833333333333 "对照点及区域点" 116 39.58
"琉璃河" 20160522 47.2916666666667 82.2916666666667 0.341666666666667 59 96.3333333333333 12.25 "对照点及区域点" 116 39.58
"琉璃河" 20160924 136.541666666667 140.666666666667 0.820833333333333 50.0416666666667 73.9565217391304 5.25 "对照点及区域点" 116 39.58
"琉璃河" 20160727 47.1428571428571 60.0625 0.8625 33.25 62.3125 4.0625 "对照点及区域点" 116 39.58
"琉璃河" 20160201 191.666666666667 243.208333333333 4.35 65.125 27.1739130434783 38 "对照点及区域点" 116 39.58
"琉璃河" 20161015 196.470588235294 203.521739130435 1.41739130434783 73.7391304347826 2 4.17391304347826 "对照点及区域点" 116 39.58
"琉璃河" 20160810 76.4090909090909 77.65 0.777272727272727 18.1818181818182 74.5454545454545 2.54545454545455 "对照点及区域点" 116 39.58
"琉璃河" 20161206 122.75 115.208333333333 2.20833333333333 78.9583333333333 12.8333333333333 28.2916666666667 "对照点及区域点" 116 39.58
"琉璃河" 20160215 34.8333333333333 29.25 0.9125 23.375 48.6086956521739 17.2916666666667 "对照点及区域点" 116 39.58
"琉璃河" 20160619 45.7083333333333 75.375 0.508333333333333 26.7083333333333 109.916666666667 2.08333333333333 "对照点及区域点" 116 39.58
"琉璃河" 20160421 55.3181818181818 105.318181818182 0.281818181818182 52.5 72.2380952380952 11.8636363636364 "对照点及区域点" 116 39.58
"琉璃河" 20160428 64.125 97.0416666666667 0.570833333333333 46 94.6666666666667 10.9583333333333 "对照点及区域点" 116 39.58
"琉璃河" 20160824 76.4 107 0.84 44.2 11 3.4 "对照点及区域点" 116 39.58
"琉璃河" 20161227 156.571428571429 147.857142857143 3.59285714285714 60.3571428571429 5.53846153846154 15.9285714285714 "对照点及区域点" 116 39.58
"琉璃河" 20160229 61.0833333333333 53 1.2875 40.6666666666667 38.2173913043478 25.0833333333333 "对照点及区域点" 116 39.58
"琉璃河" 20160322 109.541666666667 180 0.941666666666667 65.8333333333333 52.5652173913044 26.375 "对照点及区域点" 116 39.58
"琉璃河" 20160204 104.727272727273 213.608695652174 7.25 54.8695652173913 31.3913043478261 48.304347826087 "对照点及区域点" 116 39.58
"琉璃河" 20160314 92.695652173913 89.695652173913 1.21739130434783 59.3478260869565 52.1363636363636 29.1304347826087 "对照点及区域点" 116 39.58
"琉璃河" 20160206 156.625 129.041666666667 2.19166666666667 44.4166666666667 49.625 42.0833333333333 "对照点及区域点" 116 39.58
"琉璃河" 20161226 105.391304347826 176.434782608696 2.70909090909091 62.4545454545455 13.3636363636364 27.9090909090909 "对照点及区域点" 116 39.58
"琉璃河" 20160815 12.3333333333333 54.375 2.24761904761905 20.25 26.0869565217391 2.8695652173913 "对照点及区域点" 116 39.58
"琉璃河" 20160228 44.7916666666667 68.5416666666667 1.11666666666667 33.4166666666667 42.5416666666667 13.75 "对照点及区域点" 116 39.58
"琉璃河" 20160731 65.125 110.166666666667 0.866666666666667 42.4166666666667 59.4583333333333 2.83333333333333 "对照点及区域点" 116 39.58
"琉璃河" 20160205 27 131.833333333333 1.75416666666667 30.2083333333333 67.2608695652174 26.25 "对照点及区域点" 116 39.58
"琉璃河" 20160328 74.5 93.3333333333333 0.633333333333333 61.25 61 28.0833333333333 "对照点及区域点" 116 39.58
"琉璃河" 20160503 16.304347826087 65 0.191666666666667 27.7916666666667 57.1739130434783 6.04166666666667 "对照点及区域点" 116 39.58
"琉璃河" 20160320 83.75 91.75 0.816666666666667 59.4583333333333 61.1304347826087 18.0833333333333 "对照点及区域点" 116 39.58
"琉璃河" 20160219 49.3333333333333 82.0416666666667 1.0875 35.5 46.0869565217391 20.9583333333333 "对照点及区域点" 116 39.58
"琉璃河" 20160821 49.125 71.25 0.916666666666667 25.9166666666667 80.695652173913 2.54166666666667 "对照点及区域点" 116 39.58
"琉璃河" 20161207 188.304347826087 206.086956521739 4.51739130434783 106.608695652174 7.63636363636364 34.4782608695652 "对照点及区域点" 116 39.58
"琉璃河" 20160806 75.2173913043478 83.2380952380952 0.634782608695652 32.4347826086956 54.4347826086956 3.43478260869565 "对照点及区域点" 116 39.58
"琉璃河" 20160319 60.3333333333333 150.291666666667 0.391666666666667 51.625 64.0833333333333 18.2083333333333 "对照点及区域点" 116 39.58
"琉璃河" 20161209 49.5217391304348 93.5714285714286 1.60869565217391 53.9130434782609 13.7272727272727 18.7391304347826 "对照点及区域点" 116 39.58
"琉璃河" 20160112 176.391304347826 172.409090909091 5.26842105263158 61.7727272727273 4.68421052631579 19.0434782608696 "对照点及区域点" 116 39.58
"琉璃河" 20160203 196.782608695652 236.625 6.55833333333333 67.2916666666667 34.9130434782609 61.625 "对照点及区域点" 116 39.58
"琉璃河" 20161116 120.304347826087 144.818181818182 2.53913043478261 93.2173913043478 4.30434782608696 22.2173913043478 "对照点及区域点" 116 39.58
"琉璃河" 20160523 74.875 86.0416666666667 0.670833333333333 46.0833333333333 66.5217391304348 14.9166666666667 "对照点及区域点" 116 39.58
"琉璃河" 20160925 191.809523809524 225.818181818182 1.46666666666667 68.7272727272727 69.1904761904762 9.68181818181818 "对照点及区域点" 116 39.58
"琉璃河" 20160728 46.4736842105263 65.5454545454545 0.52 24.0909090909091 75.4761904761905 3.75 "对照点及区域点" 116 39.58
"琉璃河" 20160202 166.875 230.625 4.45833333333333 62.375 27.6666666666667 41.1666666666667 "对照点及区域点" 116 39.58
"琉璃河" 20161016 163.916666666667 213.833333333333 0.5875 50.4166666666667 36.9565217391304 4 "对照点及区域点" 116 39.58
"琉璃河" 20160811 82.4545454545455 111.708333333333 1 20.25 54.2173913043478 2.8695652173913 "对照点及区域点" 116 39.58
"琉璃河" 20160816 20.8333333333333 70.6666666666667 7.95294117647059 19.9166666666667 65.7916666666667 2.72727272727273 "对照点及区域点" 116 39.58
"琉璃河" 20160216 77.4166666666667 87.125 2.2 37.2083333333333 36.9583333333333 25.9166666666667 "对照点及区域点" 116 39.58
"琉璃河" 20160620 81.625 99.0416666666667 0.55 28.3333333333333 104.869565217391 2.875 "对照点及区域点" 116 39.58
"琉璃河" 20160422 31.5416666666667 96.3333333333333 0.116666666666667 39.4583333333333 72.625 7.83333333333333 "对照点及区域点" 116 39.58
"琉璃河" 20160429 104.041666666667 93.7083333333333 0.833333333333333 71.9166666666667 92.3478260869565 20.5416666666667 "对照点及区域点" 116 39.58
"琉璃河" 20160825 7.71428571428571 35.5 0.92 28.2 39.7 3.1 "对照点及区域点" 116 39.58
"琉璃河" 20161228 191.958333333333 208.916666666667 1.85833333333333 67.375 7.375 18.0833333333333 "对照点及区域点" 116 39.58
"琉璃河" 20160301 169.083333333333 162.166666666667 2.6875 79 27.125 48.125 "对照点及区域点" 116 39.58
"琉璃河" 20160323 37.625 97.0833333333333 0.35 42.2916666666667 54.0833333333333 8.41666666666667 "对照点及区域点" 116 39.58
"琉璃河" 20161208 177.681818181818 281.695652173913 3.53636363636364 90.8260869565217 18.7083333333333 29 "对照点及区域点" 116 39.58
"琉璃河" 20160315 169.25 155.55 1.64 80.25 36.05 69.75 "对照点及区域点" 116 39.58
"琉璃河" 20160207 234.166666666667 251 5.15 50.375 41 49.1666666666667 "对照点及区域点" 116 39.58
"琉璃河" 20160330 43.3333333333333 78.2083333333333 0.5625 61.1666666666667 57.8695652173913 16.25 "对照点及区域点" 116 39.58
"琉璃河" 20160113 235.791666666667 260.625 6.13333333333333 71.5416666666667 6.29166666666667 42.2083333333333 "对照点及区域点" 116 39.58
"琉璃河" 20160317 334.217391304348 364.739130434783 2.01739130434783 95.2727272727273 71.2173913043478 49.5217391304348 "对照点及区域点" 116 39.58
"琉璃河" 20160801 87.0416666666667 106.791666666667 1.30416666666667 33.9583333333333 60.304347826087 3.25 "对照点及区域点" 116 39.58
"琉璃河" 20160823 77.3333333333333 78.5416666666667 0.904166666666667 38.8333333333333 65.5652173913043 5.45833333333333 "对照点及区域点" 116 39.58
"琉璃河" 20160329 25.7272727272727 98.4285714285714 0.31304347826087 27.7391304347826 74.6521739130435 10.7391304347826 "对照点及区域点" 116 39.58
"琉璃河" 20160504 27.75 59.2916666666667 0.320833333333333 61.375 50.4583333333333 6.16666666666667 "对照点及区域点" 116 39.58
"琉璃河" 20160316 274.083333333333 281.625 2.1875 97 70.9130434782609 45.125 "对照点及区域点" 116 39.58
"琉璃河" 20160220 26.25 40.4782608695652 0.516666666666667 22.7916666666667 55.4583333333333 15.2083333333333 "对照点及区域点" 116 39.58
"琉璃河" 20160822 49.7083333333333 73.625 0.845833333333333 18.5416666666667 88.9583333333333 3.5 "对照点及区域点" 116 39.58
"琉璃河" 20160817 51.625 56.375 0.47 42.8333333333333 25.2608695652174 2.75 "对照点及区域点" 116 39.58
"琉璃河" 20160119 163.416666666667 145.958333333333 2.775 61.0833333333333 18.2916666666667 33.875 "对照点及区域点" 116 39.58
"琉璃河" 20160227 27.4166666666667 76.4583333333333 0.704166666666667 33.7916666666667 50.3913043478261 19.25 "对照点及区域点" 116 39.58
"琉璃河" 20160325 30.5454545454545 54.8095238095238 0.486363636363636 42.5 48.7894736842105 10.5 "对照点及区域点" 116 39.58
"琉璃河" 20160430 128.541666666667 181.666666666667 1.025 67.25 113.458333333333 18.3333333333333 "对照点及区域点" 116 39.58
"琉璃河" 20160818 59.0833333333333 79.7916666666667 1.00909090909091 32.0416666666667 25.0833333333333 2.45833333333333 "对照点及区域点" 116 39.58
"琉璃河" 20160327 34.4583333333333 68.3333333333333 0.420833333333333 35.4583333333333 53.3333333333333 10.1666666666667 "对照点及区域点" 116 39.58
"琉璃河" 20160211 151.791666666667 194.208333333333 2.66666666666667 75.8260869565217 8.17391304347826 62.2083333333333 "对照点及区域点" 116 39.58
"琉璃河" 20160403 18.5652173913043 39.6086956521739 0.1 37.8260869565217 66.4545454545455 6.82608695652174 "对照点及区域点" 116 39.58
"琉璃河" 20160114 276.666666666667 306.791666666667 7.6625 79.4166666666667 11.5652173913043 62.2916666666667 "对照点及区域点" 116 39.58
"琉璃河" 20160318 245.227272727273 366.227272727273 1.77727272727273 107.636363636364 61.9047619047619 17.9545454545455 "对照点及区域点" 116 39.58
"琉璃河" 20160805 55.5833333333333 93.7083333333333 0.641666666666667 22.6666666666667 53.5652173913044 3 "对照点及区域点" 116 39.58
"琉璃河" 20160210 126.125 163.208333333333 3.275 69.3333333333333 29.0833333333333 64.875 "对照点及区域点" 116 39.58
"琉璃河" 20160324 15.7916666666667 41.3333333333333 0.3 27.4583333333333 70.7272727272727 7.91666666666667 "对照点及区域点" 116 39.58
"琉璃河" 20160501 147.416666666667 192.166666666667 1.2125 48.0833333333333 109.130434782609 23.7083333333333 "对照点及区域点" 116 39.58
"琉璃河" 20160802 71 115.583333333333 1.37857142857143 29.9285714285714 56.3571428571429 3.07142857142857 "对照点及区域点" 116 39.58
"琉璃河" 20160116 166.25 227.791666666667 2.36666666666667 71.4166666666667 3.95652173913043 53.6666666666667 "对照点及区域点" 116 39.58
"琉璃河" 20160331 148.875 141.75 1.40833333333333 114.739130434783 61.0416666666667 41.75 "对照点及区域点" 116 39.58
"琉璃河" 20160115 244.375 331.75 7.50416666666667 88.3333333333333 5.70833333333333 55.8333333333333 "对照点及区域点" 116 39.58
"琉璃河" 20160209 184.826086956522 333.958333333333 5.67083333333333 47.7083333333333 48.4347826086956 59.875 "对照点及区域点" 116 39.58
"琉璃河" 20160401 40.8333333333333 151.791666666667 0.216666666666667 41.3333333333333 60.5652173913044 12.5416666666667 "对照点及区域点" 116 39.58
"琉璃河" 20160222 159.291666666667 220.347826086957 2.6875 66.5833333333333 33.1666666666667 38.25 "对照点及区域点" 116 39.58
"琉璃河" 20160326 34.2083333333333 64.5 0.4625 35.7916666666667 56.0434782608696 8.5 "对照点及区域点" 116 39.58
"琉璃河" 20160226 91.1666666666667 121.5 1.83333333333333 50.5416666666667 37.6666666666667 30.2916666666667 "对照点及区域点" 116 39.58
"琉璃河" 20160208 432 442.5 5.25416666666667 56.5416666666667 36.9166666666667 122.083333333333 "对照点及区域点" 116 39.58
"琉璃河" 20160221 122.666666666667 96.25 2.99583333333333 56.4583333333333 23.5652173913043 34.0833333333333 "对照点及区域点" 116 39.58
"琉璃河" 20160225 83.7916666666667 85.1666666666667 1.56666666666667 45.9583333333333 36.5217391304348 23.0833333333333 "对照点及区域点" 116 39.58
"琉璃河" 20160117 92.1739130434783 175.625 1.28181818181818 47.3181818181818 23.8695652173913 23.125 "对照点及区域点" 116 39.58
"琉璃河" 20160402 10.5833333333333 62.5416666666667 0.1 28.5 58.9166666666667 3.91666666666667 "对照点及区域点" 116 39.58
"琉璃河" 20160803 3 15 0.9 28.6666666666667 21.6666666666667 4.33333333333333 "对照点及区域点" 116 39.58
"琉璃河" 20160118 49.625 82.4583333333333 1.0375 34.4166666666667 42.4782608695652 25.75 "对照点及区域点" 116 39.58
"琉璃河" 20160224 62.25 62.3333333333333 1.2 35.3333333333333 41.2916666666667 20.5833333333333 "对照点及区域点" 116 39.58
"琉璃河" 20160804 76.7826086956522 91.5416666666667 1.19166666666667 29 73.625 2.04166666666667 "对照点及区域点" 116 39.58
"琉璃河" 20160223 10.625 85.7083333333333 0.3375 12.25 71.9130434782609 8.33333333333333 "对照点及区域点" 116 39.58
