"顺义" 20160831 19 53.7083333333333 0.291666666666667 37.7083333333333 55.5 2.875 "郊区环境评价点" 116.655 40.127
"顺义" 20160527 50.25 61 0.468181818181818 61.0454545454545 93.7727272727273 10.1818181818182 "郊区环境评价点" 116.655 40.127
"顺义" 20161110 161.083333333333 213.625 1.76666666666667 71.5416666666667 5 15.5416666666667 "郊区环境评价点" 116.655 40.127
"顺义" 20160911 33.2083333333333 61.4583333333333 0.679166666666667 20.0416666666667 NA 2 "郊区环境评价点" 116.655 40.127
"顺义" 20161003 109.041666666667 175.375 0.970833333333333 46.5 57.4583333333333 4 "郊区环境评价点" 116.655 40.127
"顺义" 20160302 163.916666666667 198.666666666667 2.01818181818182 79.695652173913 36.8636363636364 26.5833333333333 "郊区环境评价点" 116.655 40.127
"顺义" 20160907 37.2142857142857 65.75 0.571428571428571 34.9285714285714 NA 4.57142857142857 "郊区环境评价点" 116.655 40.127
"顺义" 20160912 28.375 37.0416666666667 0.620833333333333 28.6086956521739 NA 2.54166666666667 "郊区环境评价点" 116.655 40.127
"顺义" 20160901 5.71428571428571 29.2173913043478 0.165217391304348 20.6086956521739 49.9565217391304 4.26086956521739 "郊区环境评价点" 116.655 40.127
"顺义" 20160909 17.875 48.9583333333333 0.375 38.7916666666667 NA 2 "郊区环境评价点" 116.655 40.127
"顺义" 20160723 98.0434782608696 116.608695652174 1.01304347826087 27.7826086956522 99.1739130434783 2 "郊区环境评价点" 116.655 40.127
"顺义" 20160717 77.2083333333333 76.25 0.966666666666667 35 111.875 2 "郊区环境评价点" 116.655 40.127
"顺义" 20160718 101 131.5 1.11428571428571 47.5 59.7857142857143 3 "郊区环境评价点" 116.655 40.127
"顺义" 20161227 28.0416666666667 32.7916666666667 0.983333333333333 42 42.6666666666667 10.6086956521739 "郊区环境评价点" 116.655 40.127
"顺义" 20161014 244.458333333333 237.333333333333 1.73333333333333 96.9583333333333 23.1739130434783 5.79166666666667 "郊区环境评价点" 116.655 40.127
"顺义" 20160913 94.7916666666667 78.7916666666667 1.1875 44.1666666666667 NA 3.54166666666667 "郊区环境评价点" 116.655 40.127
"顺义" 20160722 72.625 72.625 0.879166666666667 22.4782608695652 96.5652173913043 2.125 "郊区环境评价点" 116.655 40.127
"顺义" 20161219 172.625 205.833333333333 3.46666666666667 77.125 14.5652173913043 20.9166666666667 "郊区环境评价点" 116.655 40.127
"顺义" 20160526 18 38.0416666666667 0.208333333333333 40.3333333333333 70.9583333333333 2.08333333333333 "郊区环境评价点" 116.655 40.127
"顺义" 20161225 134.928571428571 153.642857142857 2.62857142857143 88.4285714285714 5.42857142857143 38.8571428571429 "郊区环境评价点" 116.655 40.127
"顺义" 20160908 23.5416666666667 54.0833333333333 0.479166666666667 48.5217391304348 NA 3.04166666666667 "郊区环境评价点" 116.655 40.127
"顺义" 20161218 185.375 271.916666666667 3.0125 85.25 13.6521739130435 31.5833333333333 "郊区环境评价点" 116.655 40.127
"顺义" 20160528 46.875 79.125 0.458333333333333 53.7083333333333 105.375 5.375 "郊区环境评价点" 116.655 40.127
"顺义" 20160927 24.3333333333333 64.5833333333333 0.520833333333333 19.25 41 3.08333333333333 "郊区环境评价点" 116.655 40.127
"顺义" 20160903 16.8260869565217 31.4782608695652 0.317391304347826 29.7826086956522 52.6086956521739 2 "郊区环境评价点" 116.655 40.127
"顺义" 20160920 16.7916666666667 38.0833333333333 0.345833333333333 38.8333333333333 NA 3.625 "郊区环境评价点" 116.655 40.127
"顺义" 20161004 42.0416666666667 107.416666666667 1.38260869565217 38.5652173913044 10.2608695652174 7.95833333333333 "郊区环境评价点" 116.655 40.127
"顺义" 20161125 135.833333333333 126.25 2.4 92.9583333333333 10.2608695652174 27.4166666666667 "郊区环境评价点" 116.655 40.127
"顺义" 20160725 32.6153846153846 76.2 0.582608695652174 19.2608695652174 83.3913043478261 2 "郊区环境评价点" 116.655 40.127
"顺义" 20160914 129.6875 148.75 1.23571428571429 48.1428571428571 NA 3.14285714285714 "郊区环境评价点" 116.655 40.127
"顺义" 20161224 103.583333333333 94.0833333333333 2.72083333333333 83.4166666666667 8.1304347826087 26.0833333333333 "郊区环境评价点" 116.655 40.127
"顺义" 20160524 15.1666666666667 54.7083333333333 0.254166666666667 28.4166666666667 72.9583333333333 2.25 "郊区环境评价点" 116.655 40.127
"顺义" 20160724 52.5789473684211 100.388888888889 0.720833333333333 20.75 96.7083333333333 2.125 "郊区环境评价点" 116.655 40.127
"顺义" 20161226 51.0416666666667 133.875 1.1 35.5 49 15.0416666666667 "郊区环境评价点" 116.655 40.127
"顺义" 20161005 70.2083333333333 71.1666666666667 1.15882352941176 30.625 18.4583333333333 2.70833333333333 "郊区环境评价点" 116.655 40.127
"顺义" 20161111 90.625 168.416666666667 1.70416666666667 54.3333333333333 11.2173913043478 6.75 "郊区环境评价点" 116.655 40.127
"顺义" 20160910 16.9565217391304 33.0434782608696 0.391304347826087 32.3478260869565 NA 2.17391304347826 "郊区环境评价点" 116.655 40.127
"顺义" 20161012 82.875 127 1.34583333333333 64.625 18.5217391304348 12.25 "郊区环境评价点" 116.655 40.127
"顺义" 20160508 53.1666666666667 60.5 0.820833333333333 48.0416666666667 77.7083333333333 14.7916666666667 "郊区环境评价点" 116.655 40.127
"顺义" 20160303 301.086956521739 265.434782608696 3.22608695652174 104 31.0869565217391 50 "郊区环境评价点" 116.655 40.127
"顺义" 20161222 133.583333333333 350.75 2.70833333333333 47.5833333333333 46.0869565217391 9.375 "郊区环境评价点" 116.655 40.127
"顺义" 20160826 10.9583333333333 29.2083333333333 0.291666666666667 32.6666666666667 49.25 2.08333333333333 "郊区环境评价点" 116.655 40.127
"顺义" 20161107 44.375 88.125 0.725 35.4166666666667 34.1304347826087 5.5 "郊区环境评价点" 116.655 40.127
"顺义" 20160902 7.91666666666667 23.1666666666667 0.20952380952381 16.4 10.15 2.42857142857143 "郊区环境评价点" 116.655 40.127
"顺义" 20160529 29.875 60.2083333333333 0.3625 33.0416666666667 94.125 3.26086956521739 "郊区环境评价点" 116.655 40.127
"顺义" 20161013 140.04347826087 138.125 1.45833333333333 82.7916666666667 32.5217391304348 8.125 "郊区环境评价点" 116.655 40.127
"顺义" 20160904 91.2142857142857 84.25 1.13846153846154 34.6153846153846 69.6923076923077 2.84615384615385 "郊区环境评价点" 116.655 40.127
"顺义" 20160719 82.9166666666667 113 0.883333333333333 27.9583333333333 54.7083333333333 3.83333333333333 "郊区环境评价点" 116.655 40.127
"顺义" 20161228 79.25 104.416666666667 1.83809523809524 52.9047619047619 29.7 13.5416666666667 "郊区环境评价点" 116.655 40.127
"顺义" 20161015 144.958333333333 257.875 1.49166666666667 69.6666666666667 5.30434782608696 4.83333333333333 "郊区环境评价点" 116.655 40.127
"顺义" 20160726 16.4583333333333 36.625 0.408333333333333 17.9130434782609 93.2608695652174 2.33333333333333 "郊区环境评价点" 116.655 40.127
"顺义" 20160915 92.6923076923077 112.571428571429 0.892857142857143 38.9285714285714 NA 3 "郊区环境评价点" 116.655 40.127
"顺义" 20161220 289.083333333333 282.173913043478 6.75 112.041666666667 5.26086956521739 4.75 "郊区环境评价点" 116.655 40.127
"顺义" 20161105 154.875 209 2.9 90.6666666666667 19.4347826086957 8.79166666666667 "郊区环境评价点" 116.655 40.127
"顺义" 20160505 39.7916666666667 49.5416666666667 0.860869565217391 46.304347826087 65.1304347826087 11.8260869565217 "郊区环境评价点" 116.655 40.127
"顺义" 20160703 65.4583333333333 82.125 0.729166666666667 35.2083333333333 87.125 2.375 "郊区环境评价点" 116.655 40.127
"顺义" 20161006 80.9583333333333 110.291666666667 1.57916666666667 40.3333333333333 6.25 7.41666666666667 "郊区环境评价点" 116.655 40.127
"顺义" 20161112 67.2083333333333 100.833333333333 1.175 59.0416666666667 17.2608695652174 15.0833333333333 "郊区环境评价点" 116.655 40.127
"顺义" 20160928 11.9166666666667 22.75 0.341666666666667 23.5 35.25 2.91666666666667 "郊区环境评价点" 116.655 40.127
"顺义" 20161119 109.125 209.875 1.75833333333333 52.4166666666667 21.9565217391304 11.7916666666667 "郊区环境评价点" 116.655 40.127
"顺义" 20160921 50.5416666666667 56.5 0.779166666666667 44.6666666666667 NA 4.58333333333333 "郊区环境评价点" 116.655 40.127
"顺义" 20161027 26.7142857142857 59 0.971428571428571 45 7.14285714285714 2 "郊区环境评价点" 116.655 40.127
"顺义" 20161126 235.791666666667 261.583333333333 3.60416666666667 110.583333333333 12.3913043478261 28.875 "郊区环境评价点" 116.655 40.127
"顺义" 20160906 14.6111111111111 41.7058823529412 0.277777777777778 30.3888888888889 NA 2.88888888888889 "郊区环境评价点" 116.655 40.127
"顺义" 20160404 96.375 78.0833333333333 0.591666666666667 58.4166666666667 57.5416666666667 12.3333333333333 "郊区环境评价点" 116.655 40.127
"顺义" 20160807 19.9130434782609 77.75 0.471428571428571 17.1904761904762 89 2.52173913043478 "郊区环境评价点" 116.655 40.127
"顺义" 20160525 12.3913043478261 36.304347826087 0.256521739130435 27 79.2173913043478 2.26086956521739 "郊区环境评价点" 116.655 40.127
"顺义" 20161210 38.2083333333333 56.5833333333333 1.2875 58.9583333333333 27.0869565217391 20.0833333333333 "郊区环境评价点" 116.655 40.127
"顺义" 20160905 26 64.6666666666667 0.372727272727273 33.0454545454545 50.8666666666667 2.04545454545455 "郊区环境评价点" 116.655 40.127
"顺义" 20160926 59.7083333333333 124.739130434783 1.0125 37.9583333333333 38.2142857142857 3.66666666666667 "郊区环境评价点" 116.655 40.127
"顺义" 20160919 11.2173913043478 28 0.3 28.6086956521739 NA 2.1304347826087 "郊区环境评价点" 116.655 40.127
"顺义" 20160828 11.0869565217391 34.7083333333333 0.204166666666667 35.4583333333333 51.375 2.08333333333333 "郊区环境评价点" 116.655 40.127
"顺义" 20161109 131.541666666667 106.333333333333 2.3 77.5 5.73913043478261 24.3333333333333 "郊区环境评价点" 116.655 40.127
"顺义" 20160509 27.5833333333333 64.5416666666667 0.433333333333333 34.4347826086956 53.4782608695652 3.45833333333333 "郊区环境评价点" 116.655 40.127
"顺义" 20160304 374.95652173913 406.565217391304 4.92173913043478 110.130434782609 6.04347826086957 35.0869565217391 "郊区环境评价点" 116.655 40.127
"顺义" 20161223 26.2222222222222 53 0.777777777777778 34.9444444444444 42 11.6111111111111 "郊区环境评价点" 116.655 40.127
"顺义" 20160827 14.5416666666667 36.5833333333333 0.313636363636364 40.2272727272727 41.4545454545455 2 "郊区环境评价点" 116.655 40.127
"顺义" 20161108 35.1666666666667 37.9583333333333 0.8375 55.5833333333333 19 8.375 "郊区环境评价点" 116.655 40.127
"顺义" 20161002 163.666666666667 221.083333333333 0.979166666666667 46.25 73.7083333333333 7.09090909090909 "郊区环境评价点" 116.655 40.127
"顺义" 20160530 80.625 92.8333333333333 0.858333333333333 56.4583333333333 146.333333333333 12.7916666666667 "郊区环境评价点" 116.655 40.127
"顺义" 20161031 11.5416666666667 41.875 0.35 25.0833333333333 43.8260869565217 3.5 "郊区环境评价点" 116.655 40.127
"顺义" 20160917 36.3333333333333 89 0.7625 29.0416666666667 NA 2.29166666666667 "郊区环境评价点" 116.655 40.127
"顺义" 20160720 36.0416666666667 91.2083333333333 0.559090909090909 9.56521739130435 54.2272727272727 2.04545454545455 "郊区环境评价点" 116.655 40.127
"顺义" 20160507 17.9565217391304 46.1739130434783 0.330434782608696 26.695652173913 72.2173913043478 3.1304347826087 "郊区环境评价点" 116.655 40.127
"顺义" 20161016 120.833333333333 177.25 1.21666666666667 62.875 19.8695652173913 4.29166666666667 "郊区环境评价点" 116.655 40.127
"顺义" 20160727 48.375 76.9583333333333 0.620833333333333 29.9166666666667 125.125 2 "郊区环境评价点" 116.655 40.127
"顺义" 20160916 127.4375 171.411764705882 0.9125 36.375 NA 2.5 "郊区环境评价点" 116.655 40.127
"顺义" 20161221 356.291666666667 361.666666666667 7.525 137.333333333333 6.04347826086957 13.9166666666667 "郊区环境评价点" 116.655 40.127
"顺义" 20161106 73.875 168.833333333333 1.18333333333333 65.1666666666667 21.8695652173913 14.5416666666667 "郊区环境评价点" 116.655 40.127
"顺义" 20160506 64.5833333333333 142.041666666667 0.183333333333333 11.8333333333333 80.1666666666667 2 "郊区环境评价点" 116.655 40.127
"顺义" 20160704 117.818181818182 136.727272727273 1.41904761904762 23.3333333333333 103.47619047619 2.54545454545455 "郊区环境评价点" 116.655 40.127
"顺义" 20161007 61.2916666666667 93.25 1.62083333333333 43.7083333333333 9.83333333333333 3.08333333333333 "郊区环境评价点" 116.655 40.127
"顺义" 20161113 97.4583333333333 93.25 2.30416666666667 70.4166666666667 4.73913043478261 30.4166666666667 "郊区环境评价点" 116.655 40.127
"顺义" 20160929 49.7916666666667 48.9583333333333 0.508695652173913 53.75 31.4166666666667 5.66666666666667 "郊区环境评价点" 116.655 40.127
"顺义" 20161120 44.4583333333333 93.375 0.979166666666667 33.4583333333333 22.695652173913 11.3333333333333 "郊区环境评价点" 116.655 40.127
"顺义" 20160922 87.7368421052632 89.3684210526316 0.927777777777778 40.7777777777778 NA 7.11764705882353 "郊区环境评价点" 116.655 40.127
"顺义" 20161028 11.5416666666667 45.5 0.420833333333333 28.2916666666667 36.3913043478261 2.04166666666667 "郊区环境评价点" 116.655 40.127
"顺义" 20161127 91.5416666666667 222.5 1.45416666666667 52.1666666666667 39.2608695652174 12.1666666666667 "郊区环境评价点" 116.655 40.127
"顺义" 20160307 45.8695652173913 107.913043478261 1.07826086956522 36 46.695652173913 10.8695652173913 "郊区环境评价点" 116.655 40.127
"顺义" 20160405 134.095238095238 153.083333333333 1.05652173913043 48.125 71.6086956521739 16.695652173913 "郊区环境评价点" 116.655 40.127
"顺义" 20160808 26.9444444444444 39.3529411764706 0.533333333333333 22.3888888888889 70.1111111111111 2.77777777777778 "郊区环境评价点" 116.655 40.127
"顺义" 20160830 29.7916666666667 55.75 0.441666666666667 40.5833333333333 61.125 3.07142857142857 "郊区环境评价点" 116.655 40.127
"顺义" 20161211 154.458333333333 117.434782608696 3.21666666666667 88.5833333333333 9 49.625 "郊区环境评价点" 116.655 40.127
"顺义" 20160624 12.4545454545455 65.9090909090909 2.95714285714286 26.7272727272727 52.5454545454545 2.36363636363636 "郊区环境评价点" 116.655 40.127
"顺义" 20160220 16.2916666666667 23.695652173913 0.420833333333333 23.75 54.5416666666667 7.29166666666667 "郊区环境评价点" 116.655 40.127
"顺义" 20161103 198.208333333333 181.125 2.42083333333333 105.875 7.60869565217391 12.7083333333333 "郊区环境评价点" 116.655 40.127
"顺义" 20160829 19.8333333333333 41.5416666666667 0.440909090909091 43.7727272727273 64.5 6.77272727272727 "郊区环境评价点" 116.655 40.127
"顺义" 20160503 3 38.7333333333333 0.392857142857143 24.4666666666667 73.7333333333333 2.2 "郊区环境评价点" 116.655 40.127
"顺义" 20160510 25.9166666666667 46.625 0.333333333333333 30.7916666666667 87.6666666666667 2.33333333333333 "郊区环境评价点" 116.655 40.127
"顺义" 20160305 50.0416666666667 254.625 0.408333333333333 19.8333333333333 65.3333333333333 3.33333333333333 "郊区环境评价点" 116.655 40.127
"顺义" 20161102 100.826086956522 103.208333333333 1.52916666666667 88.625 9.31818181818182 10.1428571428571 "郊区环境评价点" 116.655 40.127
"顺义" 20160120 91.2083333333333 93 2.41304347826087 62.5833333333333 7.25 39.9583333333333 "郊区环境评价点" 116.655 40.127
"顺义" 20161124 56.125 40.7083333333333 1.35 68.9583333333333 19.2173913043478 18.4583333333333 "郊区环境评价点" 116.655 40.127
"顺义" 20160319 69.7916666666667 111.458333333333 1.34166666666667 48.2916666666667 56.6666666666667 26.5416666666667 "郊区环境评价点" 116.655 40.127
"顺义" 20160531 58.8333333333333 117.125 1.14782608695652 42.7916666666667 70 14.4166666666667 "郊区环境评价点" 116.655 40.127
"顺义" 20161101 44.9166666666667 50.625 0.875 61.7916666666667 13.8695652173913 3.64285714285714 "郊区环境评价点" 116.655 40.127
"顺义" 20160918 19.8181818181818 39.1 0.468181818181818 23.4285714285714 NA 2.77272727272727 "郊区环境评价点" 116.655 40.127
"顺义" 20160721 16.7916666666667 22.75 0.625 12.7083333333333 53.5416666666667 2.04166666666667 "郊区环境评价点" 116.655 40.127
"顺义" 20161208 83.0416666666667 159.478260869565 1.5625 44.7083333333333 39.304347826087 12.3333333333333 "郊区环境评价点" 116.655 40.127
"顺义" 20161017 58.5833333333333 119.958333333333 0.733333333333333 46.5833333333333 34.4782608695652 2.25 "郊区环境评价点" 116.655 40.127
"顺义" 20160728 44.125 72.4583333333333 0.636363636363636 31.2727272727273 110.636363636364 2.04545454545455 "郊区环境评价点" 116.655 40.127
"顺义" 20161009 29.5625 42.4210526315789 0.605555555555556 55.3333333333333 20 5.44444444444444 "郊区环境评价点" 116.655 40.127
"顺义" 20160628 49.2083333333333 76.625 0.5125 23.1818181818182 69.5833333333333 2.16666666666667 "郊区环境评价点" 116.655 40.127
"顺义" 20161001 178.416666666667 186.666666666667 0.1875 10.5416666666667 3.33333333333333 8 "郊区环境评价点" 116.655 40.127
"顺义" 20160705 81.2727272727273 121.541666666667 0.958333333333333 28.0416666666667 119.869565217391 2.875 "郊区环境评价点" 116.655 40.127
"顺义" 20160924 102 143.869565217391 0.873913043478261 34.3913043478261 NA 4.26086956521739 "郊区环境评价点" 116.655 40.127
"顺义" 20161008 20.1904761904762 59.2380952380952 0.473684210526316 24.7894736842105 37.3157894736842 3 "郊区环境评价点" 116.655 40.127
"顺义" 20161114 54.1818181818182 140.5 0.991666666666667 28.875 47.2608695652174 6.63157894736842 "郊区环境评价点" 116.655 40.127
"顺义" 20160930 96.625 97.8333333333333 0.677272727272727 61.9565217391304 63.1304347826087 9.59090909090909 "郊区环境评价点" 116.655 40.127
"顺义" 20161121 6.47826086956522 35.3478260869565 0.260869565217391 5.73913043478261 67.8181818181818 3.17391304347826 "郊区环境评价点" 116.655 40.127
"顺义" 20160923 142.347826086957 158.04347826087 1.0304347826087 46.304347826087 NA 3.47826086956522 "郊区环境评价点" 116.655 40.127
"顺义" 20161029 27.7916666666667 63.2916666666667 0.591666666666667 53.25 17 4.04166666666667 "郊区环境评价点" 116.655 40.127
"顺义" 20161128 46 57.6666666666667 1.36666666666667 71.0869565217391 13.6086956521739 17.7916666666667 "郊区环境评价点" 116.655 40.127
"顺义" 20160308 8 22.2857142857143 0.288888888888889 12.8888888888889 65.2777777777778 2.22222222222222 "郊区环境评价点" 116.655 40.127
"顺义" 20160406 126.75 128.304347826087 2.06666666666667 73.0833333333333 40.8333333333333 27.625 "郊区环境评价点" 116.655 40.127
"顺义" 20160809 56.2142857142857 83.2142857142857 1.28571428571429 19.1428571428571 168 7.5 "郊区环境评价点" 116.655 40.127
"顺义" 20160824 76.2083333333333 94.0416666666667 0.8375 33.9166666666667 101.916666666667 2 "郊区环境评价点" 116.655 40.127
"顺义" 20161212 228.842105263158 246 3.41052631578947 96.1578947368421 10.1666666666667 51.2105263157895 "郊区环境评价点" 116.655 40.127
"顺义" 20160625 20.3333333333333 34.875 0.525 36.7916666666667 84.5416666666667 2.16666666666667 "郊区环境评价点" 116.655 40.127
"顺义" 20160221 74.5416666666667 61.5 1.19166666666667 44.4166666666667 29.125 21.25 "郊区环境评价点" 116.655 40.127
"顺义" 20161104 176.625 247.666666666667 3.5375 100.75 6.21739130434783 4.58333333333333 "郊区环境评价点" 116.655 40.127
"顺义" 20160122 30.9583333333333 125.458333333333 0.875 15.25 53 6.5 "郊区环境评价点" 116.655 40.127
"顺义" 20160504 14.2 49.5416666666667 0.217391304347826 45.9166666666667 59.875 2.45833333333333 "郊区环境评价点" 116.655 40.127
"顺义" 20160511 118.916666666667 100.875 0.916666666666667 37.0833333333333 124.5 4.04166666666667 "郊区环境评价点" 116.655 40.127
"顺义" 20160306 62.8695652173913 90.0434782608696 1.25217391304348 50.9565217391304 22.695652173913 25.5652173913043 "郊区环境评价点" 116.655 40.127
"顺义" 20161118 185.708333333333 218.833333333333 3.325 80.75 2.78260869565217 30.5416666666667 "郊区环境评价点" 116.655 40.127
"顺义" 20160121 128.833333333333 152.5 2.53333333333333 59.0416666666667 9 23.7083333333333 "郊区环境评价点" 116.655 40.127
"顺义" 20160609 98.5 167.157894736842 0.48 16.05 178.666666666667 2.95 "郊区环境评价点" 116.655 40.127
"顺义" 20160320 65.8333333333333 88.3333333333333 0.863636363636364 60.8181818181818 40.9090909090909 11.125 "郊区环境评价点" 116.655 40.127
"顺义" 20160601 27.7083333333333 64.0416666666667 0.5625 41.2916666666667 81.875 5.45833333333333 "郊区环境评价点" 116.655 40.127
"顺义" 20161117 156.708333333333 176.125 3.64166666666667 84.9583333333333 5.17391304347826 51.7083333333333 "郊区环境评价点" 116.655 40.127
"顺义" 20161011 128.75 161.791666666667 1.42083333333333 60.4166666666667 37.1739130434783 12.125 "郊区环境评价点" 116.655 40.127
"顺义" 20160630 37.6666666666667 87 0.45 24.2916666666667 108.5 2.125 "郊区环境评价点" 116.655 40.127
"顺义" 20161209 24.695652173913 54.8095238095238 0.878260869565217 39.6521739130435 39.5909090909091 11.7826086956522 "郊区环境评价点" 116.655 40.127
"顺义" 20161018 89.5 82.7083333333333 1.8 61.4166666666667 6.8695652173913 14.125 "郊区环境评价点" 116.655 40.127
"顺义" 20160729 116.625 111.291666666667 1.36666666666667 28.875 123.666666666667 2 "郊区环境评价点" 116.655 40.127
"顺义" 20161010 84 70.2916666666667 0.975 70.375 16.695652173913 10.6666666666667 "郊区环境评价点" 116.655 40.127
"顺义" 20160629 91 96.4583333333333 0.679166666666667 25.375 95.695652173913 2 "郊区环境评价点" 116.655 40.127
"顺义" 20160225 30.3913043478261 38.4782608695652 0.676190476190476 39.1428571428571 35.2380952380952 10.4761904761905 "郊区环境评价点" 116.655 40.127
"顺义" 20160706 83.3333333333333 115.583333333333 0.977272727272727 30.4090909090909 165.409090909091 2.90909090909091 "郊区环境评价点" 116.655 40.127
"顺义" 20160925 160.5625 206.117647058824 1.47058823529412 33.1764705882353 NA 4 "郊区环境评价点" 116.655 40.127
"顺义" 20160423 17.8333333333333 60.1666666666667 0.304166666666667 24.4347826086957 67.875 4.08333333333333 "郊区环境评价点" 116.655 40.127
"顺义" 20161115 42.25 38.2916666666667 1.025 49.6666666666667 26.1304347826087 16.1666666666667 "郊区环境评价点" 116.655 40.127
"顺义" 20160224 22.4166666666667 26.125 0.495454545454545 23.3181818181818 36.2272727272727 5.36363636363636 "郊区环境评价点" 116.655 40.127
"顺义" 20161122 8.04347826086956 20.2083333333333 0.383333333333333 15.2916666666667 56.2173913043478 4.16666666666667 "郊区环境评价点" 116.655 40.127
"顺义" 20160811 81.125 110.5 0.804545454545455 29.6818181818182 93.5454545454545 2.04545454545455 "郊区环境评价点" 116.655 40.127
"顺义" 20161030 51.4347826086956 74.9130434782609 0.78695652173913 45.2608695652174 27.1363636363636 8.34782608695652 "郊区环境评价点" 116.655 40.127
"顺义" 20161129 74.1666666666667 79.4583333333333 2.2 70.3333333333333 4.78260869565217 33.125 "郊区环境评价点" 116.655 40.127
"顺义" 20160309 13.0909090909091 21.5 0.354166666666667 19.5833333333333 57.125 2.95833333333333 "郊区环境评价点" 116.655 40.127
"顺义" 20160407 114.363636363636 243 0.9 41.8695652173913 52.7272727272727 4.26086956521739 "郊区环境评价点" 116.655 40.127
"顺义" 20160810 95.6666666666667 116.473684210526 0.928571428571429 17 107.571428571429 3.23809523809524 "郊区环境评价点" 116.655 40.127
"顺义" 20160825 35.3333333333333 92.7916666666667 0.331818181818182 23.3636363636364 53.0909090909091 2 "郊区环境评价点" 116.655 40.127
"顺义" 20161213 45.2083333333333 193.541666666667 0.745833333333333 28.3333333333333 52.7826086956522 10.375 "郊区环境评价点" 116.655 40.127
"顺义" 20160626 45.375 69.375 0.478260869565217 42.2173913043478 119.04347826087 4.39130434782609 "郊区环境评价点" 116.655 40.127
"顺义" 20160222 80.1666666666667 126.347826086957 1.23333333333333 40.5416666666667 38.9583333333333 16.5833333333333 "郊区环境评价点" 116.655 40.127
"顺义" 20160101 189.652173913043 160.217391304348 3.04347826086957 84.2173913043478 8.65217391304348 24.0869565217391 "郊区环境评价点" 116.655 40.127
"顺义" 20160123 10.2916666666667 29 0.825 8.375 63.375 2 "郊区环境评价点" 116.655 40.127
"顺义" 20160229 28.875 32.2083333333333 0.5875 30.5 47.7916666666667 8.75 "郊区环境评价点" 116.655 40.127
"顺义" 20160512 30.5 111.083333333333 0.3875 32.0416666666667 59.7083333333333 2 "郊区环境评价点" 116.655 40.127
"顺义" 20160603 69 88.125 0.958333333333333 58.1666666666667 134.666666666667 15.5416666666667 "郊区环境评价点" 116.655 40.127
"顺义" 20160314 79.3478260869565 100.652173913043 1.2047619047619 65 29.3333333333333 14.8095238095238 "郊区环境评价点" 116.655 40.127
"顺义" 20161204 261.166666666667 351.083333333333 3.50833333333333 94.3333333333333 12.2173913043478 23.2916666666667 "郊区环境评价点" 116.655 40.127
"顺义" 20160610 64.0434782608696 106.260869565217 0.528571428571429 16.9047619047619 124.190476190476 2 "郊区环境评价点" 116.655 40.127
"顺义" 20160321 125.833333333333 123.083333333333 1.2625 90.3333333333333 45.5454545454545 20.7916666666667 "郊区环境评价点" 116.655 40.127
"顺义" 20160602 43.6666666666667 74.5416666666667 0.583333333333333 55.3913043478261 116.869565217391 7 "郊区环境评价点" 116.655 40.127
"顺义" 20160731 43.375 103.041666666667 0.883333333333333 21.875 81 2 "郊区环境评价点" 116.655 40.127
"顺义" 20161203 213.041666666667 144.458333333333 3.0875 101.708333333333 8.52173913043478 28.9166666666667 "郊区环境评价点" 116.655 40.127
"顺义" 20160701 10.7727272727273 38.9166666666667 0.283333333333333 23.5 63.8260869565217 2 "郊区环境评价点" 116.655 40.127
"顺义" 20160411 41.4782608695652 84.5789473684211 0.442857142857143 29.75 66.7619047619048 7.09523809523809 "郊区环境评价点" 116.655 40.127
"顺义" 20161019 213.125 198.458333333333 2.1125 78.4583333333333 19.2173913043478 7.58333333333333 "郊区环境评价点" 116.655 40.127
"顺义" 20160730 128.714285714286 181.7 1.81428571428571 25.1 90.6315789473684 2 "郊区环境评价点" 116.655 40.127
"顺义" 20160425 85.8333333333333 119.541666666667 0.770833333333333 32.3913043478261 105.416666666667 12.1666666666667 "郊区环境评价点" 116.655 40.127
"顺义" 20160517 59.9583333333333 76.7916666666667 0.522727272727273 53.5 119.818181818182 8.95454545454546 "郊区环境评价点" 116.655 40.127
"顺义" 20160226 38.6666666666667 51.125 0.879166666666667 56.3333333333333 28.9166666666667 15.25 "郊区环境评价点" 116.655 40.127
"顺义" 20160707 113.916666666667 128.416666666667 1.29166666666667 26.0416666666667 160.25 3.29166666666667 "郊区环境评价点" 116.655 40.127
"顺义" 20160127 110.208333333333 76.7916666666667 2.1375 73.375 14.7083333333333 33.7916666666667 "郊区环境评价点" 116.655 40.127
"顺义" 20160424 81.9583333333333 72.0833333333333 0.775 56.4166666666667 68.5 20.625 "郊区环境评价点" 116.655 40.127
"顺义" 20161116 96.4347826086957 98.0454545454545 1.85652173913043 72.6521739130435 14.9545454545455 18.5217391304348 "郊区环境评价点" 116.655 40.127
"顺义" 20160311 20.3333333333333 48.8333333333333 0.445833333333333 26.25 53.9375 5.79166666666667 "郊区环境评价点" 116.655 40.127
"顺义" 20161123 14.5 26.2916666666667 0.508333333333333 31.875 38.2173913043478 7.29166666666667 "郊区环境评价点" 116.655 40.127
"顺义" 20160812 84.7333333333333 112.615384615385 0.826666666666667 52.6 17 2 "郊区环境评价点" 116.655 40.127
"顺义" 20160614 28.8333333333333 55.7083333333333 0.4625 15.7916666666667 71.8333333333333 2.16666666666667 "郊区环境评价点" 116.655 40.127
"顺义" 20161130 92.7083333333333 130.541666666667 2.275 66.8333333333333 24.8260869565217 19.0833333333333 "郊区环境评价点" 116.655 40.127
"顺义" 20160310 12.75 31.875 0.378260869565217 20.1304347826087 55.6818181818182 4.16666666666667 "郊区环境评价点" 116.655 40.127
"顺义" 20160408 17.875 56.4166666666667 0.266666666666667 33.5416666666667 70 4.08333333333333 "郊区环境评价点" 116.655 40.127
"顺义" 20160103 284.260869565217 404.391304347826 4.14347826086957 92.2173913043478 9.78260869565217 18.2173913043478 "郊区环境评价点" 116.655 40.127
"顺义" 20160125 22.7916666666667 46.4166666666667 0.208333333333333 29.6666666666667 46.75 10.125 "郊区环境评价点" 116.655 40.127
"顺义" 20161214 20.6666666666667 28.2916666666667 0.720833333333333 33.3333333333333 47.3913043478261 13.0416666666667 "郊区环境评价点" 116.655 40.127
"顺义" 20160627 64.25 75.8333333333333 0.709090909090909 39.4583333333333 75.1904761904762 5.5 "郊区环境评价点" 116.655 40.127
"顺义" 20160223 9.20833333333333 44.1666666666667 0.286363636363636 11.4545454545455 67.1818181818182 3.26086956521739 "郊区环境评价点" 116.655 40.127
"顺义" 20160102 324.5 295.130434782609 3.97826086956522 106.958333333333 8.83333333333333 29.5416666666667 "郊区环境评价点" 116.655 40.127
"顺义" 20160124 13.25 46.9583333333333 0.333333333333333 15.25 56.7083333333333 4.875 "郊区环境评价点" 116.655 40.127
"顺义" 20160301 117.166666666667 100.625 1.90833333333333 79.7916666666667 19.7083333333333 26.25 "郊区环境评价点" 116.655 40.127
"顺义" 20160513 27.9166666666667 48.0416666666667 0.413636363636364 41 61.8636363636364 3.68181818181818 "郊区环境评价点" 116.655 40.127
"顺义" 20160604 93.1666666666667 114.166666666667 0.8375 46.1739130434783 147.652173913043 8.95833333333333 "郊区环境评价点" 116.655 40.127
"顺义" 20160315 149.3 138.85 1.925 92.9 17.85 39.75 "郊区环境评价点" 116.655 40.127
"顺义" 20161205 90.4782608695652 228.727272727273 1.83636363636364 48.9565217391304 32.304347826087 13.0869565217391 "郊区环境评价点" 116.655 40.127
"顺义" 20160611 7.83333333333333 50 0.1875 21.4166666666667 79.4583333333333 2 "郊区环境评价点" 116.655 40.127
"顺义" 20160322 100.708333333333 168.291666666667 1.15217391304348 73.1304347826087 16.695652173913 18.1304347826087 "郊区环境评价点" 116.655 40.127
"顺义" 20161021 38.4166666666667 66.875 0.6875 34.25 20.5217391304348 4.16666666666667 "郊区环境评价点" 116.655 40.127
"顺义" 20160801 45.1666666666667 58.2083333333333 1.00454545454545 23.6818181818182 85 2.04347826086957 "郊区环境评价点" 116.655 40.127
"顺义" 20160427 93.1666666666667 106.565217391304 1.02916666666667 74.1739130434783 46.9130434782609 7.5 "郊区环境评价点" 116.655 40.127
"顺义" 20160702 66.0909090909091 67.7727272727273 0.668181818181818 28.8181818181818 85 2.04545454545455 "郊区环境评价点" 116.655 40.127
"顺义" 20160412 95.2916666666667 92.5416666666667 0.704166666666667 44.0833333333333 47.3333333333333 5.29166666666667 "郊区环境评价点" 116.655 40.127
"顺义" 20161020 80.2083333333333 212.458333333333 1.40416666666667 53.4583333333333 17.0434782608696 9.5 "郊区环境评价点" 116.655 40.127
"顺义" 20160617 18.0833333333333 35.4583333333333 0.316666666666667 28.2916666666667 68 2.125 "郊区环境评价点" 116.655 40.127
"顺义" 20160426 72.0454545454545 108.5 1.60454545454545 50.3636363636364 90.6363636363636 27.9090909090909 "郊区环境评价点" 116.655 40.127
"顺义" 20160518 59.0416666666667 89.125 0.545833333333333 48 122.916666666667 3.5 "郊区环境评价点" 116.655 40.127
"顺义" 20160227 26.4583333333333 50.0416666666667 0.545833333333333 30.1666666666667 46.9166666666667 7.875 "郊区环境评价点" 116.655 40.127
"顺义" 20160708 77.5 120.5 1.21666666666667 21.2916666666667 120.875 2.08333333333333 "郊区环境评价点" 116.655 40.127
"顺义" 20160128 119.375 178.75 1.90454545454545 62.6086956521739 23.6363636363636 29.6086956521739 "郊区环境评价点" 116.655 40.127
"顺义" 20160715 35.7 57.3181818181818 0.554545454545455 13.8636363636364 82.0454545454545 2 "郊区环境评价点" 116.655 40.127
"顺义" 20161202 68 53.375 1.65416666666667 73.2916666666667 14.3913043478261 19.9166666666667 "郊区环境评价点" 116.655 40.127
"顺义" 20160608 121.125 121.458333333333 1.06363636363636 30.6363636363636 125.545454545455 2 "郊区环境评价点" 116.655 40.127
"顺义" 20160410 53.625 131 0.1 5.5 2 2 "郊区环境评价点" 116.655 40.127
"顺义" 20160813 21.0416666666667 45.625 0.527272727272727 29.8636363636364 20.0454545454545 2 "郊区环境评价点" 116.655 40.127
"顺义" 20160615 13.625 33.5833333333333 0.308333333333333 18.4166666666667 90.9166666666667 2 "郊区环境评价点" 116.655 40.127
"顺义" 20161201 16.75 65.125 0.6375 48.7916666666667 35.9130434782609 8 "郊区环境评价点" 116.655 40.127
"顺义" 20160607 56.7916666666667 93.5416666666667 0.725 23.75 101.416666666667 2 "郊区环境评价点" 116.655 40.127
"顺义" 20160409 79.3333333333333 99.25 0.204545454545455 60 2.22727272727273 3.31818181818182 "郊区环境评价点" 116.655 40.127
"顺义" 20160104 56.4583333333333 197.391304347826 0.890909090909091 37.4545454545455 40.3181818181818 5.68181818181818 "郊区环境评价点" 116.655 40.127
"顺义" 20160126 26.75 43.9166666666667 0.586363636363636 32.304347826087 42.7272727272727 11.3478260869565 "郊区环境评价点" 116.655 40.127
"顺义" 20161215 30.875 57.875 0.945833333333333 40.0833333333333 38.0434782608696 11.8333333333333 "郊区环境评价点" 116.655 40.127
"顺义" 20161024 64.2083333333333 65.375 0.945833333333333 54.0833333333333 2.78260869565217 3.20833333333333 "郊区环境评价点" 116.655 40.127
"顺义" 20160621 83.1304347826087 111.173913043478 0.773913043478261 23.0869565217391 136.739130434783 2 "郊区环境评价点" 116.655 40.127
"顺义" 20160317 264.208333333333 306.333333333333 1.925 97.5416666666667 47.875 35.1666666666667 "郊区环境评价点" 116.655 40.127
"顺义" 20161207 111.869565217391 143.130434782609 2.37391304347826 80.9565217391304 10.1363636363636 28.1739130434783 "郊区环境评价点" 116.655 40.127
"顺义" 20160613 44.1666666666667 79.5833333333333 0.3875 13.7083333333333 56.3333333333333 2.38461538461538 "郊区环境评价点" 116.655 40.127
"顺义" 20160514 41.375 51.5 0.5875 44 52.25 2.75 "郊区环境评价点" 116.655 40.127
"顺义" 20160605 61.125 108.625 0.691666666666667 32.4583333333333 130.375 6.66666666666667 "郊区环境评价点" 116.655 40.127
"顺义" 20160316 257.875 263.458333333333 2.11666666666667 78.625 52.25 30.5833333333333 "郊区环境评价点" 116.655 40.127
"顺义" 20161206 90.4583333333333 72.4166666666667 2.62916666666667 87.625 11.4347826086957 24.75 "郊区环境评价点" 116.655 40.127
"顺义" 20160612 72.75 73.8333333333333 1.05909090909091 25.1818181818182 151.727272727273 8.22727272727273 "郊区环境评价点" 116.655 40.127
"顺义" 20160323 15.9166666666667 76.75 0.4375 17.8333333333333 67.9166666666667 3.75 "郊区环境评价点" 116.655 40.127
"顺义" 20161022 11.25 37.9166666666667 0.475 19.0416666666667 32.2173913043478 2.41666666666667 "郊区环境评价点" 116.655 40.127
"顺义" 20160802 37.6818181818182 62.35 0.713636363636364 28.2272727272727 85.4090909090909 2 "郊区环境评价点" 116.655 40.127
"顺义" 20160428 79.5 128.916666666667 0.8625 45.1666666666667 97.2916666666667 6.04166666666667 "郊区环境评价点" 116.655 40.127
"顺义" 20160520 79.125 117.208333333333 0.866666666666667 44.5416666666667 146.083333333333 17.125 "郊区环境评价点" 116.655 40.127
"顺义" 20160413 158.173913043478 196.958333333333 1.10416666666667 63.1666666666667 41.3333333333333 7.08333333333333 "郊区环境评价点" 116.655 40.127
"顺义" 20160710 99.625 133.173913043478 0.8125 26.375 127.208333333333 2 "郊区环境评价点" 116.655 40.127
"顺义" 20160618 36.8333333333333 60.9166666666667 0.5375 38.9166666666667 105.25 2.58333333333333 "郊区环境评价点" 116.655 40.127
"顺义" 20160214 7.16666666666667 22.5416666666667 0.304166666666667 8.91666666666667 70.375 2.125 "郊区环境评价点" 116.655 40.127
"顺义" 20160519 90.7083333333333 112.666666666667 0.809090909090909 47.8636363636364 169.090909090909 10.7272727272727 "郊区环境评价点" 116.655 40.127
"顺义" 20160228 35.625 56.4583333333333 0.875 27.4166666666667 48.7083333333333 7.625 "郊区环境评价点" 116.655 40.127
"顺义" 20160709 70.0416666666667 106.125 0.720833333333333 21.3333333333333 126.458333333333 2 "郊区环境评价点" 116.655 40.127
"顺义" 20160129 86.25 135.791666666667 2.175 64.0833333333333 13.0416666666667 40.75 "郊区环境评价点" 116.655 40.127
"顺义" 20160716 27.2916666666667 37.4166666666667 0.570833333333333 23.3333333333333 46.1666666666667 2.08333333333333 "郊区环境评价点" 116.655 40.127
"顺义" 20160328 84.4166666666667 78.625 0.818181818181818 70.8181818181818 35.25 19.5 "郊区环境评价点" 116.655 40.127
"顺义" 20160205 8.79166666666667 25.75 0.3125 10.125 68.5 3.29166666666667 "郊区环境评价点" 116.655 40.127
"顺义" 20160114 51.125 47.7083333333333 1.31666666666667 59.25 18.7916666666667 14.75 "郊区环境评价点" 116.655 40.127
"顺义" 20160814 17.9166666666667 38.3333333333333 0.466666666666667 28.5833333333333 72.5416666666667 2 "郊区环境评价点" 116.655 40.127
"顺义" 20160616 18.4347826086957 36.3478260869565 0.373913043478261 33.2173913043478 77.3478260869565 2.26086956521739 "郊区环境评价点" 116.655 40.127
"顺义" 20161217 178 131.625 3.02916666666667 99.1666666666667 8.17391304347826 37.3333333333333 "郊区环境评价点" 116.655 40.127
"顺义" 20161026 52.6666666666667 117 0.788888888888889 38.6666666666667 37.8888888888889 2 "郊区环境评价点" 116.655 40.127
"顺义" 20160623 104.363636363636 126.166666666667 1.29565217391304 25.8260869565217 82.8571428571429 2.65217391304348 "郊区环境评价点" 116.655 40.127
"顺义" 20160105 16.75 31.8333333333333 0.616666666666667 27.5 43.4166666666667 2.95833333333333 "郊区环境评价点" 116.655 40.127
"顺义" 20160211 207.333333333333 217.166666666667 3.91363636363636 72.4583333333333 8.95652173913044 43.6086956521739 "郊区环境评价点" 116.655 40.127
"顺义" 20161216 48.25 38.3333333333333 1.32083333333333 70 16.2608695652174 18.4583333333333 "郊区环境评价点" 116.655 40.127
"顺义" 20161025 93.1666666666667 111.791666666667 1.30416666666667 70.3333333333333 7.60869565217391 4.33333333333333 "郊区环境评价点" 116.655 40.127
"顺义" 20160622 57.0869565217391 96.9130434782609 0.721739130434783 28.4782608695652 143.521739130435 2.1304347826087 "郊区环境评价点" 116.655 40.127
"顺义" 20160318 166.95652173913 318.565217391304 1.07272727272727 44.3913043478261 71.4545454545455 8.27272727272727 "郊区环境评价点" 116.655 40.127
"顺义" 20160210 116.75 105.75 2.48333333333333 54.25 30.2916666666667 39.7083333333333 "郊区环境评价点" 116.655 40.127
"顺义" 20160523 60.0416666666667 80.3333333333333 0.77 35.2 99 7 "郊区环境评价点" 116.655 40.127
"顺义" 20160515 33.9166666666667 65.0833333333333 0.322727272727273 33.7727272727273 42.5 2.18181818181818 "郊区环境评价点" 116.655 40.127
"顺义" 20160606 74.2608695652174 94.2083333333333 0.822727272727273 27.4090909090909 149.5 3.27272727272727 "郊区环境评价点" 116.655 40.127
"顺义" 20160804 126.058823529412 109.708333333333 1.69583333333333 31 121.583333333333 2 "郊区环境评价点" 116.655 40.127
"顺义" 20160430 189.125 238.625 1.11666666666667 40.5416666666667 139.166666666667 6.33333333333333 "郊区环境评价点" 116.655 40.127
"顺义" 20160522 46.4347826086956 65.3478260869565 NA NA NA NA "郊区环境评价点" 116.655 40.127
"顺义" 20160324 14.9565217391304 26.8333333333333 0.366666666666667 28.6666666666667 55.5833333333333 3.16666666666667 "郊区环境评价点" 116.655 40.127
"顺义" 20161023 21.75 30.625 0.525 38.625 22.695652173913 4.625 "郊区环境评价点" 116.655 40.127
"顺义" 20160803 48.9523809523809 71.8333333333333 0.776190476190476 30.1904761904762 108.52380952381 2.14285714285714 "郊区环境评价点" 116.655 40.127
"顺义" 20160429 129.708333333333 101.708333333333 1.36363636363636 42.8181818181818 111.954545454545 15.7727272727273 "郊区环境评价点" 116.655 40.127
"顺义" 20160521 51.4583333333333 83.2916666666667 0.261538461538462 29.75 20.9230769230769 3.38461538461538 "郊区环境评价点" 116.655 40.127
"顺义" 20160414 23.4545454545455 106.409090909091 0.2 21 85.304347826087 3.21739130434783 "郊区环境评价点" 116.655 40.127
"顺义" 20160711 79.3333333333333 105.291666666667 0.5875 30.9583333333333 116.25 2.5 "郊区环境评价点" 116.655 40.127
"顺义" 20160619 63.8333333333333 87.6666666666667 0.745833333333333 44.75 130.75 2.08333333333333 "郊区环境评价点" 116.655 40.127
"顺义" 20160215 12.0833333333333 22 0.209090909090909 15.4782608695652 57.8181818181818 4.65217391304348 "郊区环境评价点" 116.655 40.127
"顺义" 20160330 27.875 40.875 0.631818181818182 25.9090909090909 74.5 8.95454545454546 "郊区环境评价点" 116.655 40.127
"顺义" 20160207 64.2727272727273 65 0.966666666666667 30.9583333333333 41.7083333333333 16.7083333333333 "郊区环境评价点" 116.655 40.127
"顺义" 20160202 27.625 26.7916666666667 0.704166666666667 30.6666666666667 54.8333333333333 9.95833333333333 "郊区环境评价点" 116.655 40.127
"顺义" 20160130 64.9166666666667 109.541666666667 1.45416666666667 37.4166666666667 34.75 15.0833333333333 "郊区环境评价点" 116.655 40.127
"顺义" 20160204 18.75 38.9583333333333 0.491666666666667 19.7916666666667 64.2083333333333 5.375 "郊区环境评价点" 116.655 40.127
"顺义" 20160329 14.6818181818182 76.7 0.345454545454545 34.5454545454545 63.2727272727273 4.09090909090909 "郊区环境评价点" 116.655 40.127
"顺义" 20160206 21.5 22.6666666666667 0.525 21.7916666666667 60.7083333333333 6.45833333333333 "郊区环境评价点" 116.655 40.127
"顺义" 20160403 25.4583333333333 40.5833333333333 0.295652173913043 26.5217391304348 62.8260869565217 2.59090909090909 "郊区环境评价点" 116.655 40.127
"顺义" 20160815 27.0833333333333 53.8333333333333 0.654545454545455 29.7272727272727 60.6363636363636 2 "郊区环境评价点" 116.655 40.127
"顺义" 20160213 10.8333333333333 111 0.356521739130435 10.5 54.5652173913044 3.04347826086957 "郊区环境评价点" 116.655 40.127
"顺义" 20160419 80.6 78.3529411764706 1.0625 61.5714285714286 32.2941176470588 19.7647058823529 "郊区环境评价点" 116.655 40.127
"顺义" 20160822 76.7391304347826 97.3913043478261 1.16086956521739 29.2608695652174 116.173913043478 2.08695652173913 "郊区环境评价点" 116.655 40.127
"顺义" 20160402 15.6521739130435 47.625 0.170833333333333 13.4166666666667 75.9166666666667 2 "郊区环境评价点" 116.655 40.127
"顺义" 20160106 16.8333333333333 28 0.481818181818182 25.3181818181818 40.1818181818182 4.18181818181818 "郊区环境评价点" 116.655 40.127
"顺义" 20160212 164.166666666667 243.375 2.35 47.2916666666667 32.75 17.0833333333333 "郊区环境评价点" 116.655 40.127
"顺义" 20160116 132.75 172.333333333333 2.90909090909091 69.2916666666667 10.0869565217391 40.7826086956522 "郊区环境评价点" 116.655 40.127
"顺义" 20160312 127.583333333333 105.875 1.81818181818182 81.2173913043478 19.4347826086957 42.4347826086956 "郊区环境评价点" 116.655 40.127
"顺义" 20160401 90.8235294117647 177.583333333333 0.391304347826087 22.7826086956522 62.6363636363636 5.21739130434783 "郊区环境评价点" 116.655 40.127
"顺义" 20160806 102 120.380952380952 0.860869565217391 31.0869565217391 93.2173913043478 2 "郊区环境评价点" 116.655 40.127
"顺义" 20160502 NA NA NA NA NA NA "郊区环境评价点" 116.655 40.127
"顺义" 20160620 99.2173913043478 127.739130434783 0.978260869565217 24.0434782608696 183 2.08695652173913 "郊区环境评价点" 116.655 40.127
"顺义" 20160516 18.7916666666667 39.4583333333333 0.25 36.2916666666667 56.1666666666667 2.75 "郊区环境评价点" 116.655 40.127
"顺义" 20160203 34.2083333333333 50.4583333333333 0.833333333333333 38.0416666666667 40.3333333333333 12.9166666666667 "郊区环境评价点" 116.655 40.127
"顺义" 20160805 65 106.083333333333 0.65 20.375 89.2916666666667 2.375 "郊区环境评价点" 116.655 40.127
"顺义" 20160501 233.076923076923 245.071428571429 3.29166666666667 44.25 114.583333333333 12.3333333333333 "郊区环境评价点" 116.655 40.127
"顺义" 20160131 15.625 39.1666666666667 0.516666666666667 22.375 60.1666666666667 5.125 "郊区环境评价点" 116.655 40.127
"顺义" 20160325 16.1818181818182 30.5714285714286 0.381818181818182 33.7727272727273 61.6363636363636 3.45454545454545 "郊区环境评价点" 116.655 40.127
"顺义" 20160819 17.6666666666667 49.125 0.6625 16.0416666666667 76.0833333333333 2 "郊区环境评价点" 116.655 40.127
"顺义" 20160713 16.7916666666667 48.1666666666667 0.3625 25.5416666666667 96 3.20833333333333 "郊区环境评价点" 116.655 40.127
"顺义" 20160217 36.4583333333333 31.4166666666667 0.8 46.2916666666667 36.3333333333333 13.7083333333333 "郊区环境评价点" 116.655 40.127
"顺义" 20160816 25 53 0.516666666666667 30 85.75 2 "郊区环境评价点" 116.655 40.127
"顺义" 20160415 63.9166666666667 62.25 1.09130434782609 62.1304347826087 43.3478260869565 18.5416666666667 "郊区环境评价点" 116.655 40.127
"顺义" 20160712 40.6363636363636 90.3333333333333 0.516666666666667 24.2608695652174 60.2173913043478 2.04166666666667 "郊区环境评价点" 116.655 40.127
"顺义" 20160823 71.6666666666667 91.0833333333333 0.963636363636364 37.4545454545455 80.6818181818182 2.5 "郊区环境评价点" 116.655 40.127
"顺义" 20160216 9.39130434782609 41.4347826086956 0.2 9.17391304347826 50 2.43478260869565 "郊区环境评价点" 116.655 40.127
"顺义" 20160331 163.25 131.5 1.34 43.375 62.25 22.6666666666667 "郊区环境评价点" 116.655 40.127
"顺义" 20160208 241.541666666667 283.375 1.10833333333333 32.0416666666667 46 47.4583333333333 "郊区环境评价点" 116.655 40.127
"顺义" 20160218 17.7083333333333 48.9166666666667 0.4 26.4166666666667 57 6.79166666666667 "郊区环境评价点" 116.655 40.127
"顺义" 20160313 77.25 145.208333333333 1.06666666666667 53.4583333333333 42.9583333333333 14.1666666666667 "郊区环境评价点" 116.655 40.127
"顺义" 20160817 58.9583333333333 59.75 0.733333333333333 38.75 32.625 2.04166666666667 "郊区环境评价点" 116.655 40.127
"顺义" 20160421 118.904761904762 124.952380952381 2.64736842105263 54.7619047619048 51.6666666666667 9.38095238095238 "郊区环境评价点" 116.655 40.127
"顺义" 20160119 47.7916666666667 35.2083333333333 1.2 51 26.25 15.5 "郊区环境评价点" 116.655 40.127
"顺义" 20160118 12.7826086956522 37.625 0.522727272727273 13.8260869565217 53.4090909090909 3.60869565217391 "郊区环境评价点" 116.655 40.127
"顺义" 20160327 16.625 27.1666666666667 0.154166666666667 9.54166666666667 28 2.08333333333333 "郊区环境评价点" 116.655 40.127
"顺义" 20160821 49.0416666666667 82.3333333333333 0.772727272727273 27.0909090909091 138.545454545455 2 "郊区环境评价点" 116.655 40.127
"顺义" 20160420 48.6470588235294 68.0625 2.02380952380952 31.2857142857143 81.8095238095238 7.38095238095238 "郊区环境评价点" 116.655 40.127
"顺义" 20160117 52.75 128.333333333333 0.954166666666667 32.5416666666667 46.75 5.66666666666667 "郊区环境评价点" 116.655 40.127
"顺义" 20160201 12.5217391304348 24.0416666666667 0.458333333333333 20.0416666666667 56.125 5.45833333333333 "郊区环境评价点" 116.655 40.127
"顺义" 20160107 14.5833333333333 24.0434782608696 0.425 24.7916666666667 43.125 2.41666666666667 "郊区环境评价点" 116.655 40.127
"顺义" 20160820 39.375 55.7083333333333 0.745833333333333 37 79.25 2 "郊区环境评价点" 116.655 40.127
"顺义" 20160219 11.5 22.5 0.429166666666667 17.7083333333333 56.0416666666667 5.875 "郊区环境评价点" 116.655 40.127
"顺义" 20160112 12 21.1739130434783 0.416666666666667 17.9583333333333 47.7916666666667 5.29166666666667 "郊区环境评价点" 116.655 40.127
"顺义" 20160111 11.25 37.5 0.454166666666667 16.5 59.2083333333333 3 "郊区环境评价点" 116.655 40.127
"顺义" 20160416 93.7142857142857 111.173913043478 0.256521739130435 20.695652173913 56.4782608695652 2.82608695652174 "郊区环境评价点" 116.655 40.127
"顺义" 20160422 42.5833333333333 120.333333333333 0.195833333333333 27.2916666666667 76.75 2.04166666666667 "郊区环境评价点" 116.655 40.127
"顺义" 20160714 37.2916666666667 59.625 0.7875 36.0833333333333 96.7916666666667 2.91666666666667 "郊区环境评价点" 116.655 40.127
"顺义" 20160115 117.333333333333 112.833333333333 2.4125 77.2916666666667 12.5833333333333 30.0833333333333 "郊区环境评价点" 116.655 40.127
"顺义" 20160108 19.5416666666667 25.75 0.645454545454546 31.9545454545455 35.5217391304348 8.30434782608696 "郊区环境评价点" 116.655 40.127
"顺义" 20160109 52.1666666666667 51.25 1.24166666666667 57.6666666666667 15.4583333333333 19.5 "郊区环境评价点" 116.655 40.127
"顺义" 20160209 42.5 78.6666666666667 0.854166666666667 22.5833333333333 55.3333333333333 13.6666666666667 "郊区环境评价点" 116.655 40.127
"顺义" 20160113 16.1666666666667 28.0833333333333 0.416666666666667 27.9583333333333 46.375 6.25 "郊区环境评价点" 116.655 40.127
"顺义" 20160326 22.1666666666667 40.4583333333333 0.456521739130435 39.4583333333333 44.6521739130435 4.04166666666667 "郊区环境评价点" 116.655 40.127
"顺义" 20160418 15.35 32.7222222222222 0.26 30.25 68.6 2.3 "郊区环境评价点" 116.655 40.127
"顺义" 20160417 10.9047619047619 77.1904761904762 0.2875 19.2083333333333 68.7826086956522 2.29166666666667 "郊区环境评价点" 116.655 40.127
"顺义" 20160110 36.4347826086956 66.9090909090909 0.9 36.3913043478261 35.3478260869565 15 "郊区环境评价点" 116.655 40.127
"顺义" 20160818 66.3333333333333 98.0416666666667 1.2125 18.5416666666667 37.4583333333333 2 "郊区环境评价点" 116.655 40.127
