"密云" 20160524 23.6666666666667 70.0416666666667 0.445833333333333 25.4166666666667 69.4583333333333 2.25 "郊区环境评价点" 116.832 40.37
"密云" 20160718 92.0416666666667 117.791666666667 1.12916666666667 26.875 131.833333333333 4.58333333333333 "郊区环境评价点" 116.832 40.37
"密云" 20160717 58.5833333333333 77.5416666666667 0.875 26.5 120.208333333333 2.33333333333333 "郊区环境评价点" 116.832 40.37
"密云" 20161026 33.1904761904762 89.9473684210526 0.533333333333333 36.7142857142857 37.3809523809524 2.71428571428571 "郊区环境评价点" 116.832 40.37
"密云" 20160625 21.2916666666667 39.0416666666667 0.354166666666667 37.4583333333333 61.0833333333333 2 "郊区环境评价点" 116.832 40.37
"密云" 20161022 9.95833333333333 32.4583333333333 0.370833333333333 15.75 34.6666666666667 2 "郊区环境评价点" 116.832 40.37
"密云" 20160525 10.0416666666667 40.5833333333333 0.241666666666667 17.4166666666667 93.625 2 "郊区环境评价点" 116.832 40.37
"密云" 20160624 13.9583333333333 55.125 0.375 31.125 65.125 2 "郊区环境评价点" 116.832 40.37
"密云" 20160807 10.8260869565217 63.65 0.573913043478261 8.95652173913044 98.695652173913 2.04347826086957 "郊区环境评价点" 116.832 40.37
"密云" 20160121 132.916666666667 155.333333333333 3.52916666666667 65.25 11.875 33.75 "郊区环境评价点" 116.832 40.37
"密云" 20160616 14.6666666666667 47.8333333333333 0.429166666666667 18.8333333333333 104.708333333333 2 "郊区环境评价点" 116.832 40.37
"密云" 20161027 21.875 53.4583333333333 0.620833333333333 30.75 24.2083333333333 3.875 "郊区环境评价点" 116.832 40.37
"密云" 20160623 61.3333333333333 95.8333333333333 0.925 21.75 112.791666666667 3 "郊区环境评价点" 116.832 40.37
"密云" 20160618 30.25 75.25 0.525 31.6666666666667 131.25 3.79166666666667 "郊区环境评价点" 116.832 40.37
"密云" 20160929 35.875 34.5833333333333 0.404166666666667 39 37.5 3.70833333333333 "郊区环境评价点" 116.832 40.37
"密云" 20161021 34.75 71.6666666666667 0.575 25.7916666666667 27.9166666666667 2 "郊区环境评价点" 116.832 40.37
"密云" 20160615 11.3333333333333 32.6666666666667 0.404166666666667 12.875 91.875 2 "郊区环境评价点" 116.832 40.37
"密云" 20160808 3.4375 32.4117647058824 0.533333333333333 13.1666666666667 64.6666666666667 2.44444444444444 "郊区环境评价点" 116.832 40.37
"密云" 20160928 9.29166666666667 17.125 0.183333333333333 14.7083333333333 40.3333333333333 2 "郊区环境评价点" 116.832 40.37
"密云" 20161028 9.25 31.8333333333333 0.2875 18.7083333333333 41.5416666666667 2 "郊区环境评价点" 116.832 40.37
"密云" 20161003 89.6666666666667 153.833333333333 0.895833333333333 27.6666666666667 71 5.79166666666667 "郊区环境评价点" 116.832 40.37
"密云" 20160313 41.9130434782609 105.708333333333 0.779166666666667 36.375 50.375 7.70833333333333 "郊区环境评价点" 116.832 40.37
"密云" 20161025 87.0454545454545 97.3333333333333 1.2375 58.8260869565217 4.1304347826087 3 "郊区环境评价点" 116.832 40.37
"密云" 20160621 64.75 105.458333333333 0.791666666666667 18.875 139.958333333333 2.41666666666667 "郊区环境评价点" 116.832 40.37
"密云" 20160423 18.6086956521739 65.125 0.291666666666667 14.25 83.0833333333333 3.375 "郊区环境评价点" 116.832 40.37
"密云" 20160809 43.75 86.4666666666667 1.34 10.8 187 5.86666666666667 "郊区环境评价点" 116.832 40.37
"密云" 20160312 84.5833333333333 66.5 1.525 59.875 24.0416666666667 29.2083333333333 "郊区环境评价点" 116.832 40.37
"密云" 20161024 49.3333333333333 48.6666666666667 0.675 43.125 8.5 2.70833333333333 "郊区环境评价点" 116.832 40.37
"密云" 20160912 19.4583333333333 31.4583333333333 0.579166666666667 20.0416666666667 59.7083333333333 2.04166666666667 "郊区环境评价点" 116.832 40.37
"密云" 20160705 83.4166666666667 131.25 1.00416666666667 22.9583333333333 144.75 6.45833333333333 "郊区环境评价点" 116.832 40.37
"密云" 20160514 40.625 52.3333333333333 0.6375 28.875 69.2916666666667 3.625 "郊区环境评价点" 116.832 40.37
"密云" 20160622 54.9583333333333 92.0416666666667 0.691666666666667 27.7916666666667 141.875 2 "郊区环境评价点" 116.832 40.37
"密云" 20161023 16.5833333333333 21.4166666666667 0.408333333333333 24.5416666666667 34.7083333333333 3.625 "郊区环境评价点" 116.832 40.37
"密云" 20160719 69.3333333333333 103.75 0.866666666666667 24.5833333333333 65.625 2.25 "郊区环境评价点" 116.832 40.37
"密云" 20160810 82.5454545454545 95.7 1.01818181818182 8.72727272727273 147.909090909091 2.40909090909091 "郊区环境评价点" 116.832 40.37
"密云" 20160619 50.625 86.9583333333333 0.6875 31.9583333333333 154 4.20833333333333 "郊区环境评价点" 116.832 40.37
"密云" 20160930 80.4583333333333 81.0416666666667 0.654166666666667 38.4583333333333 78.125 5.08333333333333 "郊区环境评价点" 116.832 40.37
"密云" 20160527 39 70.7083333333333 0.441666666666667 38.9166666666667 121.291666666667 8.875 "郊区环境评价点" 116.832 40.37
"密云" 20160101 161.625 134.583333333333 2.72916666666667 67.9583333333333 10.2083333333333 28.1666666666667 "郊区环境评价点" 116.832 40.37
"密云" 20161220 313.333333333333 247.913043478261 NA 87.7083333333333 6.04166666666667 3.70833333333333 "郊区环境评价点" 116.832 40.37
"密云" 20160703 45.25 73.2083333333333 0.683333333333333 22.0416666666667 140.166666666667 5.625 "郊区环境评价点" 116.832 40.37
"密云" 20161029 22.3333333333333 33.1666666666667 0.470833333333333 34.4583333333333 29.2916666666667 3.375 "郊区环境评价点" 116.832 40.37
"密云" 20160526 14.2083333333333 31.5833333333333 0.208333333333333 26.5833333333333 71.7083333333333 2.04166666666667 "郊区环境评价点" 116.832 40.37
"密云" 20160314 54.3478260869565 57.4782608695652 1.02173913043478 53 33.3913043478261 12.304347826087 "郊区环境评价点" 116.832 40.37
"密云" 20160122 32.1666666666667 117.25 1.40833333333333 14.5909090909091 62.625 7.5 "郊区环境评价点" 116.832 40.37
"密云" 20160617 17 40.5416666666667 0.45 25.3333333333333 70.8333333333333 2.79166666666667 "郊区环境评价点" 116.832 40.37
"密云" 20160602 45.5 92.65 0.48 32.3 163.1 5.3 "郊区环境评价点" 116.832 40.37
"密云" 20161020 102.833333333333 243.625 1.34166666666667 42.0416666666667 14.625 6.91666666666667 "郊区环境评价点" 116.832 40.37
"密云" 20160404 84.6666666666667 81.3333333333333 0.816666666666667 49.6666666666667 89.3333333333333 13.8333333333333 "郊区环境评价点" 116.832 40.37
"密云" 20160609 104.380952380952 141.1 1.00952380952381 20.8095238095238 182.952380952381 7.52380952380952 "郊区环境评价点" 116.832 40.37
"密云" 20160913 70.8333333333333 50.5833333333333 0.941666666666667 27.625 75.7916666666667 2.08333333333333 "郊区环境评价点" 116.832 40.37
"密云" 20160212 144.5 199 2.19166666666667 34.8333333333333 37.3333333333333 15.9166666666667 "郊区环境评价点" 116.832 40.37
"密云" 20161019 220.875 198.916666666667 1.9125 56.9166666666667 26.1739130434783 5.91666666666667 "郊区环境评价点" 116.832 40.37
"密云" 20160425 105.958333333333 134.083333333333 0.8 25.6666666666667 133.833333333333 13.5416666666667 "郊区环境评价点" 116.832 40.37
"密云" 20160120 70.625 62.0833333333333 2.48333333333333 55.2083333333333 10.4166666666667 32.25 "郊区环境评价点" 116.832 40.37
"密云" 20161004 34.8333333333333 86.8333333333333 1.29166666666667 31.75 8.83333333333333 6.45833333333333 "郊区环境评价点" 116.832 40.37
"密云" 20160630 20.2916666666667 68.9166666666667 0.4 14.5833333333333 105.583333333333 2 "郊区环境评价点" 116.832 40.37
"密云" 20160304 338.083333333333 362.208333333333 3.95833333333333 94.0833333333333 6.58333333333333 20 "郊区环境评价点" 116.832 40.37
"密云" 20161224 74.5 59.5416666666667 NA 55.3333333333333 7.125 12.75 "郊区环境评价点" 116.832 40.37
"密云" 20160424 74.4583333333333 73.7083333333333 0.858333333333333 51.0833333333333 72.2083333333333 18.9166666666667 "郊区环境评价点" 116.832 40.37
"密云" 20160516 13.625 42.5833333333333 0.345833333333333 32.25 68.75 2.29166666666667 "郊区环境评价点" 116.832 40.37
"密云" 20160614 26.5833333333333 57.1666666666667 0.55 14.4583333333333 93.2916666666667 2 "郊区环境评价点" 116.832 40.37
"密云" 20160530 74.25 101.166666666667 0.8875 38.6666666666667 171.916666666667 9.375 "郊区环境评价点" 116.832 40.37
"密云" 20160721 17.5416666666667 22.375 0.7875 8.375 48.125 2 "郊区环境评价点" 116.832 40.37
"密云" 20160706 76.5 116.375 0.933333333333333 21.375 184.208333333333 3.70833333333333 "郊区环境评价点" 116.832 40.37
"密云" 20160515 37.0833333333333 67.4583333333333 0.525 27.2916666666667 50.9583333333333 2.08333333333333 "郊区环境评价点" 116.832 40.37
"密云" 20161002 146.958333333333 207 1.05416666666667 32.375 89.875 7.25 "郊区环境评价点" 116.832 40.37
"密云" 20160529 22.9583333333333 65.4166666666667 0.304166666666667 22.8333333333333 115.5 3.33333333333333 "郊区环境评价点" 116.832 40.37
"密云" 20160720 31.9583333333333 79.375 0.675 4.70833333333333 70.375 2 "郊区环境评价点" 116.832 40.37
"密云" 20160811 83.5 109.666666666667 0.908333333333333 14 128.875 2.91666666666667 "郊区环境评价点" 116.832 40.37
"密云" 20160620 98.9166666666667 118.083333333333 1.08333333333333 26.7916666666667 176.208333333333 5.66666666666667 "郊区环境评价点" 116.832 40.37
"密云" 20161001 155.541666666667 156.541666666667 1.125 50.0833333333333 91 12.3333333333333 "郊区环境评价点" 116.832 40.37
"密云" 20160528 49.125 89.5 0.608333333333333 40.125 129.708333333333 8.91666666666667 "郊区环境评价点" 116.832 40.37
"密云" 20160102 208.347826086957 244.5 3.09130434782609 75.8695652173913 11.304347826087 30.6086956521739 "郊区环境评价点" 116.832 40.37
"密云" 20161221 365.666666666667 388.375 NA 110.416666666667 5.41666666666667 7.83333333333333 "郊区环境评价点" 116.832 40.37
"密云" 20160704 130.125 138.833333333333 1.24166666666667 19.5416666666667 171.541666666667 7.625 "郊区环境评价点" 116.832 40.37
"密云" 20161030 35.1666666666667 60.625 0.554166666666667 31.625 36.0416666666667 5.375 "郊区环境评价点" 116.832 40.37
"密云" 20160626 39.375 81.5 0.445833333333333 29.3333333333333 144.916666666667 4.29166666666667 "郊区环境评价点" 116.832 40.37
"密云" 20160315 121.15 103.35 1.49 61.2 29.5 26.4 "郊区环境评价点" 116.832 40.37
"密云" 20160123 5.04166666666667 22.9166666666667 0.979166666666667 5.25 69.2916666666667 4.95833333333333 "郊区环境评价点" 116.832 40.37
"密云" 20160915 67.5416666666667 117.041666666667 0.683333333333333 28.0833333333333 94.25 2 "郊区环境评价点" 116.832 40.37
"密云" 20160603 71.75 97.4166666666667 0.7 31.625 170.333333333333 14.1666666666667 "郊区环境评价点" 116.832 40.37
"密云" 20160907 38.3571428571429 56.9166666666667 0.571428571428571 15 99.8571428571429 3 "郊区环境评价点" 116.832 40.37
"密云" 20160405 90.9583333333333 111.083333333333 1.03333333333333 44.375 80.625 16.25 "郊区环境评价点" 116.832 40.37
"密云" 20160610 65.6666666666667 109.583333333333 0.654166666666667 12.2916666666667 139.083333333333 2.33333333333333 "郊区环境评价点" 116.832 40.37
"密云" 20160914 109.208333333333 135.25 1.10833333333333 35.25 96.0416666666667 2.75 "郊区环境评价点" 116.832 40.37
"密云" 20160213 6.58333333333333 94.0833333333333 0.270833333333333 3.5 73.875 2.45833333333333 "郊区环境评价点" 116.832 40.37
"密云" 20160724 50.0526315789474 100.888888888889 0.779166666666667 21.8333333333333 100.333333333333 2 "郊区环境评价点" 116.832 40.37
"密云" 20160426 65.3333333333333 119 1.36666666666667 39.9166666666667 107.666666666667 22.625 "郊区环境评价点" 116.832 40.37
"密云" 20161211 101 68.9130434782609 1.5952380952381 64.8333333333333 6.75 21.3333333333333 "郊区环境评价点" 116.832 40.37
"密云" 20161005 49.625 54.0833333333333 0.991666666666667 30.7916666666667 9.58333333333333 2.125 "郊区环境评价点" 116.832 40.37
"密云" 20160701 13 28.3333333333333 0.379166666666667 14.1666666666667 75.5416666666667 2 "郊区环境评价点" 116.832 40.37
"密云" 20160305 36.1666666666667 236.708333333333 0.379166666666667 10.5 70.9166666666667 4 "郊区环境评价点" 116.832 40.37
"密云" 20161225 129.266666666667 143.928571428571 NA 66.9333333333333 2.6 21.7333333333333 "郊区环境评价点" 116.832 40.37
"密云" 20161210 26.5416666666667 37.0416666666667 0.770833333333333 34 25.6666666666667 4.625 "郊区环境评价点" 116.832 40.37
"密云" 20160517 47.9583333333333 82.125 0.625 36 147.333333333333 8.29166666666667 "郊区环境评价点" 116.832 40.37
"密云" 20160715 33.625 62.0416666666667 0.691666666666667 15.875 86.2916666666667 2 "郊区环境评价点" 116.832 40.37
"密云" 20160531 45.0833333333333 99.75 0.683333333333333 31.5 107.958333333333 8.04166666666667 "郊区环境评价点" 116.832 40.37
"密云" 20160722 56.0833333333333 57.4166666666667 1.025 16.5416666666667 95.2916666666667 2 "郊区环境评价点" 116.832 40.37
"密云" 20160707 98.5 116.333333333333 1.1875 20.75 186.125 7.25 "郊区环境评价点" 116.832 40.37
"密云" 20160607 40.875 84.75 0.65 15 126.333333333333 2.75 "郊区环境评价点" 116.832 40.37
"密云" 20160729 134.666666666667 119.166666666667 1.36666666666667 14.25 124.416666666667 2 "郊区环境评价点" 116.832 40.37
"密云" 20160409 43.5416666666667 87.875 0.6375 40.25 54 8.54166666666667 "郊区环境评价点" 116.832 40.37
"密云" 20160805 39.1666666666667 77.375 0.6875 9.33333333333333 115.583333333333 2.5 "郊区环境评价点" 116.832 40.37
"密云" 20160812 56.8666666666667 109 0.833333333333333 19.2 52.4666666666667 2.06666666666667 "郊区环境评价点" 116.832 40.37
"密云" 20160217 34.875 29.2916666666667 0.979166666666667 33.375 43.5 8.33333333333333 "郊区环境评价点" 116.832 40.37
"密云" 20161017 60.4166666666667 134.416666666667 0.804166666666667 30.5 24.7916666666667 2 "郊区环境评价点" 116.832 40.37
"密云" 20160628 39.3333333333333 74.4166666666667 0.558333333333333 12.375 98.625 2 "郊区环境评价点" 116.832 40.37
"密云" 20160103 236.666666666667 290.791666666667 3.825 74.375 13.625 20.3333333333333 "郊区环境评价点" 116.832 40.37
"密云" 20161222 130.208333333333 352.375 NA 43.0416666666667 40.4166666666667 3.75 "郊区环境评价点" 116.832 40.37
"密云" 20160826 7.75 24.0833333333333 0.25 19.8333333333333 43.5416666666667 2 "郊区环境评价点" 116.832 40.37
"密云" 20161031 7.04166666666667 29.9166666666667 0.245833333333333 9.70833333333333 59.0833333333333 2 "郊区环境评价点" 116.832 40.37
"密云" 20160627 58.875 77.0833333333333 0.7 29.1666666666667 121.541666666667 6.54166666666667 "郊区环境评价点" 116.832 40.37
"密云" 20160316 234.458333333333 235.875 1.8375 64.1666666666667 58.0833333333333 28.2083333333333 "郊区环境评价点" 116.832 40.37
"密云" 20160124 11.3333333333333 24.25 1.1 11.5833333333333 69.125 6.16666666666667 "郊区环境评价点" 116.832 40.37
"密云" 20160916 102.125 112.666666666667 0.833333333333333 23.0833333333333 97.4166666666667 3.20833333333333 "郊区环境评价点" 116.832 40.37
"密云" 20160604 114 126.875 0.741666666666667 32.2916666666667 197.25 14.2083333333333 "郊区环境评价点" 116.832 40.37
"密云" 20160908 18.0416666666667 42.9583333333333 0.383333333333333 25.625 46.8333333333333 2.04166666666667 "郊区环境评价点" 116.832 40.37
"密云" 20160406 123.291666666667 111.95652173913 1.70833333333333 63.9583333333333 42.0416666666667 19.625 "郊区环境评价点" 116.832 40.37
"密云" 20160611 6.83333333333333 53.75 0.3375 20.625 65.5416666666667 2 "郊区环境评价点" 116.832 40.37
"密云" 20161007 34.125 67.0833333333333 1.25416666666667 27.9166666666667 14.1666666666667 2 "郊区环境评价点" 116.832 40.37
"密云" 20160214 6.16666666666667 23.75 0.2625 4.20833333333333 74.25 2.33333333333333 "郊区环境评价点" 116.832 40.37
"密云" 20160725 29.1538461538462 81.2 0.617391304347826 10.6521739130435 73.8260869565217 2.04347826086957 "郊区环境评价点" 116.832 40.37
"密云" 20160427 99.6666666666667 100.260869565217 0.916666666666667 57.2083333333333 61.9583333333333 7.125 "郊区环境评价点" 116.832 40.37
"密云" 20161212 200.947368421053 206.157894736842 NA 78.3157894736842 7.26315789473684 25.4210526315789 "郊区环境评价点" 116.832 40.37
"密云" 20161006 62.125 86.0416666666667 1.1625 27.4583333333333 3.04166666666667 2.45833333333333 "郊区环境评价点" 116.832 40.37
"密云" 20160702 41.1666666666667 73.9166666666667 0.658333333333333 15.6666666666667 138.75 2.79166666666667 "郊区环境评价点" 116.832 40.37
"密云" 20160306 44.7083333333333 78.5416666666667 1.07083333333333 42.2083333333333 26.9583333333333 12.5416666666667 "郊区环境评价点" 116.832 40.37
"密云" 20161226 34.2083333333333 119 NA 25.5416666666667 50.375 8.125 "郊区环境评价点" 116.832 40.37
"密云" 20160709 69.0833333333333 108.5 0.8 16.8333333333333 151.291666666667 5.29166666666667 "郊区环境评价点" 116.832 40.37
"密云" 20160518 55.9583333333333 94.6666666666667 0.620833333333333 24.7916666666667 162.416666666667 9.375 "郊区环境评价点" 116.832 40.37
"密云" 20160716 23.7916666666667 42.5833333333333 0.5875 19.0833333333333 73.9166666666667 3.95833333333333 "郊区环境评价点" 116.832 40.37
"密云" 20160601 26.1666666666667 68.4166666666667 0.5125 28.1666666666667 95.9583333333333 6.16666666666667 "郊区环境评价点" 116.832 40.37
"密云" 20160723 94.875 105.833333333333 1.07083333333333 23.1666666666667 97.5416666666667 2 "郊区环境评价点" 116.832 40.37
"密云" 20160708 80.5833333333333 118 1.19166666666667 21.2916666666667 146.666666666667 8 "郊区环境评价点" 116.832 40.37
"密云" 20160608 89.7916666666667 104.25 0.966666666666667 27.625 151 2.25 "郊区环境评价点" 116.832 40.37
"密云" 20160730 107.428571428571 203.6 1.65714285714286 16.2380952380952 93.8095238095238 2.23809523809524 "郊区环境评价点" 116.832 40.37
"密云" 20160410 52.5 133.666666666667 0.854166666666667 34.8333333333333 68 14.4583333333333 "郊区环境评价点" 116.832 40.37
"密云" 20160806 70.8260869565217 84.8095238095238 0.934782608695652 19.4347826086957 129.173913043478 2.43478260869565 "郊区环境评价点" 116.832 40.37
"密云" 20160813 18.5 38.7083333333333 0.625 20.125 28.3333333333333 2 "郊区环境评价点" 116.832 40.37
"密云" 20160218 28.75 62.7083333333333 0.733333333333333 19.75 59.875 4.125 "郊区环境评价点" 116.832 40.37
"密云" 20161018 98.2916666666667 92.7083333333333 1.43333333333333 43.7083333333333 4.66666666666667 4.54166666666667 "郊区环境评价点" 116.832 40.37
"密云" 20160629 69.5 77.8333333333333 0.720833333333333 18.8333333333333 95.0416666666667 2 "郊区环境评价点" 116.832 40.37
"密云" 20160104 23.0416666666667 164.913043478261 0.654166666666667 12.8333333333333 63.75 4.66666666666667 "郊区环境评价点" 116.832 40.37
"密云" 20161223 24.9444444444444 67.5 NA 28.1111111111111 40.0555555555556 5.16666666666667 "郊区环境评价点" 116.832 40.37
"密云" 20160827 9.91666666666667 25 0.266666666666667 20.7916666666667 38.5416666666667 2 "郊区环境评价点" 116.832 40.37
"密云" 20161101 38 38.7083333333333 0.816666666666667 48.1666666666667 18.125 3.625 "郊区环境评价点" 116.832 40.37
"密云" 20160910 9.75 27.875 0.3 24.5 46.25 2 "郊区环境评价点" 116.832 40.37
"密云" 20160317 260.208333333333 304.791666666667 2.225 82.2916666666667 49.8333333333333 24.4166666666667 "郊区环境评价点" 116.832 40.37
"密云" 20160125 32.9166666666667 38.125 1.88888888888889 33.7916666666667 39.75 23.8181818181818 "郊区环境评价点" 116.832 40.37
"密云" 20160917 20.375 79.9166666666667 0.520833333333333 24.5416666666667 25.3333333333333 2.04166666666667 "郊区环境评价点" 116.832 40.37
"密云" 20160605 111.5 158.708333333333 0.7 30.25 152.833333333333 14.1666666666667 "郊区环境评价点" 116.832 40.37
"密云" 20160909 11.5 30.6666666666667 0.329166666666667 22.4166666666667 33.5 2 "郊区环境评价点" 116.832 40.37
"密云" 20160407 110.727272727273 216.458333333333 0.966666666666667 30.8333333333333 55.4583333333333 3.08333333333333 "郊区环境评价点" 116.832 40.37
"密云" 20160612 56.625 85.4583333333333 1.11666666666667 31.3333333333333 153.125 7.20833333333333 "郊区环境评价点" 116.832 40.37
"密云" 20161008 8.83333333333333 29.8333333333333 0.2875 12.9583333333333 39.7083333333333 2 "郊区环境评价点" 116.832 40.37
"密云" 20160215 11.625 21.2083333333333 0.4875 11.125 60.875 3.625 "郊区环境评价点" 116.832 40.37
"密云" 20160726 16.9166666666667 41.75 0.4375 15.9166666666667 91.375 2.04166666666667 "郊区环境评价点" 116.832 40.37
"密云" 20160428 81.125 133.666666666667 0.8375 46.25 106.458333333333 8.04166666666667 "郊区环境评价点" 116.832 40.37
"密云" 20161213 22.9583333333333 158.416666666667 NA 21.6666666666667 57.125 4.875 "郊区环境评价点" 116.832 40.37
"密云" 20160505 45.6111111111111 52.6818181818182 1.41818181818182 43.7272727272727 68.3181818181818 8.72727272727273 "郊区环境评价点" 116.832 40.37
"密云" 20160824 61.5 83.7083333333333 0.979166666666667 22.875 103.291666666667 2.04166666666667 "郊区环境评价点" 116.832 40.37
"密云" 20160307 35.125 92.875 0.833333333333333 28.7916666666667 47.875 6.54166666666667 "郊区环境评价点" 116.832 40.37
"密云" 20161227 22.75 24.625 NA 30.75 36.0833333333333 5.79166666666667 "郊区环境评价点" 116.832 40.37
"密云" 20160710 91.4166666666667 127.913043478261 0.920833333333333 16.5 173.666666666667 4.54166666666667 "郊区环境评价点" 116.832 40.37
"密云" 20160519 90.6666666666667 120.416666666667 0.8625 31.5 203.708333333333 13.5416666666667 "郊区环境评价点" 116.832 40.37
"密云" 20160801 22.25 46.25 0.970833333333333 14.0416666666667 92.8333333333333 3.20833333333333 "郊区环境评价点" 116.832 40.37
"密云" 20160321 116.25 105.416666666667 1.06666666666667 68.4166666666667 54.2916666666667 14.0416666666667 "郊区环境评价点" 116.832 40.37
"密云" 20160129 49.625 75.6666666666667 2.025 40.4166666666667 31.6666666666667 27.75 "郊区环境评价点" 116.832 40.37
"密云" 20160921 36.7916666666667 40.0833333333333 0.6 31.75 28.875 4.04166666666667 "郊区环境评价点" 116.832 40.37
"密云" 20161119 98.5 195.125 1.54166666666667 41.9166666666667 19.0833333333333 6.25 "郊区环境评价点" 116.832 40.37
"密云" 20160731 17.2916666666667 70.375 0.6625 12.0833333333333 94.2083333333333 2 "郊区环境评价点" 116.832 40.37
"密云" 20160411 33.0869565217391 92.1578947368421 0.678260869565217 23.3913043478261 80.9565217391304 11.0434782608696 "郊区环境评价点" 116.832 40.37
"密云" 20161126 185.958333333333 194.583333333333 2.62916666666667 84.2083333333333 10.7916666666667 12.4583333333333 "郊区环境评价点" 116.832 40.37
"密云" 20160814 14.2083333333333 36.0833333333333 0.508333333333333 15.2916666666667 70.1666666666667 2 "郊区环境评价点" 116.832 40.37
"密云" 20160219 9.52173913043478 23.9130434782609 0.343478260869565 11.5217391304348 69.1739130434783 3.39130434782609 "郊区环境评价点" 116.832 40.37
"密云" 20161203 156.125 109.583333333333 2.075 73.6666666666667 8.70833333333333 14.9583333333333 "郊区环境评价点" 116.832 40.37
"密云" 20160502 39.9583333333333 173.708333333333 0.333333333333333 4.625 83.625 2.33333333333333 "郊区环境评价点" 116.832 40.37
"密云" 20160105 20.9583333333333 20.2083333333333 0.841666666666667 23.25 39.0416666666667 8.375 "郊区环境评价点" 116.832 40.37
"密云" 20160509 50.4583333333333 87.4583333333333 0.395833333333333 24.625 63.2083333333333 2.875 "郊区环境评价点" 116.832 40.37
"密云" 20160828 8.79166666666667 26.5416666666667 0.254166666666667 18.7916666666667 43.9583333333333 2 "郊区环境评价点" 116.832 40.37
"密云" 20161102 80.4583333333333 83.0416666666667 1.14166666666667 63.625 12.4583333333333 5.25 "郊区环境评价点" 116.832 40.37
"密云" 20160911 20.375 38.5833333333333 0.604166666666667 19.7083333333333 61.0833333333333 2 "郊区环境评价点" 116.832 40.37
"密云" 20160318 134.04347826087 274.958333333333 1.15416666666667 41.6666666666667 63.5833333333333 7.83333333333333 "郊区环境评价点" 116.832 40.37
"密云" 20160126 45.5416666666667 67.2083333333333 2 38.5833333333333 28.375 14.25 "郊区环境评价点" 116.832 40.37
"密云" 20160918 13.9166666666667 29 0.475 18 17.7083333333333 2 "郊区环境评价点" 116.832 40.37
"密云" 20160606 69.7826086956522 117.625 0.730434782608696 27.4583333333333 145.958333333333 7.75 "郊区环境评价点" 116.832 40.37
"密云" 20160728 47.625 84.5833333333333 0.608333333333333 9.5 137.791666666667 2.08333333333333 "郊区环境评价点" 116.832 40.37
"密云" 20160408 16.0434782608696 58.375 0.3625 35.2083333333333 58.5416666666667 2.75 "郊区环境评价点" 116.832 40.37
"密云" 20160613 38.0833333333333 66.125 0.616666666666667 16.875 97.5416666666667 2 "郊区环境评价点" 116.832 40.37
"密云" 20161009 29.375 34.7916666666667 0.4875 40.4166666666667 11.7916666666667 3.41666666666667 "郊区环境评价点" 116.832 40.37
"密云" 20160216 14.25 40.5 0.5875 17.625 54.9166666666667 3.625 "郊区环境评价点" 116.832 40.37
"密云" 20160727 40.625 73.9166666666667 0.595833333333333 11.7083333333333 129.958333333333 2.04166666666667 "郊区环境评价点" 116.832 40.37
"密云" 20160429 130.833333333333 101.666666666667 1.1625 48.2916666666667 101.083333333333 13.125 "郊区环境评价点" 116.832 40.37
"密云" 20161214 16.5833333333333 21.3333333333333 NA 25.0416666666667 45.2916666666667 6.66666666666667 "郊区环境评价点" 116.832 40.37
"密云" 20160506 50.75 143.75 1.25 5.83333333333333 89.5833333333333 2 "郊区环境评价点" 116.832 40.37
"密云" 20160825 23 68.7916666666667 0.35 16.6666666666667 53.9166666666667 2 "郊区环境评价点" 116.832 40.37
"密云" 20160308 7.55555555555556 29.8571428571429 0.244444444444444 7.38888888888889 73.1111111111111 2.16666666666667 "郊区环境评价点" 116.832 40.37
"密云" 20161228 63.2608695652174 79.695652173913 NA 37.7826086956522 27.695652173913 7 "郊区环境评价点" 116.832 40.37
"密云" 20160711 75.7916666666667 103.25 0.695833333333333 18.7916666666667 140.291666666667 4.04166666666667 "郊区环境评价点" 116.832 40.37
"密云" 20160520 72.125 116.458333333333 0.770833333333333 31.5416666666667 157.125 15 "郊区环境评价点" 116.832 40.37
"密云" 20160802 13.1363636363636 47.25 0.631818181818182 12.5454545454545 83.2272727272727 2 "郊区环境评价点" 116.832 40.37
"密云" 20160322 74.7272727272727 123.75 0.854166666666667 35.125 66.1666666666667 12.3333333333333 "郊区环境评价点" 116.832 40.37
"密云" 20160130 42.8333333333333 84.4583333333333 1.87083333333333 26.9166666666667 43.9166666666667 11.5 "郊区环境评价点" 116.832 40.37
"密云" 20160922 72.1666666666667 77.625 0.883333333333333 26.25 60.9166666666667 8.66666666666667 "郊区环境评价点" 116.832 40.37
"密云" 20161120 41.1666666666667 97.1666666666667 0.825 25.4583333333333 24.2916666666667 3 "郊区环境评价点" 116.832 40.37
"密云" 20161205 56.7083333333333 168.260869565217 1.1 31.4583333333333 35.9166666666667 5.79166666666667 "郊区环境评价点" 116.832 40.37
"密云" 20160412 56.5416666666667 67.2083333333333 0.666666666666667 32.125 51.5416666666667 3.5 "郊区环境评价点" 116.832 40.37
"密云" 20161127 53.5416666666667 169.875 0.9375 36.4166666666667 31.5416666666667 4.83333333333333 "郊区环境评价点" 116.832 40.37
"密云" 20160815 25.1666666666667 48.8333333333333 0.816666666666667 18.4166666666667 77.6666666666667 2.04166666666667 "郊区环境评价点" 116.832 40.37
"密云" 20160220 12.9130434782609 22.2727272727273 0.452380952380952 13.3809523809524 59.7619047619048 3.57142857142857 "郊区环境评价点" 116.832 40.37
"密云" 20161204 185.958333333333 262.416666666667 2.24583333333333 65.625 12.0416666666667 11.4583333333333 "郊区环境评价点" 116.832 40.37
"密云" 20160503 13.4545454545455 55.5833333333333 0.316666666666667 21.3333333333333 67.5416666666667 2.125 "郊区环境评价点" 116.832 40.37
"密云" 20160106 17 38.4347826086956 0.808695652173913 20.2173913043478 43.695652173913 5.39130434782609 "郊区环境评价点" 116.832 40.37
"密云" 20160510 37.5416666666667 63.875 0.429166666666667 25.2083333333333 88.125 2.08333333333333 "郊区环境评价点" 116.832 40.37
"密云" 20160829 11.8333333333333 29.4583333333333 0.341666666666667 22.125 64.5 3.125 "郊区环境评价点" 116.832 40.37
"密云" 20161103 179.416666666667 147.416666666667 1.79166666666667 87.7916666666667 7.375 9.75 "郊区环境评价点" 116.832 40.37
"密云" 20160905 20.75 64.375 0.433333333333333 23.125 60.1666666666667 2 "郊区环境评价点" 116.832 40.37
"密云" 20160319 53.6666666666667 74.1666666666667 0.908333333333333 43.5416666666667 47.5 17.0416666666667 "郊区环境评价点" 116.832 40.37
"密云" 20160127 65.3333333333333 63 2.2875 50.625 21.5416666666667 19.5833333333333 "郊区环境评价点" 116.832 40.37
"密云" 20160919 7.20833333333333 20.5833333333333 0.2625 16.6666666666667 38.5416666666667 2 "郊区环境评价点" 116.832 40.37
"密云" 20160926 55.7916666666667 112.478260869565 0.979166666666667 27.2916666666667 38.0416666666667 2.41666666666667 "郊区环境评价点" 116.832 40.37
"密云" 20160203 32.75 42.7083333333333 2.27916666666667 34.1666666666667 39.5 13.0833333333333 "郊区环境评价点" 116.832 40.37
"密云" 20160402 10.304347826087 36.2083333333333 0.283333333333333 7.125 79.0833333333333 2 "郊区环境评价点" 116.832 40.37
"密云" 20160210 90.2173913043478 83.4782608695652 2.0304347826087 41.6521739130435 35.6086956521739 22.9565217391304 "郊区环境评价点" 116.832 40.37
"密云" 20161010 79.4166666666667 69.7083333333333 0.883333333333333 50.625 16 8.95833333333333 "郊区环境评价点" 116.832 40.37
"密云" 20160416 30.3333333333333 73.875 0.3375 12.0833333333333 71.375 2.04166666666667 "郊区环境评价点" 116.832 40.37
"密云" 20161201 20.8333333333333 64.25 0.720833333333333 36.25 34.5833333333333 4.125 "郊区环境评价点" 116.832 40.37
"密云" 20160430 168.173913043478 238.583333333333 1.15833333333333 34.125 142.25 8.25 "郊区环境评价点" 116.832 40.37
"密云" 20161215 17.7083333333333 39.1666666666667 NA 30.2916666666667 33.7916666666667 5.5 "郊区环境评价点" 116.832 40.37
"密云" 20160507 25.5454545454545 53.5833333333333 0.1 25.0416666666667 80.375 3.16666666666667 "郊区环境评价点" 116.832 40.37
"密云" 20160804 62.6666666666667 78.375 1.36666666666667 18.2083333333333 121.25 2.41666666666667 "郊区环境评价点" 116.832 40.37
"密云" 20160309 8.34782608695652 21.6666666666667 0.265217391304348 7.56521739130435 67.8695652173913 2.43478260869565 "郊区环境评价点" 116.832 40.37
"密云" 20160201 12.4782608695652 22.9565217391304 1.49565217391304 22.2608695652174 54.6086956521739 7.26086956521739 "郊区环境评价点" 116.832 40.37
"密云" 20160712 33.375 85.2916666666667 0.533333333333333 12.7916666666667 92 3 "郊区环境评价点" 116.832 40.37
"密云" 20160521 42.4583333333333 91.8333333333333 0.604166666666667 34.5833333333333 145.958333333333 11.9166666666667 "郊区环境评价点" 116.832 40.37
"密云" 20160803 18.3809523809524 57.6111111111111 0.714285714285714 12.6190476190476 125.190476190476 2 "郊区环境评价点" 116.832 40.37
"密云" 20160323 10.6666666666667 51.7916666666667 0.208333333333333 5.91666666666667 82.4583333333333 2 "郊区环境评价点" 116.832 40.37
"密云" 20160131 9.54166666666667 25.9166666666667 1.12083333333333 13.625 63.6666666666667 6.45833333333333 "郊区环境评价点" 116.832 40.37
"密云" 20160923 121.166666666667 130.875 1.05833333333333 31.75 101.916666666667 4.41666666666667 "郊区环境评价点" 116.832 40.37
"密云" 20161121 5.70833333333333 27.5 0.2 6.04166666666667 65.7916666666667 2.16666666666667 "郊区环境评价点" 116.832 40.37
"密云" 20161206 55.2083333333333 43.6666666666667 1.375 56.4583333333333 14.4166666666667 10.5416666666667 "郊区环境评价点" 116.832 40.37
"密云" 20160413 150.05 141.541666666667 1.05833333333333 47.4166666666667 55.3333333333333 5.54166666666667 "郊区环境评价点" 116.832 40.37
"密云" 20161128 34.0833333333333 40.5416666666667 0.95 43.5416666666667 16.5833333333333 9.75 "郊区环境评价点" 116.832 40.37
"密云" 20160816 14.7272727272727 34.9090909090909 0.490909090909091 31.4545454545455 17.4545454545455 2 "郊区环境评价点" 116.832 40.37
"密云" 20160221 52.5 42.9545454545455 1.03181818181818 37.1818181818182 34.2272727272727 16.1818181818182 "郊区环境评价点" 116.832 40.37
"密云" 20161105 161.166666666667 227.739130434783 2.58333333333333 74.25 19.7083333333333 3.83333333333333 "郊区环境评价点" 116.832 40.37
"密云" 20160504 6.2 61.2083333333333 0.329166666666667 34.625 72.2083333333333 2.95833333333333 "郊区环境评价点" 116.832 40.37
"密云" 20160107 11.3333333333333 20.4347826086957 0.6375 12.9583333333333 51.375 5.875 "郊区环境评价点" 116.832 40.37
"密云" 20160511 158.052631578947 103.083333333333 1.0625 26.5416666666667 146.708333333333 6.79166666666667 "郊区环境评价点" 116.832 40.37
"密云" 20160830 19.4583333333333 46.5833333333333 0.470833333333333 27.0416666666667 87.9583333333333 2.625 "郊区环境评价点" 116.832 40.37
"密云" 20161104 217.5 275.041666666667 2.34583333333333 90.5833333333333 10.2916666666667 5.70833333333333 "郊区环境评价点" 116.832 40.37
"密云" 20160906 10.4444444444444 30.2941176470588 0.288888888888889 19.2777777777778 35.0555555555556 2.38888888888889 "郊区环境评价点" 116.832 40.37
"密云" 20160320 67.4166666666667 91.1666666666667 0.8625 44.9166666666667 47.8333333333333 8.54166666666667 "郊区环境评价点" 116.832 40.37
"密云" 20160128 88.75 122.75 2.37083333333333 52.125 25.8333333333333 25.0833333333333 "郊区环境评价点" 116.832 40.37
"密云" 20160920 11.625 26.2083333333333 0.266666666666667 24.0833333333333 39.7916666666667 2 "郊区环境评价点" 116.832 40.37
"密云" 20160927 17.5833333333333 54.0833333333333 0.454166666666667 14.2083333333333 39.7916666666667 2 "郊区环境评价点" 116.832 40.37
"密云" 20160204 11.0416666666667 36.6666666666667 1.64583333333333 10.5 71.7916666666667 4.125 "郊区环境评价点" 116.832 40.37
"密云" 20160403 15.1875 44 0.338888888888889 18.3888888888889 63.5555555555556 2.05555555555556 "郊区环境评价点" 116.832 40.37
"密云" 20160211 138.347826086957 145 2.92083333333333 55.0833333333333 18 33.4583333333333 "郊区环境评价点" 116.832 40.37
"密云" 20161011 117.458333333333 146.541666666667 1.225 43.5833333333333 30.3333333333333 7.70833333333333 "郊区环境评价点" 116.832 40.37
"密云" 20160417 11.0833333333333 38.0952380952381 0.25 10.4166666666667 86.9583333333333 2 "郊区环境评价点" 116.832 40.37
"密云" 20161202 48.5416666666667 46.0833333333333 1.075 44.5416666666667 18.2916666666667 8.29166666666667 "郊区环境评价点" 116.832 40.37
"密云" 20160501 212.083333333333 221.75 1.89166666666667 37.7083333333333 145.458333333333 17.5 "郊区环境评价点" 116.832 40.37
"密云" 20161216 37.75 29.1666666666667 NA 42.9166666666667 19.75 10.4583333333333 "郊区环境评价点" 116.832 40.37
"密云" 20160508 75.4583333333333 76.7083333333333 0.695833333333333 36.25 92.875 14.8333333333333 "郊区环境评价点" 116.832 40.37
"密云" 20161109 111.25 82.125 1.75 62.7916666666667 5.125 13.625 "郊区环境评价点" 116.832 40.37
"密云" 20160310 7.41666666666667 27.1666666666667 0.345833333333333 13.2083333333333 63.7916666666667 2.625 "郊区环境评价点" 116.832 40.37
"密云" 20160202 19.3333333333333 26.4583333333333 1.875 21.125 59.125 8.16666666666667 "郊区环境评价点" 116.832 40.37
"密云" 20160713 13.5416666666667 45.5833333333333 0.408333333333333 14.2916666666667 92.4583333333333 2.33333333333333 "郊区环境评价点" 116.832 40.37
"密云" 20160522 39.7916666666667 77.7083333333333 0.641666666666667 33.75 132 6.83333333333333 "郊区环境评价点" 116.832 40.37
"密云" 20161108 28.8333333333333 34.1666666666667 0.691666666666667 43.4166666666667 17.375 4.29166666666667 "郊区环境评价点" 116.832 40.37
"密云" 20160324 11.9047619047619 26.8333333333333 0.295833333333333 20.875 66.5 2.41666666666667 "郊区环境评价点" 116.832 40.37
"密云" 20161130 90.125 124.708333333333 1.64166666666667 52.6666666666667 24.9583333333333 9.5 "郊区环境评价点" 116.832 40.37
"密云" 20160924 91.2083333333333 124.333333333333 0.85 26.625 113.875 4.45833333333333 "郊区环境评价点" 116.832 40.37
"密云" 20161122 6.58333333333333 18.25 0.291666666666667 12.875 52.5 2.16666666666667 "郊区环境评价点" 116.832 40.37
"密云" 20161207 90.695652173913 99.6086956521739 1.85652173913043 66.6521739130435 9.52173913043478 14.8260869565217 "郊区环境评价点" 116.832 40.37
"密云" 20160414 12.65 109.454545454545 0.347826086956522 16.2608695652174 91 2.60869565217391 "郊区环境评价点" 116.832 40.37
"密云" 20161129 67.4583333333333 67.875 1.67083333333333 56.9166666666667 4.29166666666667 16.625 "郊区环境评价点" 116.832 40.37
"密云" 20160817 53.0833333333333 58 0.791666666666667 22.4166666666667 72.5833333333333 2.41666666666667 "郊区环境评价点" 116.832 40.37
"密云" 20160222 62.4782608695652 104.318181818182 1.02727272727273 18.1428571428571 49 11.0909090909091 "郊区环境评价点" 116.832 40.37
"密云" 20161106 81.125 179.5 1.05416666666667 57.9166666666667 22.7916666666667 7.58333333333333 "郊区环境评价点" 116.832 40.37
"密云" 20160207 47.2272727272727 58.2083333333333 0.975 22.2916666666667 47.0416666666667 11.125 "郊区环境评价点" 116.832 40.37
"密云" 20160108 19.875 26.4583333333333 0.9125 21.2916666666667 46.25 8.45833333333333 "郊区环境评价点" 116.832 40.37
"密云" 20160512 69.3333333333333 161.782608695652 0.517391304347826 17.0434782608696 64.4347826086957 2 "郊区环境评价点" 116.832 40.37
"密云" 20160831 15 38.4166666666667 0.275 23.2916666666667 63.7083333333333 2.45833333333333 "郊区环境评价点" 116.832 40.37
"密云" 20160329 15.3125 79.2727272727273 0.283333333333333 17.875 67.2916666666667 2.375 "郊区环境评价点" 116.832 40.37
"密云" 20160206 26.4761904761905 23.1739130434783 0.669565217391304 20.1739130434783 54.0869565217391 8.56521739130435 "郊区环境评价点" 116.832 40.37
"密云" 20160823 63.875 83.5416666666667 0.970833333333333 32 75.0416666666667 6.875 "郊区环境评价点" 116.832 40.37
"密云" 20161112 61.1666666666667 77.9583333333333 1.02916666666667 43.9166666666667 19.3333333333333 8.66666666666667 "郊区环境评价点" 116.832 40.37
"密云" 20161013 141.041666666667 143.333333333333 1.29166666666667 52.4583333333333 36.9166666666667 7.16666666666667 "郊区环境评价点" 116.832 40.37
"密云" 20160328 74.9545454545455 72.0416666666667 0.8625 59.6666666666667 35.6666666666667 11.875 "郊区环境评价点" 116.832 40.37
"密云" 20160205 7.91666666666667 24.5833333333333 1.00416666666667 6.375 77 3.375 "郊区环境评价点" 116.832 40.37
"密云" 20160822 67.0833333333333 90.9583333333333 1.1 26 134.583333333333 5.04166666666667 "郊区环境评价点" 116.832 40.37
"密云" 20161218 154.916666666667 210.583333333333 NA 58.8333333333333 12.4583333333333 14.6666666666667 "郊区环境评价点" 116.832 40.37
"密云" 20161012 82.3333333333333 122.708333333333 1.25833333333333 50.5416666666667 10.7916666666667 9.58333333333333 "郊区环境评价点" 116.832 40.37
"密云" 20160418 10.3 29.4444444444444 0.285 16.2 77.75 2 "郊区环境评价点" 116.832 40.37
"密云" 20160113 18.3333333333333 28 1.05 28.625 41.125 9.125 "郊区环境评价点" 116.832 40.37
"密云" 20160821 40.125 73.5833333333333 0.670833333333333 23.375 131.291666666667 2.20833333333333 "郊区环境评价点" 116.832 40.37
"密云" 20161217 119.25 92.0416666666667 NA 65.1666666666667 10.4166666666667 17.4583333333333 "郊区环境评价点" 116.832 40.37
"密云" 20161110 156.041666666667 198.625 1.5875 57.875 6.56521739130435 8.79166666666667 "郊区环境评价点" 116.832 40.37
"密云" 20160818 52.6666666666667 76.9166666666667 1.04583333333333 24.1666666666667 39.125 2 "郊区环境评价点" 116.832 40.37
"密云" 20160311 15.625 40.2916666666667 0.483333333333333 23.2916666666667 55.5416666666667 5.08333333333333 "郊区环境评价点" 116.832 40.37
"密云" 20161117 132.708333333333 147.375 2.57916666666667 68.2083333333333 3.33333333333333 21.875 "郊区环境评价点" 116.832 40.37
"密云" 20160714 32.7916666666667 62.5833333333333 0.704166666666667 19.7083333333333 128.333333333333 3 "郊区环境评价点" 116.832 40.37
"密云" 20160523 69.9583333333333 86.5833333333333 1.09166666666667 42.25 107.583333333333 9.25 "郊区环境评价点" 116.832 40.37
"密云" 20160513 20.3333333333333 45.875 0.425 31.5 79.6666666666667 3.70833333333333 "郊区环境评价点" 116.832 40.37
"密云" 20160325 26.5789473684211 32.3333333333333 0.422727272727273 26.0454545454545 61.3636363636364 2.86363636363636 "郊区环境评价点" 116.832 40.37
"密云" 20160111 5.95652173913043 21.4347826086957 0.639130434782609 7.73913043478261 61.5652173913044 4 "郊区环境评价点" 116.832 40.37
"密云" 20160925 125.416666666667 173.041666666667 1.13333333333333 30.3333333333333 66.3333333333333 3.41666666666667 "郊区环境评价点" 116.832 40.37
"密云" 20161123 10.375 17.6666666666667 0.533333333333333 21.3333333333333 35.875 5.25 "郊区环境评价点" 116.832 40.37
"密云" 20160401 62.5294117647059 142.75 0.5375 18.7083333333333 68.625 5.875 "郊区环境评价点" 116.832 40.37
"密云" 20160415 46.0416666666667 53.9583333333333 0.925 51.8333333333333 47.9583333333333 11.5 "郊区环境评价点" 116.832 40.37
"密云" 20160110 16.5833333333333 49.2608695652174 0.795833333333333 19.1666666666667 50.5416666666667 7.66666666666667 "郊区环境评价点" 116.832 40.37
"密云" 20160115 75.4166666666667 75.5833333333333 2.18333333333333 56.125 18.375 19.0833333333333 "郊区环境评价点" 116.832 40.37
"密云" 20160223 8.54166666666667 40.5416666666667 0.366666666666667 7.04166666666667 69.5833333333333 3.04166666666667 "郊区环境评价点" 116.832 40.37
"密云" 20161107 38.6666666666667 83.2916666666667 0.791666666666667 29.9166666666667 34.8333333333333 4 "郊区环境评价点" 116.832 40.37
"密云" 20160208 122.083333333333 157.75 0.866666666666667 24.8333333333333 48.7916666666667 24.8333333333333 "郊区环境评价点" 116.832 40.37
"密云" 20160109 39.8333333333333 48.5833333333333 1.46666666666667 45.625 18.8333333333333 13.875 "郊区环境评价点" 116.832 40.37
"密云" 20160114 45.625 47.875 1.7 46.7916666666667 19.7083333333333 16.9166666666667 "郊区环境评价点" 116.832 40.37
"密云" 20160901 11.1666666666667 50.5416666666667 0.225 17.25 42.1666666666667 2.125 "郊区环境评价点" 116.832 40.37
"密云" 20160330 29.4347826086957 32.4166666666667 0.354166666666667 19.9583333333333 81.7083333333333 5.08333333333333 "郊区环境评价点" 116.832 40.37
"密云" 20160116 145.208333333333 166.958333333333 3.49166666666667 72.75 8.875 41.7916666666667 "郊区环境评价点" 116.832 40.37
"密云" 20160819 14.2083333333333 42.8333333333333 0.641666666666667 16.25 66.4166666666667 2 "郊区环境评价点" 116.832 40.37
"密云" 20161113 82.4166666666667 87.0416666666667 1.67083333333333 53 7.29166666666667 10.125 "郊区环境评价点" 116.832 40.37
"密云" 20161014 239.791666666667 236.75 1.48333333333333 58.25 27.125 6.375 "郊区环境评价点" 116.832 40.37
"密云" 20160420 35.3333333333333 57 0.542857142857143 27.4285714285714 86.2380952380952 5.80952380952381 "郊区环境评价点" 116.832 40.37
"密云" 20161125 96.875 106.125 1.78333333333333 66.5833333333333 7.16666666666667 12.4166666666667 "郊区环境评价点" 116.832 40.37
"密云" 20161115 32.7083333333333 32.2083333333333 0.925 37.0833333333333 24.5416666666667 9.41666666666667 "郊区环境评价点" 116.832 40.37
"密云" 20161219 99.5 157.25 NA 48.5833333333333 15.8333333333333 11.6666666666667 "郊区环境评价点" 116.832 40.37
"密云" 20160228 30.2083333333333 47.4166666666667 0.745833333333333 20.7916666666667 53.2916666666667 4.20833333333333 "郊区环境评价点" 116.832 40.37
"密云" 20160419 47.9473684210526 58.2941176470588 0.910526315789474 43.3684210526316 52.0526315789474 14.8421052631579 "郊区环境评价点" 116.832 40.37
"密云" 20161124 50.5416666666667 36.6666666666667 1.20416666666667 52.9166666666667 14.875 9.08333333333333 "郊区环境评价点" 116.832 40.37
"密云" 20161114 39.1666666666667 109.458333333333 0.733333333333333 19.625 47.3333333333333 3.54166666666667 "郊区环境评价点" 116.832 40.37
"密云" 20160119 28.5 23.4090909090909 1.40952380952381 29.7142857142857 34.05 12.05 "郊区环境评价点" 116.832 40.37
"密云" 20161111 66.25 154 1.10833333333333 41.5416666666667 12.375 7.08333333333333 "郊区环境评价点" 116.832 40.37
"密云" 20160227 18.4166666666667 50.1666666666667 0.441666666666667 17.6666666666667 64.625 6.75 "郊区环境评价点" 116.832 40.37
"密云" 20160327 20.9 33.9166666666667 0.458333333333333 39.75 44.875 2.5 "郊区环境评价点" 116.832 40.37
"密云" 20161118 176.416666666667 200.416666666667 2.71666666666667 68.0833333333333 2.04347826086957 10.2083333333333 "郊区环境评价点" 116.832 40.37
"密云" 20160209 36.9166666666667 57 0.941666666666667 23.9166666666667 57.75 12.9166666666667 "郊区环境评价点" 116.832 40.37
"密云" 20160118 7.08333333333333 28.5833333333333 0.845833333333333 4.41666666666667 67.125 3.20833333333333 "郊区环境评价点" 116.832 40.37
"密云" 20160226 31.2083333333333 38.2083333333333 0.85 36.5416666666667 39.125 10.7083333333333 "郊区环境评价点" 116.832 40.37
"密云" 20160326 17.9565217391304 49.5833333333333 0.420833333333333 31 52.7916666666667 2.54166666666667 "郊区环境评价点" 116.832 40.37
"密云" 20160112 12.1739130434783 20.7272727272727 0.8 12.304347826087 56.7826086956522 5.73913043478261 "郊区环境评价点" 116.832 40.37
"密云" 20160820 32.25 48.2083333333333 0.65 25.7083333333333 79.7083333333333 2.45833333333333 "郊区环境评价点" 116.832 40.37
"密云" 20160117 49.6666666666667 133.041666666667 1.425 23.2916666666667 49.7916666666667 10.625 "郊区环境评价点" 116.832 40.37
"密云" 20160225 20.2916666666667 38.125 0.658333333333333 27 43.25 7 "郊区环境评价点" 116.832 40.37
"密云" 20161015 170.791666666667 275.041666666667 1.4125 51.2916666666667 7.82608695652174 4.875 "郊区环境评价点" 116.832 40.37
"密云" 20160421 67.0454545454545 82.4090909090909 0.704545454545455 47.0454545454545 68.2727272727273 5.72727272727273 "郊区环境评价点" 116.832 40.37
"密云" 20161209 18.3913043478261 43.9523809523809 0.71304347826087 33 33.6086956521739 3.91304347826087 "郊区环境评价点" 116.832 40.37
"密云" 20160224 18.0833333333333 22.5416666666667 0.575 19.25 52.5 6.54166666666667 "郊区环境评价点" 116.832 40.37
"密云" 20160229 18.4583333333333 27.9166666666667 0.529166666666667 16.7083333333333 67.2916666666667 4.83333333333333 "郊区环境评价点" 116.832 40.37
"密云" 20161208 75.5 145.565217391304 1.39583333333333 40.2083333333333 37.375 5.70833333333333 "郊区环境评价点" 116.832 40.37
"密云" 20161016 126.208333333333 180.833333333333 1.11666666666667 42 13.9583333333333 2.25 "郊区环境评价点" 116.832 40.37
"密云" 20160422 38.9166666666667 128.458333333333 0.2 6.66666666666667 96.8333333333333 2 "郊区环境评价点" 116.832 40.37
"密云" 20160902 5.625 25.3333333333333 0.308333333333333 14.375 13.9166666666667 2 "郊区环境评价点" 116.832 40.37
"密云" 20160331 108.333333333333 95.4583333333333 1.19166666666667 59.1666666666667 68.2083333333333 23.25 "郊区环境评价点" 116.832 40.37
"密云" 20160904 72.75 69.5 1.00833333333333 20.4583333333333 112.708333333333 5.29166666666667 "郊区环境评价点" 116.832 40.37
"密云" 20161116 84.8695652173913 86 1.53478260869565 52.9090909090909 14.2272727272727 9.39130434782609 "郊区环境评价点" 116.832 40.37
"密云" 20160301 100.695652173913 83 1.67826086956522 63.6521739130435 30.0434782608696 20.6521739130435 "郊区环境评价点" 116.832 40.37
"密云" 20160303 238.5 191.625 3.17083333333333 85.4583333333333 29.625 34.1666666666667 "郊区环境评价点" 116.832 40.37
"密云" 20160903 11.2916666666667 26.2916666666667 0.3625 15.375 50.4166666666667 2 "郊区环境评价点" 116.832 40.37
"密云" 20160302 117.166666666667 160.333333333333 1.72083333333333 61.6666666666667 34.3333333333333 16.5 "郊区环境评价点" 116.832 40.37
