"北部新区" 20161217 124.916666666667 138.583333333333 3.59166666666667 94.1666666666667 11.1739130434783 13.1666666666667 "城区环境评价点" 116.174 40.09
"北部新区" 20160314 80.695652173913 88.2173913043478 2.03478260869565 73.7391304347826 15.6818181818182 25.1739130434783 "城区环境评价点" 116.174 40.09
"北部新区" 20160914 84.5 124.416666666667 0.725 46.2 58.4285714285714 6.83333333333333 "城区环境评价点" 116.174 40.09
"北部新区" 20160317 348.5 359.041666666667 3.14583333333333 147.666666666667 13.875 22.0833333333333 "城区环境评价点" 116.174 40.09
"北部新区" 20160915 49.0833333333333 79.7916666666667 0.583333333333333 40.375 57.6666666666667 7.875 "城区环境评价点" 116.174 40.09
"北部新区" 20161109 158.416666666667 134.916666666667 3.1 101.173913043478 2.82608695652174 18.0833333333333 "城区环境评价点" 116.174 40.09
"北部新区" 20161212 239.421052631579 251.789473684211 4.47777777777778 119.842105263158 2.83333333333333 13.125 "城区环境评价点" 116.174 40.09
"北部新区" 20160214 5.78260869565217 16.0833333333333 0.221739130434783 10.7916666666667 48.875 6.16666666666667 "城区环境评价点" 116.174 40.09
"北部新区" 20160315 139.5 134.941176470588 2.3 87 11.2222222222222 32.1111111111111 "城区环境评价点" 116.174 40.09
"北部新区" 20161110 150.916666666667 242.416666666667 2.80833333333333 89.0416666666667 22.875 20.7916666666667 "城区环境评价点" 116.174 40.09
"北部新区" 20160115 96.8333333333333 107.958333333333 3.65416666666667 75.125 4.75 37 "城区环境评价点" 116.174 40.09
"北部新区" 20160911 27.3333333333333 57.0416666666667 0.508333333333333 46.3333333333333 48.625 5 "城区环境评价点" 116.174 40.09
"北部新区" 20161214 36.9166666666667 70.5833333333333 1.51666666666667 56.9583333333333 24.5416666666667 6.70833333333333 "城区环境评价点" 116.174 40.09
"北部新区" 20161218 204.260869565217 205.391304347826 4.59565217391304 114.95652173913 6.8695652173913 12.8695652173913 "城区环境评价点" 116.174 40.09
"北部新区" 20160913 86.1666666666667 81.5 0.7375 53.2916666666667 49.0833333333333 5.95833333333333 "城区环境评价点" 116.174 40.09
"北部新区" 20160928 21.3181818181818 45.1666666666667 0.316666666666667 43.5833333333333 25.6521739130435 8.08333333333333 "城区环境评价点" 116.174 40.09
"北部新区" 20161210 72.75 74.0416666666667 2.4125 88.6666666666667 5.625 14.9583333333333 "城区环境评价点" 116.174 40.09
"北部新区" 20160212 171.95652173913 233.739130434783 4.04782608695652 60.1739130434783 11.0434782608696 23.3913043478261 "城区环境评价点" 116.174 40.09
"北部新区" 20160920 17.25 39.9583333333333 0.309090909090909 47.2727272727273 25.1 9 "城区环境评价点" 116.174 40.09
"北部新区" 20161019 168.625 173.583333333333 2.09583333333333 69.7083333333333 29.9583333333333 11.625 "城区环境评价点" 116.174 40.09
"北部新区" 20160912 38.7272727272727 54.5 0.578260869565217 41.875 47.1304347826087 7.27272727272727 "城区环境评价点" 116.174 40.09
"北部新区" 20161105 152.75 250.304347826087 3.35416666666667 116.958333333333 21.6666666666667 11.7916666666667 "城区环境评价点" 116.174 40.09
"北部新区" 20161219 216.608695652174 273.304347826087 4.84782608695652 109.260869565217 10.0909090909091 12.9130434782609 "城区环境评价点" 116.174 40.09
"北部新区" 20160919 11.2916666666667 27.125 0.229166666666667 38.1666666666667 27.625 9.625 "城区环境评价点" 116.174 40.09
"北部新区" 20161211 154.416666666667 136.173913043478 4.10833333333333 116.333333333333 2.34782608695652 16.5 "城区环境评价点" 116.174 40.09
"北部新区" 20161216 70.4090909090909 56.875 2.62916666666667 98 8.83333333333333 14.9583333333333 "城区环境评价点" 116.174 40.09
"北部新区" 20160112 21.0416666666667 38.7826086956522 0.683333333333333 32.0833333333333 27.5217391304348 12.1666666666667 "城区环境评价点" 116.174 40.09
"北部新区" 20161111 72.9166666666667 113.916666666667 2.01666666666667 79.6666666666667 14.4782608695652 14.0416666666667 "城区环境评价点" 116.174 40.09
"北部新区" 20160918 24.5416666666667 50.8181818181818 0.379166666666667 37.6086956521739 21.0869565217391 9.08333333333333 "城区环境评价点" 116.174 40.09
"北部新区" 20160318 225.166666666667 380.041666666667 2.6 118.291666666667 19.1818181818182 12.5416666666667 "城区环境评价点" 116.174 40.09
"北部新区" 20161215 31.4583333333333 60.2916666666667 1.24166666666667 44.2916666666667 35.8260869565217 7.45833333333333 "城区环境评价点" 116.174 40.09
"北部新区" 20160325 21.3809523809524 52.4285714285714 0.559090909090909 67.5909090909091 22.4545454545455 7.95454545454545 "城区环境评价点" 116.174 40.09
"北部新区" 20160202 41.9583333333333 43.625 2.86666666666667 52 18.4166666666667 33.125 "城区环境评价点" 116.174 40.09
"北部新区" 20160917 46.625 106.333333333333 0.6625 47.4583333333333 14.8333333333333 8.33333333333333 "城区环境评价点" 116.174 40.09
"北部新区" 20161002 180.227272727273 231.041666666667 1.29583333333333 71.375 44.5652173913044 11.125 "城区环境评价点" 116.174 40.09
"北部新区" 20160209 49.0416666666667 69 2.29583333333333 37.125 33.4782608695652 28.3333333333333 "城区环境评价点" 116.174 40.09
"北部新区" 20161016 129.75 195.166666666667 1.1 71.8333333333333 15.0869565217391 10.0833333333333 "城区环境评价点" 116.174 40.09
"北部新区" 20161102 98.0833333333333 116.875 1.89583333333333 80.5833333333333 14 15.1666666666667 "城区环境评价点" 116.174 40.09
"北部新区" 20160916 105.041666666667 108.5 0.95 42.9583333333333 85.9565217391304 8.45833333333333 "城区环境评价点" 116.174 40.09
"北部新区" 20160316 255.047619047619 242.75 2.84166666666667 111.826086956522 16.5909090909091 28.2083333333333 "城区环境评价点" 116.174 40.09
"北部新区" 20160311 31.0416666666667 78.75 1.07916666666667 48.7083333333333 27.5 15.6666666666667 "城区环境评价点" 116.174 40.09
"北部新区" 20161213 103.166666666667 243.416666666667 2.8125 77.1666666666667 15.695652173913 9.29166666666667 "城区环境评价点" 116.174 40.09
"北部新区" 20160215 6.75 32.1666666666667 0.216666666666667 11.4583333333333 52.1666666666667 7.375 "城区环境评价点" 116.174 40.09
"北部新区" 20161106 69.875 151.041666666667 1.02916666666667 48.4583333333333 37.375 13.2083333333333 "城区环境评价点" 116.174 40.09
"北部新区" 20161220 318.608695652174 304.181818181818 6.71304347826087 139.304347826087 5.08695652173913 6 "城区环境评价点" 116.174 40.09
"北部新区" 20160116 146.125 170 3.12083333333333 78.1666666666667 4.21739130434783 40.125 "城区环境评价点" 116.174 40.09
"北部新区" 20160718 116.25 124.5 0.958333333333333 70.375 34.9565217391304 7.04166666666667 "城区环境评价点" 116.174 40.09
"北部新区" 20160907 40.2857142857143 80.3333333333333 0.492857142857143 44.9285714285714 89.6428571428571 14 "城区环境评价点" 116.174 40.09
"北部新区" 20160922 93.8333333333333 108.375 0.9 57.6666666666667 42.6086956521739 16.2083333333333 "城区环境评价点" 116.174 40.09
"北部新区" 20161112 95.5833333333333 118.583333333333 2.54166666666667 78.125 19.0416666666667 13.4583333333333 "城区环境评价点" 116.174 40.09
"北部新区" 20160929 47.125 56 0.5125 59.6666666666667 31.25 11.125 "城区环境评价点" 116.174 40.09
"北部新区" 20160717 69 63.5416666666667 0.845833333333333 69.7916666666667 57.5416666666667 5.95833333333333 "城区环境评价点" 116.174 40.09
"北部新区" 20160213 9.54166666666667 104.166666666667 0.529166666666667 20.2916666666667 42.6086956521739 10.125 "城区环境评价点" 116.174 40.09
"北部新区" 20160921 57.625 61.2083333333333 0.75 70.1666666666667 19 8.04166666666667 "城区环境评价点" 116.174 40.09
"北部新区" 20161020 83.6666666666667 196.583333333333 1.3125 47.1739130434783 20.7391304347826 7.95833333333333 "城区环境评价点" 116.174 40.09
"北部新区" 20160617 36.9583333333333 52.75 0.420833333333333 51.3333333333333 18.7916666666667 9 "城区环境评价点" 116.174 40.09
"北部新区" 20160205 8.125 26.125 0.341666666666667 16.7083333333333 51.6521739130435 8.04166666666667 "城区环境评价点" 116.174 40.09
"北部新区" 20161012 84.0909090909091 113.041666666667 1.1375 79.75 4.4 20.6363636363636 "城区环境评价点" 116.174 40.09
"北部新区" 20160609 118.619047619048 177.05 0.895238095238095 49.7142857142857 73.7619047619048 8.80952380952381 "城区环境评价点" 116.174 40.09
"北部新区" 20161103 155.875 147.166666666667 2.38333333333333 112.791666666667 7.33333333333333 12.5416666666667 "城区环境评价点" 116.174 40.09
"北部新区" 20160616 35.9166666666667 45.9166666666667 0.4875 76.5416666666667 27.0434782608696 9.125 "城区环境评价点" 116.174 40.09
"北部新区" 20160113 22.6666666666667 49.2083333333333 0.7625 38.875 29.375 19 "城区环境评价点" 116.174 40.09
"北部新区" 20160312 116.958333333333 99.5416666666667 2.29166666666667 88.6666666666667 5.78260869565217 28 "城区环境评价点" 116.174 40.09
"北部新区" 20160608 108.391304347826 105.608695652174 0.917391304347826 45.695652173913 69.0909090909091 6.30434782608696 "城区环境评价点" 116.174 40.09
"北部新区" 20160319 45 119.375 1.02083333333333 78.9583333333333 17.375 11.1666666666667 "城区环境评价点" 116.174 40.09
"北部新区" 20160707 111.708333333333 123.208333333333 0.933333333333333 41.4545454545455 72.7083333333333 6.125 "城区环境评价点" 116.174 40.09
"北部新区" 20160326 13.7916666666667 52.5416666666667 0.470833333333333 66.25 27.2608695652174 9 "城区环境评价点" 116.174 40.09
"北部新区" 20160203 56.7391304347826 83.625 3.55 48.0416666666667 21.7826086956522 35.625 "城区环境评价点" 116.174 40.09
"北部新区" 20160607 54.1818181818182 90.4166666666667 0.604166666666667 33.9545454545455 52.5 5.04166666666667 "城区环境评价点" 116.174 40.09
"北部新区" 20161003 137.666666666667 214.625 1.05416666666667 60.125 47 11.4583333333333 "城区环境评价点" 116.174 40.09
"北部新区" 20160210 93.5833333333333 102.583333333333 2.9 61.0833333333333 14.5833333333333 36.8333333333333 "城区环境评价点" 116.174 40.09
"北部新区" 20161017 46.7916666666667 117.875 0.704166666666667 61.875 19.875 10.2608695652174 "城区环境评价点" 116.174 40.09
"北部新区" 20160217 37.5416666666667 39.4583333333333 1.26666666666667 45.0416666666667 37.125 22.2916666666667 "城区环境评价点" 116.174 40.09
"北部新区" 20160606 87.4347826086957 104.913043478261 0.743478260869565 54.8260869565217 77 8 "城区环境评价点" 116.174 40.09
"北部新区" 20161222 58.304347826087 292.375 1.675 46.8333333333333 39.4166666666667 8.58333333333333 "城区环境评价点" 116.174 40.09
"北部新区" 20161031 7.85714285714286 49.2173913043478 0.239130434782609 12.0869565217391 47.7727272727273 7.72727272727273 "城区环境评价点" 116.174 40.09
"北部新区" 20160628 72.0416666666667 90.2916666666667 0.516666666666667 24.9166666666667 28.3478260869565 5.79166666666667 "城区环境评价点" 116.174 40.09
"北部新区" 20160216 6.33333333333333 55 0.381818181818182 12.695652173913 58.5217391304348 8.5 "城区环境评价点" 116.174 40.09
"北部新区" 20161107 35.75 81.125 0.745833333333333 46.4583333333333 33.9583333333333 9.95833333333333 "城区环境评价点" 116.174 40.09
"北部新区" 20161221 393.916666666667 405.333333333333 7.8375 175.208333333333 4.95652173913043 10.25 "城区环境评价点" 116.174 40.09
"北部新区" 20160117 44.2916666666667 133.958333333333 0.929166666666667 33.25 35.3333333333333 10.0416666666667 "城区环境评价点" 116.174 40.09
"北部新区" 20160719 78.125 143.291666666667 0.908333333333333 41.5 20.7083333333333 6.45833333333333 "城区环境评价点" 116.174 40.09
"北部新区" 20160908 16 59.1666666666667 0.3 40.5 35.1304347826087 9.70833333333333 "城区环境评价点" 116.174 40.09
"北部新区" 20160923 106.636363636364 124 0.890909090909091 21.15 68.6363636363636 17.2272727272727 "城区环境评价点" 116.174 40.09
"北部新区" 20161113 94.5 121.708333333333 1.91666666666667 92.9583333333333 17.9130434782609 9.16666666666667 "城区环境评价点" 116.174 40.09
"北部新区" 20160930 97.3333333333333 100.541666666667 0.758333333333333 76.625 56.3478260869565 13.5416666666667 "城区环境评价点" 116.174 40.09
"北部新区" 20160207 30.3478260869565 44.7826086956522 1.17391304347826 32.1739130434783 41.0909090909091 26.0869565217391 "城区环境评价点" 116.174 40.09
"北部新区" 20161014 202.666666666667 187.541666666667 1.58333333333333 90.9583333333333 28.3913043478261 14.0416666666667 "城区环境评价点" 116.174 40.09
"北部新区" 20160611 19.4583333333333 49.9166666666667 0.254166666666667 63.4166666666667 38.8333333333333 6.125 "城区环境评价点" 116.174 40.09
"北部新区" 20161021 42.7916666666667 67.625 0.7 3.04166666666667 24.4583333333333 7.83333333333333 "城区环境评价点" 116.174 40.09
"北部新区" 20160618 47.4347826086956 56.6521739130435 0.521739130434783 58.5652173913044 51.5 7.69565217391304 "城区环境评价点" 116.174 40.09
"北部新区" 20160206 13.7083333333333 33.5 0.5 22.9166666666667 47.0416666666667 11.75 "城区环境评价点" 116.174 40.09
"北部新区" 20161013 110.375 122.291666666667 1.21304347826087 61.8695652173913 34.3913043478261 10.9 "城区环境评价点" 116.174 40.09
"北部新区" 20160610 48.7083333333333 103.541666666667 0.470833333333333 39.9583333333333 61.304347826087 6.95833333333333 "城区环境评价点" 116.174 40.09
"北部新区" 20161104 245.217391304348 261.782608695652 3.88260869565217 127.608695652174 8.69565217391304 15.1304347826087 "城区环境评价点" 116.174 40.09
"北部新区" 20160709 91.7826086956522 126.916666666667 0.754166666666667 41.7916666666667 57.5 11.0833333333333 "城区环境评价点" 116.174 40.09
"北部新区" 20160114 45.0416666666667 66.0416666666667 1.23333333333333 47.125 27.2173913043478 25.4166666666667 "城区环境评价点" 116.174 40.09
"北部新区" 20160313 36.2083333333333 120.875 0.9875 46.9583333333333 35.2083333333333 13 "城区环境评价点" 116.174 40.09
"北部新区" 20161118 170 179.041666666667 3.68333333333333 113.333333333333 10.125 17.5416666666667 "城区环境评价点" 116.174 40.09
"北部新区" 20160320 68.75 105.291666666667 1.01666666666667 100.125 13.8695652173913 9.5 "城区环境评价点" 116.174 40.09
"北部新区" 20160708 97.6666666666667 134.5 0.925 34.75 56.7826086956522 9.54166666666667 "城区环境评价点" 116.174 40.09
"北部新区" 20160327 23.0833333333333 58.25 0.566666666666667 73.3333333333333 21.3333333333333 11.7916666666667 "城区环境评价点" 116.174 40.09
"北部新区" 20160204 11.2916666666667 39.625 0.508333333333333 24.1666666666667 44.9583333333333 12.7916666666667 "城区环境评价点" 116.174 40.09
"北部新区" 20161117 131.291666666667 178.25 3.62916666666667 92.5416666666667 8.82608695652174 15.5416666666667 "城区环境评价点" 116.174 40.09
"北部新区" 20161004 35.1666666666667 105.75 0.904166666666667 55.4166666666667 9.08695652173913 8.79166666666667 "城区环境评价点" 116.174 40.09
"北部新区" 20160211 167.375 163.416666666667 5.14166666666667 76.7916666666667 2.65217391304348 59.25 "城区环境评价点" 116.174 40.09
"北部新区" 20161018 98.1666666666667 94 1.47083333333333 81.8333333333333 9.04347826086956 8.33333333333333 "城区环境评价点" 116.174 40.09
"北部新区" 20160218 16.5 55.375 0.454166666666667 26.875 54.2916666666667 13.7916666666667 "城区环境评价点" 116.174 40.09
"北部新区" 20161116 120.95 128.52380952381 3.15238095238095 103.952380952381 8.3 19.8095238095238 "城区环境评价点" 116.174 40.09
"北部新区" 20161223 38.5882352941176 44.3333333333333 1.21764705882353 65.3529411764706 19.3125 5.94117647058824 "城区环境评价点" 116.174 40.09
"北部新区" 20161101 50.6666666666667 59.0416666666667 0.9 61.2083333333333 17.0416666666667 10.5416666666667 "城区环境评价点" 116.174 40.09
"北部新区" 20160629 106.541666666667 117.958333333333 0.729166666666667 36.5833333333333 42.1666666666667 6.33333333333333 "城区环境评价点" 116.174 40.09
"北部新区" 20160910 21.1666666666667 56.5 0.395833333333333 48.75 39.304347826087 7.875 "城区环境评价点" 116.174 40.09
"北部新区" 20161108 50.2083333333333 66.0833333333333 1.20416666666667 66.8333333333333 17.7916666666667 12.9166666666667 "城区环境评价点" 116.174 40.09
"北部新区" 20161115 63.1666666666667 88.0833333333333 2.49166666666667 81.7083333333333 9.39130434782609 17.4166666666667 "城区环境评价点" 116.174 40.09
"北部新区" 20160118 10.2608695652174 42.375 0.370833333333333 19.2083333333333 36.695652173913 9.45833333333333 "城区环境评价点" 116.174 40.09
"北部新区" 20160720 31.6666666666667 74.375 0.55 20.2916666666667 32.6086956521739 6.95833333333333 "城区环境评价点" 116.174 40.09
"北部新区" 20160909 21.0833333333333 58.375 0.370833333333333 49.0416666666667 24.8333333333333 9.54166666666667 "城区环境评价点" 116.174 40.09
"北部新区" 20160924 98.2916666666667 126.625 0.795833333333333 47.75 68 10.875 "城区环境评价点" 116.174 40.09
"北部新区" 20161114 52.1363636363636 113.791666666667 1.31739130434783 63.1363636363636 31.9583333333333 8.66666666666667 "城区环境评价点" 116.174 40.09
"北部新区" 20161001 167.625 168.666666666667 1.2375 90.5416666666667 47.9166666666667 16.1666666666667 "城区环境评价点" 116.174 40.09
"北部新区" 20160208 117.75 138.458333333333 1.0875 29.7083333333333 36.5 32.125 "城区环境评价点" 116.174 40.09
"北部新区" 20161015 160.260869565217 249.130434782609 1.67826086956522 87.1304347826087 4.95652173913043 9.82608695652174 "城区环境评价点" 116.174 40.09
"北部新区" 20160612 77 70.2916666666667 0.875 55.5 49.3478260869565 7.41666666666667 "城区环境评价点" 116.174 40.09
"北部新区" 20161022 21.4583333333333 49.4166666666667 0.6625 2.04166666666667 24.6086956521739 7.20833333333333 "城区环境评价点" 116.174 40.09
"北部新区" 20160619 58.0416666666667 80.875 0.608333333333333 75.5833333333333 53.4583333333333 8.04166666666667 "城区环境评价点" 116.174 40.09
"北部新区" 20161029 32.125 52.5416666666667 0.858333333333333 51.875 16.8333333333333 9.875 "城区环境评价点" 116.174 40.09
"北部新区" 20160626 51.3333333333333 60.875 0.533333333333333 52.2083333333333 59.0434782608696 8.83333333333333 "城区环境评价点" 116.174 40.09
"北部新区" 20160505 74.9166666666667 73.625 0.75 88.6666666666667 NA 9.75 "城区环境评价点" 116.174 40.09
"北部新区" 20160307 41.1666666666667 133.833333333333 1.2 46.5 32.25 11.0833333333333 "城区环境评价点" 116.174 40.09
"北部新区" 20160710 106.761904761905 124.652173913043 0.808333333333333 44.0416666666667 59.4782608695652 8.625 "城区环境评价点" 116.174 40.09
"北部新区" 20160512 39.4583333333333 158.541666666667 0.466666666666667 40.2916666666667 NA 10.125 "城区环境评价点" 116.174 40.09
"北部新区" 20160405 111.125 123.583333333333 0.975 94.8260869565217 35.695652173913 14.5 "城区环境评价点" 116.174 40.09
"北部新区" 20161119 103.869565217391 203.375 2.07083333333333 77.3333333333333 30.7391304347826 13.3333333333333 "城区环境评价点" 116.174 40.09
"北部新区" 20160321 120 136.5 1.325 113.625 18.25 13.375 "城区环境评价点" 116.174 40.09
"北部新区" 20160526 33.9166666666667 47.25 0.233333333333333 40.4583333333333 44.7083333333333 6.625 "城区环境评价点" 116.174 40.09
"北部新区" 20160328 67.0416666666667 98.3333333333333 0.858333333333333 93.875 12 13.7916666666667 "城区环境评价点" 116.174 40.09
"北部新区" 20160404 69.9583333333333 91.5416666666667 0.795833333333333 79 28.4583333333333 12 "城区环境评价点" 116.174 40.09
"北部新区" 20160807 17.6086956521739 69.9 0.352173913043478 17.9565217391304 53.7727272727273 7.08695652173913 "城区环境评价点" 116.174 40.09
"北部新区" 20161005 42.0833333333333 46.3333333333333 0.808333333333333 50.0416666666667 39.9583333333333 9.04166666666667 "城区环境评价点" 116.174 40.09
"北部新区" 20160411 64.75 73.3333333333333 0.55 55.5833333333333 39.8333333333333 13.25 "城区环境评价点" 116.174 40.09
"北部新区" 20160418 27.85 45.8333333333333 0.29 77.05 37.2 5.7 "城区环境评价点" 116.174 40.09
"北部新区" 20160219 25.625 64.25 0.958333333333333 39.5 32.5217391304348 13.625 "城区环境评价点" 116.174 40.09
"北部新区" 20161026 NA 92.4210526315789 0.847619047619048 58 27.6842105263158 9.52380952380952 "城区环境评价点" 116.174 40.09
"北部新区" 20161224 116.25 100.916666666667 2.61666666666667 114.916666666667 5.125 9.25 "城区环境评价点" 116.174 40.09
"北部新区" 20160304 396.478260869565 398.791666666667 6.09583333333333 124 4.82608695652174 30.6666666666667 "城区环境评价点" 116.174 40.09
"北部新区" 20160630 65.9565217391304 122.458333333333 0.5625 36.4583333333333 38.8260869565217 7.5 "城区环境评价点" 116.174 40.09
"北部新区" 20160509 51.7826086956522 91.2173913043478 0.526086956521739 74.9565217391304 NA 8.65217391304348 "城区环境评价点" 116.174 40.09
"北部新区" 20160904 90.2083333333333 92.375 0.8625 54.1666666666667 75.4347826086957 5.66666666666667 "城区环境评价点" 116.174 40.09
"北部新区" 20160516 35.7272727272727 52.4583333333333 0.4 NA NA 10.5 "城区环境评价点" 116.174 40.09
"北部新区" 20160119 70.5416666666667 68.375 1.99166666666667 64.9166666666667 7.79166666666667 26.5833333333333 "城区环境评价点" 116.174 40.09
"北部新区" 20160721 26.0416666666667 24 0.579166666666667 18.695652173913 30.3333333333333 7.875 "城区环境评价点" 116.174 40.09
"北部新区" 20161123 14.4166666666667 34.875 0.629166666666667 27.5 41.0869565217391 11.3333333333333 "城区环境评价点" 116.174 40.09
"北部新区" 20160925 167.708333333333 194.583333333333 1.24583333333333 60.125 25.5416666666667 5.66666666666667 "城区环境评价点" 116.174 40.09
"北部新区" 20161009 34.75 41.1666666666667 0.583333333333333 56.5416666666667 21.5416666666667 9.70833333333333 "城区环境评价点" 116.174 40.09
"北部新区" 20160401 34.7083333333333 152.25 0.391666666666667 85.75 26.7391304347826 8.29166666666667 "城区环境评价点" 116.174 40.09
"北部新区" 20160408 25.25 90 0.305882352941176 77.6875 22.3529411764706 5.82352941176471 "城区环境评价点" 116.174 40.09
"北部新区" 20160415 77.5 88.8333333333333 0.858333333333333 138.391304347826 13.3913043478261 10.5 "城区环境评价点" 116.174 40.09
"北部新区" 20160613 47.5833333333333 87.75 0.483333333333333 41 36.9090909090909 6.95833333333333 "城区环境评价点" 116.174 40.09
"北部新区" 20161023 28.1111111111111 42.1666666666667 0.5375 3.83333333333333 23.625 8.45833333333333 "城区环境评价点" 116.174 40.09
"北部新区" 20160620 78.695652173913 93.2083333333333 0.7625 63.4166666666667 67 7.58333333333333 "城区环境评价点" 116.174 40.09
"北部新区" 20161030 45.4583333333333 88.0833333333333 0.85 50.7916666666667 22.75 11.3333333333333 "城区环境评价点" 116.174 40.09
"北部新区" 20160627 63.5833333333333 77.5416666666667 0.579166666666667 46.9166666666667 50.7083333333333 7.25 "城区环境评价点" 116.174 40.09
"北部新区" 20160506 76.625 143.291666666667 0.233333333333333 68.125 NA 4.875 "城区环境评价点" 116.174 40.09
"北部新区" 20160308 11.3888888888889 40.2857142857143 0.338888888888889 26.7222222222222 44 6.66666666666667 "城区环境评价点" 116.174 40.09
"北部新区" 20160711 96.695652173913 113.666666666667 0.775 43.5652173913044 56.7916666666667 9.54166666666667 "城区环境评价点" 116.174 40.09
"北部新区" 20160513 33.75 68.5625 0.35 150.9375 NA 8.4375 "城区环境评价点" 116.174 40.09
"北部新区" 20160406 136.583333333333 139.173913043478 1.74583333333333 128.375 13.9166666666667 20.8333333333333 "城区环境评价点" 116.174 40.09
"北部新区" 20161120 64.75 130.75 1.575 61.8333333333333 12.7916666666667 6.66666666666667 "城区环境评价点" 116.174 40.09
"北部新区" 20160322 121.875 180.333333333333 1.79166666666667 113.541666666667 9.43478260869565 19.7916666666667 "城区环境评价点" 116.174 40.09
"北部新区" 20160527 63.875 57.5833333333333 0.5875 59.7083333333333 52.9565217391304 9.875 "城区环境评价点" 116.174 40.09
"北部新区" 20160329 20.7826086956522 95.2857142857143 0.430434782608696 76.0952380952381 20.4761904761905 8.8695652173913 "城区环境评价点" 116.174 40.09
"北部新区" 20160221 79.2916666666667 73.4166666666667 1.94166666666667 53.3333333333333 17.695652173913 24.625 "城区环境评价点" 116.174 40.09
"北部新区" 20160808 23.6666666666667 40.9411764705882 0.438888888888889 20 65.0555555555556 6.27777777777778 "城区环境评价点" 116.174 40.09
"北部新区" 20161006 63.1666666666667 81.5 1.54166666666667 65.25 2 10.7916666666667 "城区环境评价点" 116.174 40.09
"北部新区" 20160412 85.3333333333333 94.875 0.679166666666667 95.7916666666667 10.6666666666667 12.0416666666667 "城区环境评价点" 116.174 40.09
"北部新区" 20160419 100.473684210526 96.8235294117647 1.43684210526316 117.352941176471 8.94444444444444 15.1578947368421 "城区环境评价点" 116.174 40.09
"北部新区" 20160220 18.8333333333333 41.3478260869565 0.516666666666667 26.7083333333333 39.75 10.9583333333333 "城区环境评价点" 116.174 40.09
"北部新区" 20161027 38.5833333333333 66.2083333333333 0.866666666666667 61.625 14.9583333333333 8.58333333333333 "城区环境评价点" 116.174 40.09
"北部新区" 20161225 153.4 217 2.84 115.4 6.3 10.2 "城区环境评价点" 116.174 40.09
"北部新区" 20160305 62.2608695652174 299.708333333333 0.470833333333333 34.75 42.0833333333333 7.54166666666667 "城区环境评价点" 116.174 40.09
"北部新区" 20160701 21.3478260869565 48.4583333333333 0.295833333333333 29.4583333333333 31.9166666666667 7.5 "城区环境评价点" 116.174 40.09
"北部新区" 20160510 42.7272727272727 66.2727272727273 0.572727272727273 67.1818181818182 NA 9.90909090909091 "城区环境评价点" 116.174 40.09
"北部新区" 20160905 34.2083333333333 94.9583333333333 0.3875 44.0833333333333 49.4583333333333 6 "城区环境评价点" 116.174 40.09
"北部新区" 20160517 68.75 68.9166666666667 0.55 NA NA 9.375 "城区环境评价点" 116.174 40.09
"北部新区" 20160120 128.75 145.916666666667 3.9125 78 4.04347826086957 41.5833333333333 "城区环境评价点" 116.174 40.09
"北部新区" 20160722 69.7083333333333 71.4166666666667 0.825 22.875 53.5217391304348 6.33333333333333 "城区环境评价点" 116.174 40.09
"北部新区" 20161124 58.75 48.4166666666667 1.8875 63.2916666666667 19.5416666666667 17.375 "城区环境评价点" 116.174 40.09
"北部新区" 20160926 59.75 149.217391304348 0.85 42.625 38.7826086956522 5.29166666666667 "城区环境评价点" 116.174 40.09
"北部新区" 20161010 75.7083333333333 72.2916666666667 0.875 67 19.8260869565217 18.8333333333333 "城区环境评价点" 116.174 40.09
"北部新区" 20160402 10.4583333333333 51.3333333333333 0.270833333333333 77.2083333333333 24.9583333333333 3.375 "城区环境评价点" 116.174 40.09
"北部新区" 20160409 NA NA NA NA NA NA "城区环境评价点" 116.174 40.09
"北部新区" 20160416 38 90.25 0.3 98.7083333333333 22.4166666666667 6.04166666666667 "城区环境评价点" 116.174 40.09
"北部新区" 20160614 36 60.375 0.466666666666667 35.5 37.9130434782609 6.5 "城区环境评价点" 116.174 40.09
"北部新区" 20161024 NA 74.0833333333333 0.933333333333333 34.4090909090909 6.65217391304348 11.5 "城区环境评价点" 116.174 40.09
"北部新区" 20160621 73.7916666666667 105.041666666667 0.725 64.4583333333333 62.0416666666667 7.54166666666667 "城区环境评价点" 116.174 40.09
"北部新区" 20160826 12.7916666666667 55.0833333333333 0.195833333333333 42.0416666666667 37.25 3.41666666666667 "城区环境评价点" 116.174 40.09
"北部新区" 20160430 168.666666666667 233.125 1.29583333333333 78.625 NA 13.4166666666667 "城区环境评价点" 116.174 40.09
"北部新区" 20160507 43.3333333333333 66.125 0.25 67.4583333333333 NA 7.875 "城区环境评价点" 116.174 40.09
"北部新区" 20160309 9.47826086956522 39.9047619047619 0.343478260869565 25.5217391304348 40.2173913043478 6.21739130434783 "城区环境评价点" 116.174 40.09
"北部新区" 20160712 20.6666666666667 88.25 0.491666666666667 26.7083333333333 22.3478260869565 6.29166666666667 "城区环境评价点" 116.174 40.09
"北部新区" 20160514 35.8095238095238 100.391304347826 0.356521739130435 414.857142857143 NA 7.52173913043478 "城区环境评价点" 116.174 40.09
"北部新区" 20160407 98.1578947368421 204.809523809524 1.16190476190476 86.05 24 7.71428571428571 "城区环境评价点" 116.174 40.09
"北部新区" 20161121 12.375 40.6666666666667 0.354166666666667 15.7826086956522 49.2173913043478 4.79166666666667 "城区环境评价点" 116.174 40.09
"北部新区" 20160323 13.5833333333333 89.5 0.420833333333333 74.0833333333333 26.8333333333333 4.95833333333333 "城区环境评价点" 116.174 40.09
"北部新区" 20160528 85.6666666666667 112.458333333333 0.895833333333333 64.0416666666667 56.4166666666667 10.8333333333333 "城区环境评价点" 116.174 40.09
"北部新区" 20160330 42.0416666666667 88.375 0.729166666666667 76.9166666666667 20.6521739130435 11.5416666666667 "城区环境评价点" 116.174 40.09
"北部新区" 20160222 77.375 130.478260869565 1.68333333333333 43.7083333333333 29.125 13.25 "城区环境评价点" 116.174 40.09
"北部新区" 20160809 45.1333333333333 77.4 0.766666666666667 30.8 155.466666666667 6.06666666666667 "城区环境评价点" 116.174 40.09
"北部新区" 20161007 34.0416666666667 67.5 1.4 55.4583333333333 8.125 12 "城区环境评价点" 116.174 40.09
"北部新区" 20160413 87.2173913043478 130.666666666667 0.745833333333333 82.2727272727273 26.2857142857143 8.625 "城区环境评价点" 116.174 40.09
"北部新区" 20160420 107.619047619048 146.5625 0.942857142857143 91.6190476190476 34.4285714285714 13.8571428571429 "城区环境评价点" 116.174 40.09
"北部新区" 20161127 46.4166666666667 188.583333333333 1.19166666666667 52.5416666666667 32.6521739130435 10.875 "城区环境评价点" 116.174 40.09
"北部新区" 20161028 15.3809523809524 41.2608695652174 0.456521739130435 29.695652173913 31.5 8.43478260869565 "城区环境评价点" 116.174 40.09
"北部新区" 20161226 53.6086956521739 156.913043478261 1.41304347826087 60.1739130434783 31.4347826086957 11.1304347826087 "城区环境评价点" 116.174 40.09
"北部新区" 20160306 81.0434782608696 151.541666666667 2.175 75.5833333333333 11.4782608695652 23.75 "城区环境评价点" 116.174 40.09
"北部新区" 20160702 28.2916666666667 37.2083333333333 0.366666666666667 32.6666666666667 49.4347826086956 5.66666666666667 "城区环境评价点" 116.174 40.09
"北部新区" 20160511 207.666666666667 145.181818181818 1.54545454545455 40.7 NA 16.8181818181818 "城区环境评价点" 116.174 40.09
"北部新区" 20160906 23.3888888888889 84.1176470588235 0.366666666666667 39.4444444444444 29.0588235294118 11.8333333333333 "城区环境评价点" 116.174 40.09
"北部新区" 20160518 77 103.166666666667 0.583333333333333 NA NA 7.29166666666667 "城区环境评价点" 116.174 40.09
"北部新区" 20160121 161.75 192 3.7 79.4545454545455 2.41666666666667 32.9583333333333 "城区环境评价点" 116.174 40.09
"北部新区" 20160723 117.434782608696 123.608695652174 0.991304347826087 33.9130434782609 76.0434782608696 6.73913043478261 "城区环境评价点" 116.174 40.09
"北部新区" 20161125 146.291666666667 147.75 3.64166666666667 107.75 2.73913043478261 19.5 "城区环境评价点" 116.174 40.09
"北部新区" 20160927 22.7272727272727 59.9130434782609 0.530434782608696 38.8260869565217 35.0869565217391 5.04347826086957 "城区环境评价点" 116.174 40.09
"北部新区" 20161011 88.875 117.083333333333 1.1875 57.2916666666667 26.0833333333333 21.5 "城区环境评价点" 116.174 40.09
"北部新区" 20160403 21.75 61.0833333333333 0.3375 67.4583333333333 29.0869565217391 7.08333333333333 "城区环境评价点" 116.174 40.09
"北部新区" 20160410 NA NA NA NA NA NA "城区环境评价点" 116.174 40.09
"北部新区" 20160417 14.875 43.7619047619048 0.270833333333333 67.5833333333333 39.3913043478261 5.33333333333333 "城区环境评价点" 116.174 40.09
"北部新区" 20160615 20.75 37.125 0.454166666666667 44.3333333333333 43.375 6.41666666666667 "城区环境评价点" 116.174 40.09
"北部新区" 20161025 NA 78.5652173913043 1.18695652173913 70.7619047619048 2.66666666666667 13.5 "城区环境评价点" 116.174 40.09
"北部新区" 20160622 60.5833333333333 84.9166666666667 0.579166666666667 42.6190476190476 75.5652173913043 5.56521739130435 "城区环境评价点" 116.174 40.09
"北部新区" 20160827 17.875 55.125 0.2625 42.5833333333333 37.1304347826087 6.95833333333333 "城区环境评价点" 116.174 40.09
"北部新区" 20160501 206.541666666667 229.708333333333 1.7625 80 NA 15.8333333333333 "城区环境评价点" 116.174 40.09
"北部新区" 20160508 75.7916666666667 86.7083333333333 0.570833333333333 75.9166666666667 NA 11.8333333333333 "城区环境评价点" 116.174 40.09
"北部新区" 20160310 9.34782608695652 43.9583333333333 0.304166666666667 20.6666666666667 47.4782608695652 7.04166666666667 "城区环境评价点" 116.174 40.09
"北部新区" 20160713 29.5 201.5 0.420833333333333 47 33.1428571428571 6.375 "城区环境评价点" 116.174 40.09
"北部新区" 20160515 36 56.5416666666667 0.433333333333333 NA NA 8.45833333333333 "城区环境评价点" 116.174 40.09
"北部新区" 20160224 40.0833333333333 64.0833333333333 1.72083333333333 41.625 23.3333333333333 16.7083333333333 "城区环境评价点" 116.174 40.09
"北部新区" 20161122 8.75 19.0833333333333 0.329166666666667 13.9583333333333 54.125 4.125 "城区环境评价点" 116.174 40.09
"北部新区" 20160324 22.7083333333333 47.0416666666667 0.633333333333333 73.4166666666667 22.0869565217391 7.16666666666667 "城区环境评价点" 116.174 40.09
"北部新区" 20160529 47.25 88.4583333333333 0.441666666666667 61.4583333333333 44.8260869565217 8.54166666666667 "城区环境评价点" 116.174 40.09
"北部新区" 20160331 144.375 136 1.275 104.416666666667 28.2916666666667 23.625 "城区环境评价点" 116.174 40.09
"北部新区" 20160223 15.8333333333333 50.375 0.420833333333333 25.9583333333333 40.9130434782609 9.75 "城区环境评价点" 116.174 40.09
"北部新区" 20160810 72.6818181818182 75.05 0.772727272727273 31.3181818181818 89.6818181818182 6.27272727272727 "城区环境评价点" 116.174 40.09
"北部新区" 20161008 10.7083333333333 31.375 0.316666666666667 29.8636363636364 41.4782608695652 8.91666666666667 "城区环境评价点" 116.174 40.09
"北部新区" 20160414 68.304347826087 99.0454545454545 0.343478260869565 83.304347826087 41.695652173913 4.04347826086957 "城区环境评价点" 116.174 40.09
"北部新区" 20160421 115.260869565217 154.260869565217 0.704347826086957 100.608695652174 27 10.5652173913043 "城区环境评价点" 116.174 40.09
"北部新区" 20161128 83.5416666666667 88.8333333333333 2.95416666666667 93.6666666666667 5.83333333333333 16.625 "城区环境评价点" 116.174 40.09
"北部新区" 20160428 83.25 76.6666666666667 0.904166666666667 61.9565217391304 NA 10.2916666666667 "城区环境评价点" 116.174 40.09
"北部新区" 20161227 49.5416666666667 55.75 1.95 61.2083333333333 27.4782608695652 6.625 "城区环境评价点" 116.174 40.09
"北部新区" 20160831 20.8333333333333 68.4583333333333 0.308333333333333 42.25 45.3913043478261 7.125 "城区环境评价点" 116.174 40.09
"北部新区" 20160703 76.4166666666667 63.6666666666667 0.65 41.8333333333333 50.1666666666667 5.54166666666667 "城区环境评价点" 116.174 40.09
"北部新区" 20160816 22.2666666666667 52.6 0.333333333333333 40.1333333333333 43 4.4 "城区环境评价点" 116.174 40.09
"北部新区" 20160130 78.6666666666667 121.875 2.22083333333333 58.9166666666667 10.9130434782609 26.4166666666667 "城区环境评价点" 116.174 40.09
"北部新区" 20160519 95.4166666666667 116.583333333333 0.575 NA NA 8.04166666666667 "城区环境评价点" 116.174 40.09
"北部新区" 20160122 13.1666666666667 117.166666666667 0.516666666666667 19.2083333333333 36.5652173913044 7 "城区环境评价点" 116.174 40.09
"北部新区" 20160724 48.5789473684211 115.666666666667 0.645833333333333 26.4583333333333 69.4347826086957 4.125 "城区环境评价点" 116.174 40.09
"北部新区" 20161126 222.958333333333 232.833333333333 4.7875 124.916666666667 3.45833333333333 21.4166666666667 "城区环境评价点" 116.174 40.09
"北部新区" 20160129 104.625 160.291666666667 3.21666666666667 66.0833333333333 6.83333333333333 32.2083333333333 "城区环境评价点" 116.174 40.09
"北部新区" 20160602 59.7916666666667 76 0.604166666666667 75.0833333333333 74.7391304347826 9.58333333333333 "城区环境评价点" 116.174 40.09
"北部新区" 20161203 148.541666666667 162.375 4.1125 105.458333333333 6.52173913043478 17.625 "城区环境评价点" 116.174 40.09
"北部新区" 20160829 27.375 72.7916666666667 0.383333333333333 52.1666666666667 58.4782608695652 7.08333333333333 "城区环境评价点" 116.174 40.09
"北部新区" 20160814 20 57.375 0.279166666666667 43.5416666666667 45.9166666666667 3.66666666666667 "城区环境评价点" 116.174 40.09
"北部新区" 20160525 14.625 29.4166666666667 0.191666666666667 32.5416666666667 51.2173913043478 6.79166666666667 "城区环境评价点" 116.174 40.09
"北部新区" 20160425 NA 138.625 1.03333333333333 72.304347826087 NA 11.9130434782609 "城区环境评价点" 116.174 40.09
"北部新区" 20160623 145.777777777778 74.8333333333333 0.825 38.625 37.2916666666667 3.83333333333333 "城区环境评价点" 116.174 40.09
"北部新区" 20160828 19.1666666666667 66.8333333333333 0.270833333333333 40.5416666666667 40.75 9.16666666666667 "城区环境评价点" 116.174 40.09
"北部新区" 20160502 48.625 164.916666666667 0.379166666666667 60.0416666666667 NA 8.25 "城区环境评价点" 116.174 40.09
"北部新区" 20160524 18.125 48.3333333333333 0.304166666666667 37.2916666666667 37.875 7.625 "城区环境评价点" 116.174 40.09
"北部新区" 20160127 103.208333333333 98.25 3.21666666666667 74.7083333333333 3.70833333333333 38.9166666666667 "城区环境评价点" 116.174 40.09
"北部新区" 20160714 36.8333333333333 85.875 0.620833333333333 39.695652173913 28.7619047619048 5.25 "城区环境评价点" 116.174 40.09
"北部新区" 20161201 67.3333333333333 81.6666666666667 1.7 72 19 9 "城区环境评价点" 116.174 40.09
"北部新区" 20160225 24.9583333333333 56 1.05833333333333 37.4583333333333 31 15.1666666666667 "城区环境评价点" 116.174 40.09
"北部新区" 20160523 64.0416666666667 103.125 0.7125 58.7083333333333 37.304347826087 9 "城区环境评价点" 116.174 40.09
"北部新区" 20160126 26 54.7083333333333 0.625 32.375 33.8260869565217 18.4583333333333 "城区环境评价点" 116.174 40.09
"北部新区" 20160530 84.6666666666667 77.7083333333333 0.891666666666667 73.4166666666667 78.625 13.7083333333333 "城区环境评价点" 116.174 40.09
"北部新区" 20161130 137.0625 203.125 4.29333333333333 90.8 3.42857142857143 20.3333333333333 "城区环境评价点" 116.174 40.09
"北部新区" 20160819 21.75 65.4166666666667 0.829166666666667 28.5416666666667 49.0869565217391 6 "城区环境评价点" 116.174 40.09
"北部新区" 20160811 113.863636363636 125 0.933333333333333 42.125 59.3478260869565 7.33333333333333 "城区环境评价点" 116.174 40.09
"北部新区" 20161207 129.708333333333 145.166666666667 3.6125 113.666666666667 13 17.25 "城区环境评价点" 116.174 40.09
"北部新区" 20160902 18.7083333333333 61.9166666666667 0.308333333333333 41.1666666666667 25.1739130434783 9.33333333333333 "城区环境评价点" 116.174 40.09
"北部新区" 20160422 58.2608695652174 102.583333333333 0.2375 59.4583333333333 42.9166666666667 5.70833333333333 "城区环境评价点" 116.174 40.09
"北部新区" 20161129 153.666666666667 162.833333333333 4.52777777777778 103.176470588235 2 17.2222222222222 "城区环境评价点" 116.174 40.09
"北部新区" 20160429 137.375 121.333333333333 1.14583333333333 94.4166666666667 NA 11.4583333333333 "城区环境评价点" 116.174 40.09
"北部新区" 20161228 44 75.7272727272727 1.31818181818182 47.8636363636364 33.8181818181818 5.63636363636364 "城区环境评价点" 116.174 40.09
"北部新区" 20160901 16.7391304347826 70.304347826087 0.256521739130435 40.9565217391304 41.0869565217391 7.43478260869565 "城区环境评价点" 116.174 40.09
"北部新区" 20160704 130.95652173913 156.04347826087 0.973913043478261 38.0434782608696 57.8636363636364 8 "城区环境评价点" 116.174 40.09
"北部新区" 20160817 NA NA NA NA NA NA "城区环境评价点" 116.174 40.09
"北部新区" 20160131 14.0833333333333 53.1666666666667 0.541666666666667 28.6666666666667 35.5833333333333 12.4166666666667 "城区环境评价点" 116.174 40.09
"北部新区" 20160520 103.826086956522 131.375 0.883333333333333 53.5333333333333 115.2 11.7916666666667 "城区环境评价点" 116.174 40.09
"北部新区" 20160123 10.4166666666667 34.8333333333333 0.395833333333333 12.125 37.625 6.91666666666667 "城区环境评价点" 116.174 40.09
"北部新区" 20160725 29.8461538461538 82.4 0.739130434782609 26.695652173913 19.695652173913 4.73913043478261 "城区环境评价点" 116.174 40.09
"北部新区" 20160108 30.7083333333333 35.4583333333333 0.6375 61.3913043478261 12.4090909090909 11.5416666666667 "城区环境评价点" 116.174 40.09
"北部新区" 20161202 100.75 101.875 3.3125 101.083333333333 7.16666666666667 14.2916666666667 "城区环境评价点" 116.174 40.09
"北部新区" 20160603 93.0416666666667 92.4166666666667 1.06666666666667 75.2916666666667 49.1666666666667 11.125 "城区环境评价点" 116.174 40.09
"北部新区" 20161204 168.416666666667 221.791666666667 4.725 97.9583333333333 8.75 16.75 "城区环境评价点" 116.174 40.09
"北部新区" 20160830 32 74.5 0.466666666666667 51.6666666666667 73.625 7.70833333333333 "城区环境评价点" 116.174 40.09
"北部新区" 20160815 18.5416666666667 69.5833333333333 0.316666666666667 37.125 45.0869565217391 3.75 "城区环境评价点" 116.174 40.09
"北部新区" 20160107 10.875 45.5652173913044 0.416666666666667 53.2083333333333 2 6 "城区环境评价点" 116.174 40.09
"北部新区" 20160426 NA 101.833333333333 1.23333333333333 77.2916666666667 NA 13.6666666666667 "城区环境评价点" 116.174 40.09
"北部新区" 20160624 12.1111111111111 40.125 0.375 38.375 28.0869565217391 6.20833333333333 "城区环境评价点" 116.174 40.09
"北部新区" 20160822 66.5833333333333 86.5833333333333 0.725 57.3181818181818 67.7083333333333 3.66666666666667 "城区环境评价点" 116.174 40.09
"北部新区" 20160503 37.4545454545455 63.875 0.275 82.5 NA 6.625 "城区环境评价点" 116.174 40.09
"北部新区" 20160106 71.125 120.166666666667 3.52916666666667 65.9166666666667 2 11.3333333333333 "城区环境评价点" 116.174 40.09
"北部新区" 20160128 134.869565217391 181.347826086957 3.62173913043478 77.4782608695652 8.63636363636364 35.6086956521739 "城区环境评价点" 116.174 40.09
"北部新区" 20160715 31.5 51.125 0.5125 20.4583333333333 24.1666666666667 5.16666666666667 "城区环境评价点" 116.174 40.09
"北部新区" 20160302 176.041666666667 208.833333333333 3.575 101.434782608696 14.695652173913 30.9166666666667 "城区环境评价点" 116.174 40.09
"北部新区" 20160226 34.25 45.7083333333333 0.8125 39.0833333333333 34.4583333333333 18.875 "城区环境评价点" 116.174 40.09
"北部新区" 20160813 24.7083333333333 63.2083333333333 0.366666666666667 46.1666666666667 12.3913043478261 4.29166666666667 "城区环境评价点" 116.174 40.09
"北部新区" 20161209 23.0869565217391 49.4285714285714 0.71304347826087 43.8695652173913 31.2727272727273 10.7826086956522 "城区环境评价点" 116.174 40.09
"北部新区" 20160531 115.5 138.692307692308 0.9 52.2307692307692 31.1666666666667 6.15384615384615 "城区环境评价点" 116.174 40.09
"北部新区" 20160424 141.888888888889 180.625 0.875 87.3333333333333 NA 12.9583333333333 "城区环境评价点" 116.174 40.09
"北部新区" 20160820 48.1666666666667 58.9166666666667 0.670833333333333 38.9583333333333 69.8333333333333 5.54166666666667 "城区环境评价点" 116.174 40.09
"北部新区" 20160812 85.8181818181818 136.769230769231 0.766666666666667 40.3333333333333 14.7333333333333 7.73333333333333 "城区环境评价点" 116.174 40.09
"北部新区" 20161208 78 168.681818181818 2.25652173913043 63.7391304347826 29.9565217391304 10.5909090909091 "城区环境评价点" 116.174 40.09
"北部新区" 20160903 24.875 62.9583333333333 0.358333333333333 41.0833333333333 58.7916666666667 8.5 "城区环境评价点" 116.174 40.09
"北部新区" 20160423 131.3125 127.708333333333 0.35 72.2916666666667 4 6.95833333333333 "城区环境评价点" 116.174 40.09
"北部新区" 20160111 12.2727272727273 60.7083333333333 0.4375 30.5454545454545 33.2083333333333 11.2083333333333 "城区环境评价点" 116.174 40.09
"北部新区" 20160103 337.625 386.166666666667 7.92916666666667 100.166666666667 2 15.5833333333333 "城区环境评价点" 116.174 40.09
"北部新区" 20160601 49.2727272727273 74.8181818181818 0.563636363636364 63.1363636363636 52.8181818181818 3.45454545454545 "城区环境评价点" 116.174 40.09
"北部新区" 20160125 19.695652173913 50.6666666666667 0.654166666666667 31.7272727272727 32.0416666666667 19.375 "城区环境评价点" 116.174 40.09
"北部新区" 20160705 97 138.416666666667 0.816666666666667 37.7916666666667 58.375 7.5 "城区环境评价点" 116.174 40.09
"北部新区" 20160818 65.9 89.5 1.95 35.6666666666667 28.0833333333333 6.08333333333333 "城区环境评价点" 116.174 40.09
"北部新区" 20160201 11.4166666666667 33.125 0.595833333333333 26.5833333333333 41.304347826087 14 "城区环境评价点" 116.174 40.09
"北部新区" 20160521 86.0416666666667 123.375 0.766666666666667 61.5416666666667 71.4782608695652 10.5833333333333 "城区环境评价点" 116.174 40.09
"北部新区" 20160124 9.375 51.2083333333333 0.3625 15.25 38.1304347826087 11.2083333333333 "城区环境评价点" 116.174 40.09
"北部新区" 20160726 43.3 39.5416666666667 0.504166666666667 30.875 42.6086956521739 7.16666666666667 "城区环境评价点" 116.174 40.09
"北部新区" 20160109 115.375 122.208333333333 4.22083333333333 104.916666666667 7.875 35.875 "城区环境评价点" 116.174 40.09
"北部新区" 20160303 273.25 254.958333333333 4.40434782608696 109.375 11.6666666666667 36.1363636363636 "城区环境评价点" 116.174 40.09
"北部新区" 20160604 108.375 151 0.983333333333333 64.0416666666667 73.3913043478261 8.79166666666667 "城区环境评价点" 116.174 40.09
"北部新区" 20161205 80.4583333333333 176.565217391304 2.975 57.4166666666667 23.2608695652174 11.3333333333333 "城区环境评价点" 116.174 40.09
"北部新区" 20160229 42.25 52.1666666666667 1.25833333333333 51.2916666666667 21.304347826087 17.4166666666667 "城区环境评价点" 116.174 40.09
"北部新区" 20160802 68.0952380952381 106.7 0.78 45.4 42.5263157894737 7.6 "城区环境评价点" 116.174 40.09
"北部新区" 20160821 55 86.2083333333333 0.691666666666667 51.2916666666667 98.3478260869565 4.25 "城区环境评价点" 116.174 40.09
"北部新区" 20160427 NA 81.695652173913 0.820833333333333 90.4583333333333 NA 8.95833333333333 "城区环境评价点" 116.174 40.09
"北部新区" 20160625 30.6086956521739 46.9130434782609 0.356521739130435 78.7391304347826 29.8695652173913 6.73913043478261 "城区环境评价点" 116.174 40.09
"北部新区" 20160823 86.2916666666667 87.75 0.845833333333333 63.9583333333333 23.3478260869565 6.79166666666667 "城区环境评价点" 116.174 40.09
"北部新区" 20160504 39.5833333333333 73.0416666666667 0.341666666666667 87.0454545454545 NA 7.65217391304348 "城区环境评价点" 116.174 40.09
"北部新区" 20160729 107.208333333333 89.375 0.883333333333333 40.2083333333333 83.7083333333333 7.20833333333333 "城区环境评价点" 116.174 40.09
"北部新区" 20161206 81.0909090909091 79.3913043478261 2.69130434782609 104 3.78260869565217 18.304347826087 "城区环境评价点" 116.174 40.09
"北部新区" 20160716 31.6666666666667 43.625 0.545833333333333 26.7916666666667 16.5789473684211 5.70833333333333 "城区环境评价点" 116.174 40.09
"北部新区" 20160731 58.9583333333333 115.916666666667 0.766666666666667 44.9583333333333 37.3333333333333 6.95833333333333 "城区环境评价点" 116.174 40.09
"北部新区" 20160227 21.4166666666667 60.7083333333333 0.991666666666667 44 29.9565217391304 16.9166666666667 "城区环境评价点" 116.174 40.09
"北部新区" 20160706 93.2916666666667 137.25 0.758333333333333 43.25 61.9130434782609 5.79166666666667 "城区环境评价点" 116.174 40.09
"北部新区" 20160824 85.5 125 0.9125 47.1666666666667 51.7391304347826 7.625 "城区环境评价点" 116.174 40.09
"北部新区" 20160806 86.9565217391304 105.333333333333 0.656521739130435 38.7391304347826 72.2608695652174 8.21739130434783 "城区环境评价点" 116.174 40.09
"北部新区" 20160522 63.2608695652174 110.291666666667 0.608333333333333 68.625 58.625 9.04166666666667 "城区环境评价点" 116.174 40.09
"北部新区" 20160730 132.761904761905 195 1.35238095238095 41.2380952380952 39.8421052631579 8.09523809523809 "城区环境评价点" 116.174 40.09
"北部新区" 20160105 43.7826086956522 46.1666666666667 1.02916666666667 63.3478260869565 2 7.56521739130435 "城区环境评价点" 116.174 40.09
"北部新区" 20160104 53.9583333333333 242.04347826087 1.8125 68.875 2 9.08333333333333 "城区环境评价点" 116.174 40.09
"北部新区" 20160803 25.5555555555556 59.9375 0.568421052631579 36.1052631578947 79.2222222222222 9.83333333333333 "城区环境评价点" 116.174 40.09
"北部新区" 20160605 91.7083333333333 128.375 0.820833333333333 60.625 66.75 6.625 "城区环境评价点" 116.174 40.09
"北部新区" 20160102 301.791666666667 301.565217391304 7.575 109.375 2 17.5 "城区环境评价点" 116.174 40.09
"北部新区" 20160728 38.75 52.0833333333333 0.5375 35.0416666666667 73.8695652173913 6.91666666666667 "城区环境评价点" 116.174 40.09
"北部新区" 20160110 93.7916666666667 154.086956521739 4.15416666666667 92.5416666666667 9.82608695652174 28.75 "城区环境评价点" 116.174 40.09
"北部新区" 20160805 69.875 150.416666666667 0.670833333333333 36.125 82.9565217391304 7.75 "城区环境评价点" 116.174 40.09
"北部新区" 20160101 190.458333333333 196.666666666667 4.70416666666667 93.375 2 17.125 "城区环境评价点" 116.174 40.09
"北部新区" 20160727 37.1666666666667 54.5416666666667 0.608333333333333 42.875 78.2916666666667 8 "城区环境评价点" 116.174 40.09
"北部新区" 20160301 120.416666666667 110 2.3375 86.4166666666667 10.8333333333333 31.625 "城区环境评价点" 116.174 40.09
"北部新区" 20160801 86.5833333333333 94.75 0.9 39.2916666666667 56.4347826086956 8.08333333333333 "城区环境评价点" 116.174 40.09
"北部新区" 20160804 100.8 158.375 0.8875 37.8333333333333 101.125 13.2916666666667 "城区环境评价点" 116.174 40.09
"北部新区" 20160825 13.5416666666667 68.125 0.225 27.125 46.2173913043478 4.16666666666667 "城区环境评价点" 116.174 40.09
"北部新区" 20160228 32.5416666666667 50.25 0.866666666666667 40.8333333333333 30.0416666666667 9.70833333333333 "城区环境评价点" 116.174 40.09
