"延庆" 20161031 7.66666666666667 28.0833333333333 0.541666666666667 11.5 57.2173913043478 4.83333333333333 "郊区环境评价点" 115.972 40.453
"延庆" 20160912 30.75 38 0.5625 38.5 46.5 3 "郊区环境评价点" 115.972 40.453
"延庆" 20161029 24.1666666666667 35.5416666666667 0.591666666666667 41.4166666666667 28.2608695652174 8.375 "郊区环境评价点" 115.972 40.453
"延庆" 20161007 28.625 62.375 1.05 32.4583333333333 26.6666666666667 2 "郊区环境评价点" 115.972 40.453
"延庆" 20161027 28.9583333333333 58.4583333333333 0.620833333333333 45.5 13.4782608695652 3.29166666666667 "郊区环境评价点" 115.972 40.453
"延庆" 20160914 76.3333333333333 118.708333333333 0.7875 36.125 82.625 3.16666666666667 "郊区环境评价点" 115.972 40.453
"延庆" 20160314 72.2608695652174 69.0434782608696 1.28695652173913 45.4347826086956 39.304347826087 14.3913043478261 "郊区环境评价点" 115.972 40.453
"延庆" 20161226 50.25 153.333333333333 1.10833333333333 41.2083333333333 43.9565217391304 20 "郊区环境评价点" 115.972 40.453
"延庆" 20161028 13 36.5416666666667 0.441666666666667 22.75 44.2608695652174 3.16666666666667 "郊区环境评价点" 115.972 40.453
"延庆" 20160908 20.5833333333333 37.0833333333333 0.441666666666667 30.1666666666667 38.5833333333333 4.125 "郊区环境评价点" 115.972 40.453
"延庆" 20160321 108.625 106.583333333333 1.17083333333333 57.7916666666667 62.875 10.7916666666667 "郊区环境评价点" 115.972 40.453
"延庆" 20161101 42.4583333333333 41.6666666666667 1.425 55.2916666666667 15.9130434782609 17.0833333333333 "郊区环境评价点" 115.972 40.453
"延庆" 20161225 162.307692307692 195.153846153846 2.34615384615385 93.9230769230769 31.3846153846154 31.1538461538462 "郊区环境评价点" 115.972 40.453
"延庆" 20160907 15.0714285714286 50 0.45 22.3571428571429 70.3571428571429 4.5 "郊区环境评价点" 115.972 40.453
"延庆" 20160322 92.125 153.5 0.883333333333333 28.6666666666667 80.25 9.20833333333333 "郊区环境评价点" 115.972 40.453
"延庆" 20160312 100.958333333333 87.5833333333333 1.47916666666667 53.375 35.5416666666667 19.3333333333333 "郊区环境评价点" 115.972 40.453
"延庆" 20161006 59 73.5416666666667 1.24583333333333 39 7.45833333333333 2 "郊区环境评价点" 115.972 40.453
"延庆" 20160122 8.95833333333333 64.9166666666667 0.170833333333333 7.04347826086957 72.0833333333333 4.5 "郊区环境评价点" 115.972 40.453
"延庆" 20160909 23.2083333333333 53.0833333333333 0.4875 36.75 26.125 6.58333333333333 "郊区环境评价点" 115.972 40.453
"延庆" 20161102 55.4166666666667 80.75 1.38333333333333 42.2083333333333 37.4347826086956 12.125 "郊区环境评价点" 115.972 40.453
"延庆" 20160524 19.5 57.4166666666667 0.341666666666667 12.7916666666667 87.75 2.41666666666667 "郊区环境评价点" 115.972 40.453
"延庆" 20161030 29.7083333333333 56.0416666666667 0.604166666666667 33.5 32.9565217391304 5.95833333333333 "郊区环境评价点" 115.972 40.453
"延庆" 20160318 235.291666666667 394.833333333333 1.9375 57.5416666666667 50 9 "郊区环境评价点" 115.972 40.453
"延庆" 20160913 70.125 60.0416666666667 0.716666666666667 29.2083333333333 93.4166666666667 2 "郊区环境评价点" 115.972 40.453
"延庆" 20160315 144.47619047619 135.1 1.88571428571429 70.7619047619048 26.8095238095238 25.952380952381 "郊区环境评价点" 115.972 40.453
"延庆" 20161208 55.3913043478261 86.7391304347826 1.0625 40.75 57.8695652173913 8.41666666666667 "郊区环境评价点" 115.972 40.453
"延庆" 20160915 39.5833333333333 70.125 0.5875 35.0833333333333 58.2916666666667 5.29166666666667 "郊区环境评价点" 115.972 40.453
"延庆" 20161103 65.0416666666667 68.2916666666667 1.38333333333333 61.9583333333333 27.2173913043478 18.6666666666667 "郊区环境评价点" 115.972 40.453
"延庆" 20160604 92.1666666666667 120.541666666667 0.8625 24.2083333333333 184.708333333333 9.25 "郊区环境评价点" 115.972 40.453
"延庆" 20161009 26.4166666666667 42.5416666666667 1.27083333333333 43.375 31.9166666666667 3.79166666666667 "郊区环境评价点" 115.972 40.453
"延庆" 20160826 12.8333333333333 28.9166666666667 0.3625 38.8636363636364 38.25 4.125 "郊区环境评价点" 115.972 40.453
"延庆" 20161127 23.7083333333333 103.083333333333 0.491666666666667 31.6666666666667 49.8260869565217 8.33333333333333 "郊区环境评价点" 115.972 40.453
"延庆" 20160316 253.75 253.875 2.19166666666667 75.25 55.5416666666667 30.9583333333333 "郊区环境评价点" 115.972 40.453
"延庆" 20160603 65.875 88 0.779166666666667 38.0416666666667 168.208333333333 10 "郊区环境评价点" 115.972 40.453
"延庆" 20161008 16.9130434782609 33.5 0.675 20.7916666666667 51.7916666666667 2.25 "郊区环境评价点" 115.972 40.453
"延庆" 20160916 70.25 81.25 0.704166666666667 26.375 98.1666666666667 3.08333333333333 "郊区环境评价点" 115.972 40.453
"延庆" 20160323 6.79166666666667 55.375 0.2125 7.41666666666667 82.0416666666667 2 "郊区环境评价点" 115.972 40.453
"延庆" 20160313 30.5 92.6666666666667 0.633333333333333 28.0416666666667 57.875 8.83333333333333 "郊区环境评价点" 115.972 40.453
"延庆" 20161218 145.125 175.708333333333 3.71666666666667 73.9166666666667 33.0869565217391 41.5833333333333 "郊区环境评价点" 115.972 40.453
"延庆" 20160123 7.5 22 0.208333333333333 4.66666666666667 68.25 4 "郊区环境评价点" 115.972 40.453
"延庆" 20160406 127.75 133.130434782609 1.6375 49.6666666666667 73.4166666666667 24.375 "郊区环境评价点" 115.972 40.453
"延庆" 20160927 23 62.6666666666667 0.416666666666667 21.1666666666667 44.4166666666667 2.125 "郊区环境评价点" 115.972 40.453
"延庆" 20161227 34.5 49.0833333333333 1.29583333333333 40.4166666666667 36.9166666666667 14.0833333333333 "郊区环境评价点" 115.972 40.453
"延庆" 20160120 90.75 93.25 2.475 58.0833333333333 14.125 29.4583333333333 "郊区环境评价点" 115.972 40.453
"延庆" 20160319 48.4583333333333 121.041666666667 0.754166666666667 40.0416666666667 51.625 9.83333333333333 "郊区环境评价点" 115.972 40.453
"延庆" 20160405 106.791666666667 105.208333333333 0.829166666666667 47.125 80.7083333333333 10.2083333333333 "郊区环境评价点" 115.972 40.453
"延庆" 20160926 59.9166666666667 118.652173913043 0.816666666666667 20.375 82.5416666666667 2 "郊区环境评价点" 115.972 40.453
"延庆" 20160220 13.875 26.304347826087 0.4125 12.875 67.4166666666667 3.66666666666667 "郊区环境评价点" 115.972 40.453
"延庆" 20160911 21.5416666666667 40.4583333333333 0.504166666666667 40.125 45.1666666666667 2 "郊区环境评价点" 115.972 40.453
"延庆" 20161104 125.625 126.125 2.06666666666667 84.5 21.695652173913 22.25 "郊区环境评价点" 115.972 40.453
"延庆" 20160210 85.875 95.3333333333333 1.74583333333333 32.0833333333333 72.5 30.0416666666667 "郊区环境评价点" 115.972 40.453
"延庆" 20161010 68.125 60.7916666666667 1.525 53.8333333333333 32.0833333333333 5.33333333333333 "郊区环境评价点" 115.972 40.453
"延庆" 20160320 72.75 98.7083333333333 1.09166666666667 48.3333333333333 43.8333333333333 8.125 "郊区环境评价点" 115.972 40.453
"延庆" 20160910 25.6666666666667 50.875 0.458333333333333 33.9166666666667 34.1666666666667 6.125 "郊区环境评价点" 115.972 40.453
"延庆" 20160317 371.608695652174 355.625 2.3125 77.5 75.75 23.7083333333333 "郊区环境评价点" 115.972 40.453
"延庆" 20160525 16.3181818181818 43.3333333333333 0.333333333333333 14 99.2916666666667 2.70833333333333 "郊区环境评价点" 115.972 40.453
"延庆" 20161222 42.6363636363636 177.333333333333 1.10416666666667 21.5 57.9130434782609 13.4166666666667 "郊区环境评价点" 115.972 40.453
"延庆" 20160917 34.125 69.25 0.558333333333333 31.2916666666667 50.625 2.20833333333333 "郊区环境评价点" 115.972 40.453
"延庆" 20160324 16.2916666666667 27.25 0.45 24.2916666666667 59.4166666666667 4.08333333333333 "郊区环境评价点" 115.972 40.453
"延庆" 20160705 95.625 144.291666666667 0.8125 25 153.958333333333 2.95833333333333 "郊区环境评价点" 115.972 40.453
"延庆" 20161209 34.5217391304348 44.0952380952381 1.27391304347826 45.695652173913 34.0869565217391 16.9130434782609 "郊区环境评价点" 115.972 40.453
"延庆" 20160124 10.7916666666667 51.875 0.2875 5.625 68 6.29166666666667 "郊区环境评价点" 115.972 40.453
"延庆" 20161003 156.916666666667 221.625 1.12083333333333 45.125 80.7916666666667 5.5 "郊区环境评价点" 115.972 40.453
"延庆" 20160605 85.7916666666667 116.125 0.779166666666667 33.75 165.416666666667 6.875 "郊区环境评价点" 115.972 40.453
"延庆" 20161228 55.4583333333333 77.0833333333333 1.70416666666667 42.125 39.7826086956522 17.4166666666667 "郊区环境评价点" 115.972 40.453
"延庆" 20160827 17.8636363636364 62.5416666666667 0.404166666666667 30.5 44.625 5.70833333333333 "郊区环境评价点" 115.972 40.453
"延庆" 20161128 64.6666666666667 55.7916666666667 1.89166666666667 66.2916666666667 21.8695652173913 27.875 "郊区环境评价点" 115.972 40.453
"延庆" 20161220 156.875 210.173913043478 3.85833333333333 73.5 35.2173913043478 39 "郊区环境评价点" 115.972 40.453
"延庆" 20160626 33.5416666666667 60.5 0.841666666666667 39.75 97.625 NA "郊区环境评价点" 115.972 40.453
"延庆" 20160221 71.5 57.1666666666667 1.22916666666667 34.7083333333333 51.25 13.5833333333333 "郊区环境评价点" 115.972 40.453
"延庆" 20161105 145.791666666667 192.217391304348 2.33333333333333 69.75 33.0434782608696 16.7916666666667 "郊区环境评价点" 115.972 40.453
"延庆" 20160505 63 74.375 0.416666666666667 27.125 80.9583333333333 5.66666666666667 "郊区环境评价点" 115.972 40.453
"延庆" 20160115 76.4166666666667 71.2083333333333 1.84583333333333 66.2608695652174 17.7083333333333 25.2916666666667 "郊区环境评价点" 115.972 40.453
"延庆" 20161219 155.5 197.333333333333 3.8 75.3333333333333 35 39.5 "郊区环境评价点" 115.972 40.453
"延庆" 20161112 74.1666666666667 89.2916666666667 2.0375 59.1666666666667 14.9565217391304 13.875 "郊区环境评价点" 115.972 40.453
"延庆" 20160407 95.2916666666667 204.416666666667 0.920833333333333 29.0833333333333 57.125 5.125 "郊区环境评价点" 115.972 40.453
"延庆" 20160928 19.2916666666667 29.4166666666667 0.3875 34.2083333333333 23.9166666666667 3.58333333333333 "郊区环境评价点" 115.972 40.453
"延庆" 20160526 17.1666666666667 52.0833333333333 0.279166666666667 16.0416666666667 91.9583333333333 2.375 "郊区环境评价点" 115.972 40.453
"延庆" 20160121 110.208333333333 150.208333333333 2.475 51.5416666666667 27 24.25 "郊区环境评价点" 115.972 40.453
"延庆" 20161005 40.625 59.0416666666667 0.679166666666667 28.875 28.8333333333333 3 "郊区环境评价点" 115.972 40.453
"延庆" 20160305 55.125 282.166666666667 0.4375 13.7916666666667 72.25 3.25 "郊区环境评价点" 115.972 40.453
"延庆" 20161012 118.583333333333 138.083333333333 1.77916666666667 46.875 38.75 4.125 "郊区环境评价点" 115.972 40.453
"延庆" 20161210 75.375 81.7916666666667 2.06666666666667 65.75 23.3478260869565 27.7916666666667 "郊区环境评价点" 115.972 40.453
"延庆" 20160403 19.125 29.375 0.3625 25.375 57.75 3.625 "郊区环境评价点" 115.972 40.453
"延庆" 20161004 56 135 1.12083333333333 31.5416666666667 22.75 2.5 "郊区环境评价点" 115.972 40.453
"延庆" 20160211 138.458333333333 164.416666666667 2.2625 33.4166666666667 66.75 32.625 "郊区环境评价点" 115.972 40.453
"延庆" 20161011 85.875 111.875 1.94583333333333 47.375 35.4583333333333 6.125 "郊区环境评价点" 115.972 40.453
"延庆" 20160828 16.125 42.6666666666667 0.45 36.8333333333333 41.3333333333333 6.70833333333333 "郊区环境评价点" 115.972 40.453
"延庆" 20160402 7.04347826086957 45.7916666666667 0.2125 7.54166666666667 78.6666666666667 2.04166666666667 "郊区环境评价点" 115.972 40.453
"延庆" 20160707 96.3333333333333 113.083333333333 0.908333333333333 23.3333333333333 172.125 4.33333333333333 "郊区环境评价点" 115.972 40.453
"延庆" 20161109 103.625 76.9583333333333 2.2125 72.125 10.6086956521739 17.1666666666667 "郊区环境评价点" 115.972 40.453
"延庆" 20161223 30.7777777777778 44.6875 1.37777777777778 52.8888888888889 22.9444444444444 16.2777777777778 "郊区环境评价点" 115.972 40.453
"延庆" 20160918 18.9166666666667 37.2272727272727 0.458333333333333 27.4166666666667 27.5 2.04166666666667 "郊区环境评价点" 115.972 40.453
"延庆" 20160325 23.7727272727273 36.1904761904762 0.586363636363636 28.5454545454545 57.6363636363636 6.68181818181818 "郊区环境评价点" 115.972 40.453
"延庆" 20160706 86.2916666666667 132.375 0.770833333333333 22.1666666666667 165.083333333333 2.04166666666667 "郊区环境评价点" 115.972 40.453
"延庆" 20161108 25.9565217391304 37.2083333333333 0.834782608695652 44.2608695652174 25 12.5652173913043 "郊区环境评价点" 115.972 40.453
"延庆" 20160125 23.2083333333333 63.3333333333333 0.645833333333333 18.625 52.125 16.7083333333333 "郊区环境评价点" 115.972 40.453
"延庆" 20160408 12.4782608695652 55.75 0.308333333333333 15.9166666666667 75.4583333333333 4.95833333333333 "郊区环境评价点" 115.972 40.453
"延庆" 20160606 76.8333333333333 110.75 0.691666666666667 26.9166666666667 152.875 4.875 "郊区环境评价点" 115.972 40.453
"延庆" 20160223 11.4166666666667 53.7083333333333 0.233333333333333 9.16666666666667 77.8333333333333 6 "郊区环境评价点" 115.972 40.453
"延庆" 20161107 33.0416666666667 68.625 0.670833333333333 30.1666666666667 42.304347826087 5.58333333333333 "郊区环境评价点" 115.972 40.453
"延庆" 20161129 93.9583333333333 111.291666666667 3.1 76.875 22 32.2083333333333 "郊区环境评价点" 115.972 40.453
"延庆" 20161221 208.541666666667 232.125 4.80416666666667 89.7916666666667 38.2916666666667 65.4166666666667 "郊区环境评价点" 115.972 40.453
"延庆" 20160627 40.5833333333333 62.0416666666667 0.959090909090909 34 114.833333333333 NA "郊区环境评价点" 115.972 40.453
"延庆" 20160222 103.541666666667 146.521739130435 1.4375 28.625 64.25 13.2083333333333 "郊区环境评价点" 115.972 40.453
"延庆" 20161106 71.875 148.416666666667 0.9875 51.125 38 11.6666666666667 "郊区环境评价点" 115.972 40.453
"延庆" 20160506 10.8125 183.125 0.204166666666667 4.79166666666667 92.25 2 "郊区环境评价点" 115.972 40.453
"延庆" 20160116 143.333333333333 152.166666666667 2.29583333333333 82.9583333333333 13 34.75 "郊区环境评价点" 115.972 40.453
"延庆" 20160711 76.9583333333333 111.166666666667 0.7625 18.8333333333333 157.041666666667 3.16666666666667 "郊区环境评价点" 115.972 40.453
"延庆" 20161113 106.416666666667 115 2.10416666666667 59.0416666666667 17.6086956521739 11.5416666666667 "郊区环境评价点" 115.972 40.453
"延庆" 20160929 36.75 41.5 0.420833333333333 36.7916666666667 62.875 2.70833333333333 "郊区环境评价点" 115.972 40.453
"延庆" 20160922 112.291666666667 123.916666666667 0.933333333333333 32.25 60.6666666666667 3.20833333333333 "郊区环境评价点" 115.972 40.453
"延庆" 20160527 36.4583333333333 64.5416666666667 0.504166666666667 43.0833333333333 98.25 8.04166666666667 "郊区环境评价点" 115.972 40.453
"延庆" 20160710 91.4583333333333 122.217391304348 0.8625 19.5 159.5 2.41666666666667 "郊区环境评价点" 115.972 40.453
"延庆" 20160801 44.5 62.875 0.733333333333333 19.7916666666667 103.208333333333 2 "郊区环境评价点" 115.972 40.453
"延庆" 20160306 56.75 119 0.945833333333333 35.5833333333333 40.5 7.83333333333333 "郊区环境评价点" 115.972 40.453
"延庆" 20161013 132.791666666667 158.416666666667 1.41666666666667 62 34.625 6.91666666666667 "郊区环境评价点" 115.972 40.453
"延庆" 20161211 138.125 120.347826086957 2.16666666666667 85.7916666666667 29.3333333333333 32.1666666666667 "郊区环境评价点" 115.972 40.453
"延庆" 20160404 50.8333333333333 57.0833333333333 0.5875 44.5416666666667 53.9166666666667 8.54166666666667 "郊区环境评价点" 115.972 40.453
"延庆" 20161020 103.318181818182 202.458333333333 1.52916666666667 31.375 49.875 4.625 "郊区环境评价点" 115.972 40.453
"延庆" 20160212 151 181.083333333333 1.61666666666667 23.125 59.5833333333333 11.9583333333333 "郊区环境评价点" 115.972 40.453
"延庆" 20160106 51.5 71.6666666666667 1.42083333333333 31.9583333333333 30.5 10.0833333333333 "郊区环境评价点" 115.972 40.453
"延庆" 20160829 17.6666666666667 46.7916666666667 0.383333333333333 34.5 57.625 3.125 "郊区环境评价点" 115.972 40.453
"延庆" 20160113 17.8333333333333 45.5833333333333 0.558333333333333 16.7391304347826 60.6521739130435 7.125 "郊区环境评价点" 115.972 40.453
"延庆" 20160708 123.708333333333 150.416666666667 1.04166666666667 24.9583333333333 157.208333333333 3.25 "郊区环境评价点" 115.972 40.453
"延庆" 20161110 122.5 194.25 1.8875 61.0833333333333 30.9565217391304 12.6666666666667 "郊区环境评价点" 115.972 40.453
"延庆" 20161224 101.208333333333 80.9166666666667 1.91666666666667 74.375 25.7391304347826 20.4583333333333 "郊区环境评价点" 115.972 40.453
"延庆" 20160919 13.0909090909091 24.0833333333333 0.3375 27.5 29 2.04166666666667 "郊区环境评价点" 115.972 40.453
"延庆" 20160326 18.7916666666667 34 0.529166666666667 17.5416666666667 66.125 8.66666666666667 "郊区环境评价点" 115.972 40.453
"延庆" 20160203 59.25 75.5416666666667 1.69166666666667 38.5416666666667 47.125 17.7916666666667 "郊区环境评价点" 115.972 40.453
"延庆" 20160729 105.875 99.3333333333333 0.975 22.5 131.5 2.05555555555556 "郊区环境评价点" 115.972 40.453
"延庆" 20160126 22.875 53.9583333333333 0.683333333333333 17.7083333333333 56.4583333333333 12.1666666666667 "郊区环境评价点" 115.972 40.453
"延庆" 20160409 38.2083333333333 65.9166666666667 0.508333333333333 29.2083333333333 68.4583333333333 8.25 "郊区环境评价点" 115.972 40.453
"延庆" 20160607 39.6521739130435 76.2173913043478 0.569565217391304 16.6521739130435 131.826086956522 2 "郊区环境评价点" 115.972 40.453
"延庆" 20160224 27.9583333333333 35.5 0.776190476190476 20.4166666666667 55.4583333333333 6.25 "郊区环境评价点" 115.972 40.453
"延庆" 20161002 172.791666666667 223.583333333333 1.1875 41.7916666666667 102.083333333333 6.70833333333333 "郊区环境评价点" 115.972 40.453
"延庆" 20161130 74.7916666666667 130.708333333333 1.42083333333333 42.7083333333333 49.2608695652174 13.2083333333333 "郊区环境评价点" 115.972 40.453
"延庆" 20160302 106.916666666667 150.75 1.8875 53.9583333333333 37.9166666666667 15.375 "郊区环境评价点" 115.972 40.453
"延庆" 20160628 40.5833333333333 51.4583333333333 0.933333333333333 20.9090909090909 90.35 NA "郊区环境评价点" 115.972 40.453
"延庆" 20160110 67.0416666666667 110.347826086957 1.825 41.5833333333333 27.2916666666667 16.2083333333333 "郊区环境评价点" 115.972 40.453
"延庆" 20161001 153.208333333333 154.125 1.1375 50.875 120 8.20833333333333 "郊区环境评价点" 115.972 40.453
"延庆" 20160507 24.2631578947368 44.4583333333333 0.325 21.25 86.125 4 "郊区环境评价点" 115.972 40.453
"延庆" 20160117 35.7916666666667 118.25 0.616666666666667 12.9565217391304 54.5833333333333 12.8333333333333 "郊区环境评价点" 115.972 40.453
"延庆" 20160712 18.875 70.0416666666667 0.525 15.875 78.2083333333333 2.33333333333333 "郊区环境评价点" 115.972 40.453
"延庆" 20161114 37.625 114.25 1.25416666666667 25.25 47.4347826086956 3.625 "郊区环境评价点" 115.972 40.453
"延庆" 20160930 86.1666666666667 87.2916666666667 0.695833333333333 53.8333333333333 79.8333333333333 4.33333333333333 "郊区环境评价点" 115.972 40.453
"延庆" 20160923 93.4090909090909 125.181818181818 0.922727272727273 29.7272727272727 88.8636363636364 2.77272727272727 "郊区环境评价点" 115.972 40.453
"延庆" 20160528 66.4583333333333 91.625 0.770833333333333 45.0416666666667 137.708333333333 10.25 "郊区环境评价点" 115.972 40.453
"延庆" 20160207 41.625 52.1666666666667 0.9375 13 72.625 13.625 "郊区环境评价点" 115.972 40.453
"延庆" 20160802 35.1904761904762 62.5789473684211 0.695238095238095 25.5555555555556 77.3333333333333 2.0952380952381 "郊区环境评价点" 115.972 40.453
"延庆" 20160307 40.75 84.5833333333333 0.983333333333333 28.25 51.6666666666667 5.25 "郊区环境评价点" 115.972 40.453
"延庆" 20161014 180 186.541666666667 1.55 57.125 58.25 4.83333333333333 "郊区环境评价点" 115.972 40.453
"延庆" 20161212 196.842105263158 241.368421052632 2.96842105263158 93.3684210526316 36.5555555555556 30.3157894736842 "郊区环境评价点" 115.972 40.453
"延庆" 20160206 16.75 27.5833333333333 0.5125 11.2916666666667 72.8333333333333 8.375 "郊区环境评价点" 115.972 40.453
"延庆" 20161021 25.5 67.25 1.00416666666667 26.9583333333333 35 2.25 "郊区环境评价点" 115.972 40.453
"延庆" 20160213 10.25 107.458333333333 0.333333333333333 7.20833333333333 71.75 3 "郊区环境评价点" 115.972 40.453
"延庆" 20160107 17.25 39.2608695652174 0.5125 18.2916666666667 45.7083333333333 9.83333333333333 "郊区环境评价点" 115.972 40.453
"延庆" 20160830 27.2173913043478 53.0833333333333 0.5 51 53.75 4.625 "郊区环境评价点" 115.972 40.453
"延庆" 20160114 19.5454545454545 42.5833333333333 0.679166666666667 21.1304347826087 60.8333333333333 11.0833333333333 "郊区环境评价点" 115.972 40.453
"延庆" 20160709 94.625 152 0.829166666666667 20.3333333333333 153.625 2 "郊区环境评价点" 115.972 40.453
"延庆" 20161111 44.7916666666667 84.0833333333333 1.39583333333333 50.4166666666667 25.4347826086957 14.125 "郊区环境评价点" 115.972 40.453
"延庆" 20160128 128.458333333333 143.875 2.775 62.5 16.9583333333333 35.9583333333333 "郊区环境评价点" 115.972 40.453
"延庆" 20160920 18.0434782608696 39.125 0.3875 30.25 38.75 2.54166666666667 "郊区环境评价点" 115.972 40.453
"延庆" 20160327 38.2083333333333 40.9166666666667 0.825 33.4583333333333 47.0416666666667 12.2916666666667 "郊区环境评价点" 115.972 40.453
"延庆" 20160204 19.9166666666667 44.9583333333333 0.6 18.4583333333333 64.1666666666667 11.125 "郊区环境评价点" 115.972 40.453
"延庆" 20160730 118.619047619048 171.1 1.57142857142857 14.5714285714286 127.333333333333 2 "郊区环境评价点" 115.972 40.453
"延庆" 20160127 67.25 64.2083333333333 1.70416666666667 48.7391304347826 19.9166666666667 26 "郊区环境评价点" 115.972 40.453
"延庆" 20160410 52.4583333333333 130.5 0.620833333333333 30.2083333333333 76.7916666666667 8.125 "郊区环境评价点" 115.972 40.453
"延庆" 20160608 91.4583333333333 92.5 0.770833333333333 26.4583333333333 147.458333333333 2.25 "郊区环境评价点" 115.972 40.453
"延庆" 20160225 21.8181818181818 48.0416666666667 0.658333333333333 18.25 56.3333333333333 6.66666666666667 "郊区环境评价点" 115.972 40.453
"延庆" 20161018 113 93.1666666666667 1.57916666666667 51.625 40 5.875 "郊区环境评价点" 115.972 40.453
"延庆" 20161201 23.0434782608696 45.625 1.05652173913043 19.2608695652174 59.5454545454545 8.52173913043478 "郊区环境评价点" 115.972 40.453
"延庆" 20160303 201.208333333333 181.125 2.77083333333333 71.5 34.6666666666667 26.9583333333333 "郊区环境评价点" 115.972 40.453
"延庆" 20160629 56.25 76.75 0.670833333333333 23.8571428571429 74.5416666666667 NA "郊区环境评价点" 115.972 40.453
"延庆" 20160111 17.5454545454545 48.25 0.466666666666667 20.0416666666667 48.4583333333333 10.3333333333333 "郊区环境评价点" 115.972 40.453
"延庆" 20161017 39.3333333333333 104.291666666667 0.879166666666667 49.5 29.8333333333333 4.875 "郊区环境评价点" 115.972 40.453
"延庆" 20160508 48.3478260869565 61.625 0.5625 30.0833333333333 108.75 8.58333333333333 "郊区环境评价点" 115.972 40.453
"延庆" 20160118 9.04166666666667 31.7083333333333 0.133333333333333 6.04347826086957 71.7916666666667 3.29166666666667 "郊区环境评价点" 115.972 40.453
"延庆" 20160713 16.6666666666667 31.5833333333333 0.45 22.2083333333333 73.1666666666667 2.54166666666667 "郊区环境评价点" 115.972 40.453
"延庆" 20161115 28.875 35.9583333333333 1.32307692307692 50.2916666666667 23.9565217391304 15.0833333333333 "郊区环境评价点" 115.972 40.453
"延庆" 20160309 10.1666666666667 24.0909090909091 0.320833333333333 9.91666666666667 67.125 2.58333333333333 "郊区环境评价点" 115.972 40.453
"延庆" 20160924 53.4166666666667 85.6666666666667 0.575 25.7916666666667 80.2083333333333 2 "郊区环境评价点" 115.972 40.453
"延庆" 20160529 17.7916666666667 65.0416666666667 0.316666666666667 19.2083333333333 109.5 2.58333333333333 "郊区环境评价点" 115.972 40.453
"延庆" 20160208 35.375 68.5833333333333 0.483333333333333 12.5416666666667 74.0416666666667 12.625 "郊区环境评价点" 115.972 40.453
"延庆" 20160803 24.1904761904762 51.3333333333333 0.573684210526316 21.8095238095238 100.142857142857 2.28571428571429 "郊区环境评价点" 115.972 40.453
"延庆" 20160308 10.7777777777778 27.6428571428571 0.338888888888889 9.38888888888889 76.6666666666667 3.16666666666667 "郊区环境评价点" 115.972 40.453
"延庆" 20161015 132.434782608696 241.782608695652 1.29565217391304 44.1304347826087 48.0869565217391 5.47826086956522 "郊区环境评价点" 115.972 40.453
"延庆" 20161213 21.7083333333333 101.791666666667 0.51304347826087 28 51.4166666666667 9.25 "郊区环境评价点" 115.972 40.453
"延庆" 20160229 34.4583333333333 30 0.6125 28.6666666666667 54.1666666666667 8.41666666666667 "郊区环境评价点" 115.972 40.453
"延庆" 20161022 21.2083333333333 33.7083333333333 0.991666666666667 28.1666666666667 22.5416666666667 6.25 "郊区环境评价点" 115.972 40.453
"延庆" 20160214 9.20833333333333 24.4166666666667 0.2625 3.70833333333333 76.5 4.04166666666667 "郊区环境评价点" 115.972 40.453
"延庆" 20160108 21.8333333333333 34.8333333333333 0.766666666666667 26.9166666666667 37.5833333333333 9.125 "郊区环境评价点" 115.972 40.453
"延庆" 20160831 17.1666666666667 54.3333333333333 0.3625 27.3333333333333 51.8333333333333 3.79166666666667 "郊区环境评价点" 115.972 40.453
"延庆" 20160329 14 78.3181818181818 0.404166666666667 18.7083333333333 63.9166666666667 4.61111111111111 "郊区环境评价点" 115.972 40.453
"延庆" 20160228 17.5 41.6666666666667 0.479166666666667 12.625 67.375 3.91666666666667 "郊区环境评价点" 115.972 40.453
"延庆" 20160512 35.5416666666667 149.75 0.3 12.9166666666667 81.6666666666667 2.08333333333333 "郊区环境评价点" 115.972 40.453
"延庆" 20160129 69.4166666666667 119.125 1.70833333333333 51.7916666666667 21.125 28.2916666666667 "郊区环境评价点" 115.972 40.453
"延庆" 20160921 56 46.8333333333333 0.6 33.7083333333333 56.2916666666667 2.54166666666667 "郊区环境评价点" 115.972 40.453
"延庆" 20160328 58.9583333333333 82.2083333333333 0.879166666666667 39.9166666666667 43.1666666666667 11.8333333333333 "郊区环境评价点" 115.972 40.453
"延庆" 20160205 10.7083333333333 29.25 0.2875 7.29166666666667 79.4166666666667 5.75 "郊区环境评价点" 115.972 40.453
"延庆" 20160731 45.75 100.833333333333 0.745833333333333 14.0833333333333 96.7916666666667 2 "郊区环境评价点" 115.972 40.453
"延庆" 20161203 132.75 138.833333333333 3.42916666666667 83.7916666666667 27.7916666666667 41.6666666666667 "郊区环境评价点" 115.972 40.453
"延庆" 20160411 40.0869565217391 94.7894736842105 0.48695652173913 29.0869565217391 76.0869565217391 7.21739130434783 "郊区环境评价点" 115.972 40.453
"延庆" 20160609 141.095238095238 183.85 1.00952380952381 26.2857142857143 163.142857142857 3.23809523809524 "郊区环境评价点" 115.972 40.453
"延庆" 20160226 19.8333333333333 37.875 0.5125 15.4 61.75 8.5 "郊区环境评价点" 115.972 40.453
"延庆" 20161019 166.125 189.958333333333 1.80416666666667 47.6666666666667 51.4583333333333 8.625 "郊区环境评价点" 115.972 40.453
"延庆" 20161202 85.0416666666667 75.4583333333333 2.60416666666667 52.0869565217391 25.9130434782609 30.5416666666667 "郊区环境评价点" 115.972 40.453
"延庆" 20160304 309.208333333333 337.25 2.84583333333333 55.4166666666667 53.8333333333333 27.1666666666667 "郊区环境评价点" 115.972 40.453
"延庆" 20160630 32.2916666666667 67.625 0.5375 21.25 76.75 NA "郊区环境评价点" 115.972 40.453
"延庆" 20160112 23.9583333333333 46.5217391304348 0.525 21 46.3333333333333 10.3333333333333 "郊区环境评价点" 115.972 40.453
"延庆" 20160311 24.7916666666667 51.2083333333333 0.5 23.75 59.1666666666667 7.25 "郊区环境评价点" 115.972 40.453
"延庆" 20160509 42 76.3333333333333 0.533333333333333 29.25 64.9583333333333 3.29166666666667 "郊区环境评价点" 115.972 40.453
"延庆" 20160119 38.625 47.9166666666667 1.08333333333333 34.375 38.0833333333333 14.8333333333333 "郊区环境评价点" 115.972 40.453
"延庆" 20160714 28.3636363636364 47.3333333333333 0.5875 27.2916666666667 105.833333333333 2.15789473684211 "郊区环境评价点" 115.972 40.453
"延庆" 20161116 98.6521739130435 85.9545454545455 2.70714285714286 77.6521739130435 9.09090909090909 34.0869565217391 "郊区环境评价点" 115.972 40.453
"延庆" 20160310 12.7083333333333 34.25 0.2875 6.91666666666667 74.7083333333333 2.66666666666667 "郊区环境评价点" 115.972 40.453
"延庆" 20160925 101.125 108.666666666667 1.12083333333333 35.75 51.0833333333333 2.08333333333333 "郊区环境评价点" 115.972 40.453
"延庆" 20160530 66.3333333333333 89.5833333333333 0.6625 33.75 176.5 7.45833333333333 "郊区环境评价点" 115.972 40.453
"延庆" 20160209 59.5833333333333 62.5 1.40416666666667 25.8333333333333 64 15.4166666666667 "郊区环境评价点" 115.972 40.453
"延庆" 20160804 64.375 75.3333333333333 0.895833333333333 24.5 135.041666666667 2 "郊区环境评价点" 115.972 40.453
"延庆" 20160216 6.04166666666667 57.1666666666667 0.2625 3.70833333333333 83.3333333333333 3.125 "郊区环境评价点" 115.972 40.453
"延庆" 20161016 125.875 161.458333333333 1.27916666666667 66.0833333333333 26.7916666666667 4.5 "郊区环境评价点" 115.972 40.453
"延庆" 20161214 34.4583333333333 39 1.07083333333333 46.2916666666667 36.1739130434783 15.625 "郊区环境评价点" 115.972 40.453
"延庆" 20160301 103.083333333333 99.2916666666667 1.57083333333333 55.9583333333333 34.25 18 "郊区环境评价点" 115.972 40.453
"延庆" 20161023 18.85 26.25 0.78 27.5 30.95 2.95 "郊区环境评价点" 115.972 40.453
"延庆" 20160215 6.25 34.375 0.270833333333333 2.66666666666667 80.6666666666667 3.375 "郊区环境评价点" 115.972 40.453
"延庆" 20160109 75.1666666666667 65.9583333333333 2.00416666666667 45.2916666666667 19.125 21.7083333333333 "郊区环境评价点" 115.972 40.453
"延庆" 20160901 5.70833333333333 30.0416666666667 0.204166666666667 10.5416666666667 69.5833333333333 2 "郊区环境评价点" 115.972 40.453
"延庆" 20160330 28.3478260869565 40.9583333333333 0.468181818181818 32 63.7272727272727 4.75 "郊区环境评价点" 115.972 40.453
"延庆" 20160101 166.125 161.875 3.34166666666667 62.8333333333333 16.2083333333333 24.5 "郊区环境评价点" 115.972 40.453
"延庆" 20160513 31.2916666666667 52.8333333333333 0.304166666666667 28.875 77.1666666666667 3.91666666666667 "郊区环境评价点" 115.972 40.453
"延庆" 20160130 45.5416666666667 89.8333333333333 1.22083333333333 33.4583333333333 41.2916666666667 22.7916666666667 "郊区环境评价点" 115.972 40.453
"延庆" 20160725 53.9230769230769 75 0.61304347826087 16.8260869565217 79.9130434782609 2.08695652173913 "郊区环境评价点" 115.972 40.453
"延庆" 20160611 5.79166666666667 39.625 0.266666666666667 17.375 78.5833333333333 2.45833333333333 "郊区环境评价点" 115.972 40.453
"延庆" 20161120 29.125 79.6666666666667 0.825 28.5416666666667 35.4782608695652 5.70833333333333 "郊区环境评价点" 115.972 40.453
"延庆" 20160420 67.4285714285714 98.8125 0.752380952380952 28.9047619047619 75.4285714285714 7.14285714285714 "郊区环境评价点" 115.972 40.453
"延庆" 20161204 155.208333333333 206.625 3.91666666666667 79.4166666666667 30.4347826086957 39.4583333333333 "郊区环境评价点" 115.972 40.453
"延庆" 20160412 71.2083333333333 80.4166666666667 0.6375 36.2916666666667 52.375 3.75 "郊区环境评价点" 115.972 40.453
"延庆" 20160610 51.3888888888889 112.458333333333 0.470833333333333 15.0416666666667 103.583333333333 2 "郊区环境评价点" 115.972 40.453
"延庆" 20160227 31.7916666666667 44.5 0.816666666666667 26.2083333333333 50.7916666666667 9.91666666666667 "郊区环境评价点" 115.972 40.453
"延庆" 20160419 56.3157894736842 52.1176470588235 0.905263157894737 46.6315789473684 45.8947368421053 13.7368421052632 "郊区环境评价点" 115.972 40.453
"延庆" 20160624 8.66666666666667 40.4166666666667 0.7125 14.6666666666667 70 NA "郊区环境评价点" 115.972 40.453
"延庆" 20160602 47.875 89.5833333333333 0.633333333333333 27.8333333333333 174.75 4.25 "郊区环境评价点" 115.972 40.453
"延庆" 20160701 7.125 28.625 0.2875 16.0416666666667 73.9166666666667 NA "郊区环境评价点" 115.972 40.453
"延庆" 20161118 150 175.666666666667 2.34166666666667 73.5416666666667 7.8695652173913 21.0416666666667 "郊区环境评价点" 115.972 40.453
"延庆" 20160503 49.0952380952381 75.5416666666667 0.333333333333333 14.5 74.5833333333333 2.625 "郊区环境评价点" 115.972 40.453
"延庆" 20160510 35.6086956521739 56.8260869565217 0.452173913043478 25.304347826087 83.0869565217391 2.78260869565217 "郊区环境评价点" 115.972 40.453
"延庆" 20160601 36.75 79 0.65 31.4583333333333 114.708333333333 3.29166666666667 "郊区环境评价点" 115.972 40.453
"延庆" 20160715 23.5416666666667 44.2083333333333 0.520833333333333 19.875 86.0833333333333 2 "郊区环境评价点" 115.972 40.453
"延庆" 20161117 127.75 161.5 2.72083333333333 66.75 11.1304347826087 26.25 "郊区环境评价点" 115.972 40.453
"延庆" 20160218 9.66666666666667 38.0416666666667 0.291666666666667 6.08333333333333 82.4166666666667 3.5 "郊区环境评价点" 115.972 40.453
"延庆" 20160722 47.2083333333333 45.9166666666667 0.854166666666667 26.4166666666667 80.0416666666667 2 "郊区环境评价点" 115.972 40.453
"延庆" 20160531 62.3478260869565 115.5 0.891666666666667 26.9583333333333 124.291666666667 8.625 "郊区环境评价点" 115.972 40.453
"延庆" 20160104 14.6666666666667 63.4782608695652 0.404166666666667 20.2083333333333 60.875 4.5 "郊区环境评价点" 115.972 40.453
"延庆" 20160805 89.6666666666667 123.25 1.09583333333333 23.625 126.125 2 "郊区环境评价点" 115.972 40.453
"延庆" 20160217 28.5 33.5833333333333 0.716666666666667 16.2916666666667 67.7083333333333 14.75 "郊区环境评价点" 115.972 40.453
"延庆" 20160416 24.5416666666667 65.5416666666667 0.2375 9.20833333333333 74.4583333333333 2 "郊区环境评价点" 115.972 40.453
"延庆" 20161215 28.6666666666667 55.875 0.966666666666667 24.4166666666667 51.625 10.625 "郊区环境评价点" 115.972 40.453
"延庆" 20160103 128.916666666667 241.958333333333 2.64166666666667 44.875 34.1666666666667 15.625 "郊区环境评价点" 115.972 40.453
"延庆" 20161024 43.7083333333333 45.6666666666667 1.14166666666667 40.4166666666667 11.8333333333333 4.20833333333333 "郊区环境评价点" 115.972 40.453
"延庆" 20160621 62.375 112.083333333333 0.5875 24.8333333333333 104.166666666667 2.1 "郊区环境评价点" 115.972 40.453
"延庆" 20160201 25.7916666666667 41.0833333333333 1.0375 29 43.625 8.75 "郊区环境评价点" 115.972 40.453
"延庆" 20160902 6.54166666666667 20.375 0.304166666666667 16.6666666666667 34.5416666666667 2.625 "郊区环境评价点" 115.972 40.453
"延庆" 20160331 156.75 117.708333333333 1.30416666666667 55.625 76.95 26.8636363636364 "郊区环境评价点" 115.972 40.453
"延庆" 20160102 204.625 238.391304347826 4.1625 67.3333333333333 17.7916666666667 27.25 "郊区环境评价点" 115.972 40.453
"延庆" 20160514 28.875 50.125 0.383333333333333 19.8333333333333 76.125 2.20833333333333 "郊区环境评价点" 115.972 40.453
"延庆" 20160131 22.6666666666667 42.3333333333333 0.733333333333333 22.75 50.7083333333333 10.3333333333333 "郊区环境评价点" 115.972 40.453
"延庆" 20160726 20.7916666666667 39.0833333333333 0.6875 25.75 71.4166666666667 4.5 "郊区环境评价点" 115.972 40.453
"延庆" 20160612 41.125 59.0833333333333 0.541666666666667 29.9583333333333 117.75 3.25 "郊区环境评价点" 115.972 40.453
"延庆" 20161121 7.70833333333333 31.2916666666667 0.5 8.54166666666667 66.7391304347826 5.70833333333333 "郊区环境评价点" 115.972 40.453
"延庆" 20160421 44.2272727272727 81.5909090909091 0.409090909090909 37.5454545454545 64.0454545454545 3.90909090909091 "郊区环境评价点" 115.972 40.453
"延庆" 20161205 58 156.608695652174 1.60416666666667 35 51.0416666666667 13.4166666666667 "郊区环境评价点" 115.972 40.453
"延庆" 20160413 66.3333333333333 110.958333333333 0.504166666666667 26.5416666666667 65.8333333333333 2.66666666666667 "郊区环境评价点" 115.972 40.453
"延庆" 20160703 67.25 78.625 0.695833333333333 25.125 152.5 4.41666666666667 "郊区环境评价点" 115.972 40.453
"延庆" 20160809 44.6 84.0666666666667 1.00666666666667 18.6 192.866666666667 2.73333333333333 "郊区环境评价点" 115.972 40.453
"延庆" 20160520 94.4583333333333 126.291666666667 0.845833333333333 41.9166666666667 174.625 11.8333333333333 "郊区环境评价点" 115.972 40.453
"延庆" 20160625 16.9583333333333 37.3333333333333 0.841666666666667 22.1666666666667 78.1666666666667 NA "郊区环境评价点" 115.972 40.453
"延庆" 20160618 29.9583333333333 53.6666666666667 0.470833333333333 30.375 85.7083333333333 4.33333333333333 "郊区环境评价点" 115.972 40.453
"延庆" 20160702 20.125 41.7916666666667 0.425 37.5 69.625 2.11111111111111 "郊区环境评价点" 115.972 40.453
"延庆" 20161119 90.125 186.25 1.47083333333333 50.0833333333333 31.8260869565217 16.2916666666667 "郊区环境评价点" 115.972 40.453
"延庆" 20160504 61.2666666666667 69.5 0.404166666666667 30.0416666666667 73.2916666666667 3 "郊区环境评价点" 115.972 40.453
"延庆" 20160511 159.208333333333 117.875 1.03333333333333 33.2916666666667 126.458333333333 7.58333333333333 "郊区环境评价点" 115.972 40.453
"延庆" 20160617 30.7083333333333 44.2083333333333 0.554166666666667 44.4583333333333 45.9583333333333 4.79166666666667 "郊区环境评价点" 115.972 40.453
"延庆" 20160716 25.6666666666667 31.0833333333333 0.608333333333333 21 71.6666666666667 2 "郊区环境评价点" 115.972 40.453
"延庆" 20160807 11.1739130434783 54.55 0.482608695652174 13.5217391304348 74.1304347826087 2 "郊区环境评价点" 115.972 40.453
"延庆" 20160219 19.1304347826087 28.0434782608696 0.669565217391304 16 61.0434782608696 3.69565217391304 "郊区环境评价点" 115.972 40.453
"延庆" 20160723 81.25 97.6666666666667 0.8 25.4583333333333 121.375 2.08333333333333 "郊区环境评价点" 115.972 40.453
"延庆" 20161217 116.708333333333 117.083333333333 3.40416666666667 67.6666666666667 31 43.0416666666667 "郊区环境评价点" 115.972 40.453
"延庆" 20160105 23.1666666666667 25.625 0.691666666666667 23.6666666666667 41.0833333333333 10.8333333333333 "郊区环境评价点" 115.972 40.453
"延庆" 20160806 76.6086956521739 106.666666666667 0.773913043478261 16.3913043478261 134.347826086957 2 "郊区环境评价点" 115.972 40.453
"延庆" 20160623 7.6 72.75 0.970833333333333 22.125 81.7083333333333 NA "郊区环境评价点" 115.972 40.453
"延庆" 20160417 8.70833333333333 38.4761904761905 0.175 5.58333333333333 91.25 2.08333333333333 "郊区环境评价点" 115.972 40.453
"延庆" 20161216 53.2083333333333 48.4583333333333 1.5375 55.125 30 23.6666666666667 "郊区环境评价点" 115.972 40.453
"延庆" 20161124 45.0833333333333 42.8333333333333 1.41666666666667 57 20.1304347826087 19.1666666666667 "郊区环境评价点" 115.972 40.453
"延庆" 20161025 65.15 79 1.85714285714286 48.4761904761905 15.5238095238095 8.42857142857143 "郊区环境评价点" 115.972 40.453
"延庆" 20160622 58.4545454545455 90.0476190476191 0.857142857142857 21.4761904761905 143.095238095238 NA "郊区环境评价点" 115.972 40.453
"延庆" 20160202 46.0454545454545 56.0416666666667 1.17916666666667 36.5833333333333 38.2083333333333 16.7083333333333 "郊区环境评价点" 115.972 40.453
"延庆" 20160903 17 32.5416666666667 0.454166666666667 27.4166666666667 60.875 4.91666666666667 "郊区环境评价点" 115.972 40.453
"延庆" 20160401 50.6666666666667 175.541666666667 0.429166666666667 17.5416666666667 69.9166666666667 3.58333333333333 "郊区环境评价点" 115.972 40.453
"延庆" 20161123 15.9583333333333 24.5 0.633333333333333 29.8333333333333 42.2608695652174 10.9583333333333 "郊区环境评价点" 115.972 40.453
"延庆" 20160515 25.375 44.9166666666667 0.416666666666667 23.625 48.9583333333333 2.25 "郊区环境评价点" 115.972 40.453
"延庆" 20161207 31.7826086956522 52.4347826086956 0.521739130434783 35.9130434782609 52.9565217391304 10.5217391304348 "郊区环境评价点" 115.972 40.453
"延庆" 20160727 29.4583333333333 54 0.545833333333333 31.8695652173913 79.6666666666667 3.875 "郊区环境评价点" 115.972 40.453
"延庆" 20160613 38.375 61.6666666666667 0.4625 21.8333333333333 110.958333333333 2 "郊区环境评价点" 115.972 40.453
"延庆" 20161122 6.75 20.0833333333333 0.4 10.8333333333333 62.5652173913044 6.625 "郊区环境评价点" 115.972 40.453
"延庆" 20160422 26.375 89.75 0.183333333333333 9.58333333333333 91.7083333333333 2 "郊区环境评价点" 115.972 40.453
"延庆" 20161206 41.0416666666667 49.1666666666667 1.1625 47.6666666666667 34.0434782608696 17.4166666666667 "郊区环境评价点" 115.972 40.453
"延庆" 20160414 30.3478260869565 76.2272727272727 0.347826086956522 22.3913043478261 73.2608695652174 2.47826086956522 "郊区环境评价点" 115.972 40.453
"延庆" 20160704 131.083333333333 144.125 0.9875 28.0416666666667 153.458333333333 2.5 "郊区环境评价点" 115.972 40.453
"延庆" 20160810 70.8421052631579 78.75 0.877272727272727 16.3636363636364 141.954545454545 2 "郊区环境评价点" 115.972 40.453
"延庆" 20160521 75 116.333333333333 0.758333333333333 33.7083333333333 160.666666666667 12.0416666666667 "郊区环境评价点" 115.972 40.453
"延庆" 20160619 34.75 62.125 0.4625 47.375 87 2.66666666666667 "郊区环境评价点" 115.972 40.453
"延庆" 20160518 69.5 104.625 0.579166666666667 26.8333333333333 156.416666666667 7.58333333333333 "郊区环境评价点" 115.972 40.453
"延庆" 20160718 119.75 127.625 0.995833333333333 25.0833333333333 144.375 2.08333333333333 "郊区环境评价点" 115.972 40.453
"延庆" 20160428 94.1666666666667 110.458333333333 0.745833333333333 40.4583333333333 106.75 6 "郊区环境评价点" 115.972 40.453
"延庆" 20160824 66.2727272727273 102.208333333333 0.9125 30.5416666666667 95.25 3.6 "郊区环境评价点" 115.972 40.453
"延庆" 20160816 18.5652173913043 39.3333333333333 0.475 25.8260869565217 77.5416666666667 2.04166666666667 "郊区环境评价点" 115.972 40.453
"延庆" 20160517 61.6363636363636 73.5416666666667 0.5 41.5 113.125 8.41666666666667 "郊区环境评价点" 115.972 40.453
"延庆" 20160717 64.5833333333333 67.2083333333333 0.8375 17.5833333333333 131.25 2 "郊区环境评价点" 115.972 40.453
"延庆" 20160808 13.1111111111111 27 0.461111111111111 11.8333333333333 71.8333333333333 2.05555555555556 "郊区环境评价点" 115.972 40.453
"延庆" 20160519 83.875 109.458333333333 0.658333333333333 27.2916666666667 170.291666666667 7.16666666666667 "郊区环境评价点" 115.972 40.453
"延庆" 20160724 41.4210526315789 85.2222222222222 0.620833333333333 17.4583333333333 103 4.16666666666667 "郊区环境评价点" 115.972 40.453
"延庆" 20160906 21.8333333333333 46.2941176470588 0.45 30 26.5555555555556 5 "郊区环境评价点" 115.972 40.453
"延庆" 20161126 119.958333333333 172.5 2.79166666666667 61.2916666666667 43.2608695652174 20.9583333333333 "郊区环境评价点" 115.972 40.453
"延庆" 20160426 87.8695652173913 120.521739130435 1.50434782608696 30.1304347826087 123.95652173913 18.5909090909091 "郊区环境评价点" 115.972 40.453
"延庆" 20160614 23.75 49.75 0.4625 15.375 99.25 2 "郊区环境评价点" 115.972 40.453
"延庆" 20160418 11.85 30.0555555555556 0.26 13.2 82.75 2.65 "郊区环境评价点" 115.972 40.453
"延庆" 20160905 26.1304347826087 77.8260869565217 0.491304347826087 33.6086956521739 43 4.21739130434783 "郊区环境评价点" 115.972 40.453
"延庆" 20161125 112 110.083333333333 3.3 74.5 23.5652173913043 27.952380952381 "郊区环境评价点" 115.972 40.453
"延庆" 20161026 30.6111111111111 65.1764705882353 1.28888888888889 45.7777777777778 31.1111111111111 6.77777777777778 "郊区环境评价点" 115.972 40.453
"延庆" 20160430 148.375 213.416666666667 0.941666666666667 42.5833333333333 132.666666666667 5.04166666666667 "郊区环境评价点" 115.972 40.453
"延庆" 20160821 47.4285714285714 51.3333333333333 0.725 68.375 34.5 2 "郊区环境评价点" 115.972 40.453
"延庆" 20160904 76.7083333333333 69.4166666666667 0.791666666666667 31.4583333333333 104.416666666667 2.08333333333333 "郊区环境评价点" 115.972 40.453
"延庆" 20160615 18.3333333333333 31.9583333333333 0.408333333333333 16.25 86.7083333333333 3.45833333333333 "郊区环境评价点" 115.972 40.453
"延庆" 20160813 21.8333333333333 54.7916666666667 1.01666666666667 28.75 27.3333333333333 2.875 "郊区环境评价点" 115.972 40.453
"延庆" 20160516 22.0416666666667 38.5416666666667 0.316666666666667 25.4583333333333 64.7083333333333 2.70833333333333 "郊区环境评价点" 115.972 40.453
"延庆" 20160820 21.9565217391304 42 0.521739130434783 21.5217391304348 93.9565217391304 2 "郊区环境评价点" 115.972 40.453
"延庆" 20160728 43.75 60.3333333333333 0.6125 24.8571428571429 105.666666666667 3.125 "郊区环境评价点" 115.972 40.453
"延庆" 20160817 52 47.2916666666667 0.670833333333333 25.0416666666667 82 2.04166666666667 "郊区环境评价点" 115.972 40.453
"延庆" 20160812 107.928571428571 157.846153846154 0.966666666666667 29.3333333333333 70.6 2.4 "郊区环境评价点" 115.972 40.453
"延庆" 20160423 20.8333333333333 61.4166666666667 0.208333333333333 23.125 68.9583333333333 4 "郊区环境评价点" 115.972 40.453
"延庆" 20160819 18.9565217391304 40.9130434782609 0.843478260869565 24.5652173913043 64.4347826086957 2 "郊区环境评价点" 115.972 40.453
"延庆" 20160415 40.8333333333333 62.7083333333333 0.616666666666667 35.875 59.9583333333333 6.5 "郊区环境评价点" 115.972 40.453
"延庆" 20160814 15.75 39 0.508333333333333 35.5833333333333 58.5416666666667 3 "郊区环境评价点" 115.972 40.453
"延庆" 20160811 121.333333333333 132.541666666667 0.9625 23.2916666666667 150.791666666667 2 "郊区环境评价点" 115.972 40.453
"延庆" 20160522 51.2083333333333 98.5416666666667 0.570833333333333 26.2916666666667 156.583333333333 6.54166666666667 "郊区环境评价点" 115.972 40.453
"延庆" 20160620 94.9583333333333 92.8333333333333 0.7625 33.3333333333333 128 2.875 "郊区环境评价点" 115.972 40.453
"延庆" 20160823 72.625 83.5 0.719047619047619 36.5238095238095 107.75 3.20833333333333 "郊区环境评价点" 115.972 40.453
"延庆" 20160719 67.4166666666667 136.5 0.791666666666667 23.125 83.5416666666667 2 "郊区环境评价点" 115.972 40.453
"延庆" 20160429 116.791666666667 114.375 0.854166666666667 36.1666666666667 122.541666666667 9.54166666666667 "郊区环境评价点" 115.972 40.453
"延庆" 20160825 6.91666666666667 45.4166666666667 0.458333333333333 13.9166666666667 72.2083333333333 2.04166666666667 "郊区环境评价点" 115.972 40.453
"延庆" 20160616 21.5416666666667 38.4583333333333 0.383333333333333 24.1666666666667 87.2083333333333 3.25 "郊区环境评价点" 115.972 40.453
"延庆" 20160822 68.125 99.375 0.895833333333333 31.7391304347826 145.5 2.79166666666667 "郊区环境评价点" 115.972 40.453
"延庆" 20160721 11.1666666666667 19.375 0.583333333333333 13.5833333333333 51.5 2 "郊区环境评价点" 115.972 40.453
"延庆" 20160523 51.2083333333333 75.0833333333333 0.6375 28.25 112.958333333333 7.95833333333333 "郊区环境评价点" 115.972 40.453
"延庆" 20160427 65.75 98.6521739130435 0.879166666666667 41.6666666666667 104.416666666667 4.45833333333333 "郊区环境评价点" 115.972 40.453
"延庆" 20160502 49.875 145.458333333333 0.258333333333333 10.8333333333333 68.8333333333333 2 "郊区环境评价点" 115.972 40.453
"延庆" 20160425 105.695652173913 139 1.04090909090909 27.0416666666667 121.583333333333 8.70833333333333 "郊区环境评价点" 115.972 40.453
"延庆" 20160424 69.2083333333333 65.3333333333333 0.654166666666667 46.125 72.25 10.7083333333333 "郊区环境评价点" 115.972 40.453
"延庆" 20160815 13.9166666666667 34.2916666666667 0.404166666666667 26.6190476190476 65.1666666666667 2 "郊区环境评价点" 115.972 40.453
"延庆" 20160720 21.75 53.0833333333333 0.525 8.54166666666667 75.7083333333333 2 "郊区环境评价点" 115.972 40.453
"延庆" 20160501 182.708333333333 207.541666666667 1.19583333333333 28.375 141.5 7.625 "郊区环境评价点" 115.972 40.453
"延庆" 20160818 50.875 88.3333333333333 1.1 19.7916666666667 86.2083333333333 2 "郊区环境评价点" 115.972 40.453
