"农展馆" 20160912 35.8333333333333 44.4583333333333 0.761904761904762 41.1363636363636 65.7727272727273 2 "城区环境评价点" 116.461 39.937
"农展馆" 20161211 209.791666666667 163.608695652174 4.35833333333333 107.583333333333 11.2083333333333 41.375 "城区环境评价点" 116.461 39.937
"农展馆" 20160602 46.875 79.4583333333333 0.804166666666667 59.25 117.833333333333 10.8333333333333 "城区环境评价点" 116.461 39.937
"农展馆" 20160513 39.1904761904762 57.9166666666667 0.934782608695652 67.9583333333333 69.25 13.1666666666667 "城区环境评价点" 116.461 39.937
"农展馆" 20161210 51.125 60.125 1.36666666666667 70.6666666666667 10.5833333333333 14.9583333333333 "城区环境评价点" 116.461 39.937
"农展馆" 20160910 16.7083333333333 34.7083333333333 0.479166666666667 44.0416666666667 59.7083333333333 3.375 "城区环境评价点" 116.461 39.937
"农展馆" 20160512 41.1428571428571 145.625 0.943478260869565 38.3333333333333 70.125 6.5 "城区环境评价点" 116.461 39.937
"农展馆" 20160507 22.3181818181818 46.5 0.2 31.25 83.5416666666667 3.25 "城区环境评价点" 116.461 39.937
"农展馆" 20161212 224.789473684211 275.947368421053 2.93157894736842 98.8947368421053 8.78947368421053 43.9473684210526 "城区环境评价点" 116.461 39.937
"农展馆" 20160603 83.2916666666667 92.1666666666667 1.3125 63.0416666666667 132.916666666667 26.9583333333333 "城区环境评价点" 116.461 39.937
"农展馆" 20161003 111.458333333333 189.791666666667 1.14583333333333 46.5416666666667 65.0833333333333 5.45833333333333 "城区环境评价点" 116.461 39.937
"农展馆" 20161028 10.4583333333333 43.0833333333333 0.395833333333333 27.25 34.0833333333333 2.375 "城区环境评价点" 116.461 39.937
"农展馆" 20160928 12.8333333333333 27.25 0.366666666666667 37.4583333333333 32.4583333333333 2.125 "城区环境评价点" 116.461 39.937
"农展馆" 20160911 40.9166666666667 63.625 0.891666666666667 31.2916666666667 86.9583333333333 2.83333333333333 "城区环境评价点" 116.461 39.937
"农展馆" 20161004 34.0833333333333 103 1.0375 32.5833333333333 24 2.95833333333333 "城区环境评价点" 116.461 39.937
"农展馆" 20161005 60.5416666666667 61.9583333333333 1.30416666666667 36.0416666666667 25.0833333333333 2.79166666666667 "城区环境评价点" 116.461 39.937
"农展馆" 20161027 33.7916666666667 63.125 1.25833333333333 48.5833333333333 4.16666666666667 7.54166666666667 "城区环境评价点" 116.461 39.937
"农展馆" 20160604 84.9166666666667 119.5 0.929166666666667 31.7083333333333 162.958333333333 17.7083333333333 "城区环境评价点" 116.461 39.937
"农展馆" 20161007 41.5833333333333 70.125 1.74166666666667 40.25 8.20833333333333 2.16666666666667 "城区环境评价点" 116.461 39.937
"农展馆" 20160527 50 71.5416666666667 0.675 61.4583333333333 100 14.125 "城区环境评价点" 116.461 39.937
"农展馆" 20160907 39.7857142857143 69.1666666666667 0.721428571428571 39.6923076923077 108.714285714286 6.78571428571429 "城区环境评价点" 116.461 39.937
"农展馆" 20161110 145.875 231.75 1.62916666666667 50.2916666666667 9.91666666666667 6.54166666666667 "城区环境评价点" 116.461 39.937
"农展馆" 20160410 47.5416666666667 141.125 0.875 48.7083333333333 61.2916666666667 16 "城区环境评价点" 116.461 39.937
"农展馆" 20160526 22.625 54.1666666666667 0.354166666666667 35.4583333333333 86.8333333333333 2.08333333333333 "城区环境评价点" 116.461 39.937
"农展馆" 20160509 39.2083333333333 71.0833333333333 0.558333333333333 41.4166666666667 60.8333333333333 6.04166666666667 "城区环境评价点" 116.461 39.937
"农展馆" 20160531 43.5416666666667 103.5 0.870833333333333 37.6666666666667 81.5416666666667 12.375 "城区环境评价点" 116.461 39.937
"农展馆" 20161104 255.583333333333 294.958333333333 3.46666666666667 103.75 6.5 10.5 "城区环境评价点" 116.461 39.937
"农展馆" 20160511 141.791666666667 148.291666666667 1.05833333333333 35.9166666666667 140.291666666667 14.3333333333333 "城区环境评价点" 116.461 39.937
"农展馆" 20160210 106.541666666667 97.9166666666667 2.825 73.5 31.7083333333333 61.4166666666667 "城区环境评价点" 116.461 39.937
"农展馆" 20160508 67.35 75.65 0.81 55.85 68.3 18.95 "城区环境评价点" 116.461 39.937
"农展馆" 20160913 92.5 91.2916666666667 1.14090909090909 54.9545454545455 55.4761904761905 3.63636363636364 "城区环境评价点" 116.461 39.937
"农展馆" 20161103 209.791666666667 208.125 2.625 98.4583333333333 6.75 17.125 "城区环境评价点" 116.461 39.937
"农展馆" 20160510 38.9130434782609 64.9166666666667 0.616666666666667 47.2083333333333 85.7083333333333 4.125 "城区环境评价点" 116.461 39.937
"农展馆" 20160601 31.0833333333333 76.7916666666667 0.716666666666667 47.25 91.9166666666667 7.54166666666667 "城区环境评价点" 116.461 39.937
"农展馆" 20161031 7.04166666666667 40.9166666666667 0.258333333333333 17.4166666666667 44.375 3 "城区环境评价点" 116.461 39.937
"农展馆" 20160826 11.0416666666667 29.6666666666667 0.325 35.75 57.5833333333333 2.04166666666667 "城区环境评价点" 116.461 39.937
"农展馆" 20161006 69.6666666666667 101.958333333333 1.6875 43.0416666666667 7.66666666666667 6.16666666666667 "城区环境评价点" 116.461 39.937
"农展馆" 20160909 19.5217391304348 42.1304347826087 0.521739130434783 46.7826086956522 49.3913043478261 4.21739130434783 "城区环境评价点" 116.461 39.937
"农展馆" 20160514 39.8636363636364 54.6666666666667 0.325 46.5833333333333 67.7916666666667 3.41666666666667 "城区环境评价点" 116.461 39.937
"农展馆" 20160605 70.0833333333333 111.083333333333 0.9125 36.75 129.208333333333 16.4583333333333 "城区环境评价点" 116.461 39.937
"农展馆" 20160409 85.125 106.458333333333 0.8 64.125 53.2083333333333 13.7083333333333 "城区环境评价点" 116.461 39.937
"农展馆" 20160528 38.625 80 0.629166666666667 35.6666666666667 127 10.3333333333333 "城区环境评价点" 116.461 39.937
"农展馆" 20160908 23.5833333333333 46.4166666666667 0.7 49.25 54.0833333333333 2.25 "城区环境评价点" 116.461 39.937
"农展馆" 20161213 47 180.041666666667 1.05 50.2083333333333 32.0869565217391 9.79166666666667 "城区环境评价点" 116.461 39.937
"农展馆" 20160101 199.916666666667 180.208333333333 3.83333333333333 119.875 30.75 35.375 "城区环境评价点" 116.461 39.937
"农展馆" 20161215 30.9 59.7391304347826 0.968181818181818 49.3636363636364 28 11.3636363636364 "城区环境评价点" 116.461 39.937
"农展馆" 20160505 55.25 62.5 1.12083333333333 53.5416666666667 73.5 16.7083333333333 "城区环境评价点" 116.461 39.937
"农展馆" 20160929 59 59.7083333333333 0.783333333333333 60.1666666666667 43.0416666666667 9.58333333333333 "城区环境评价点" 116.461 39.937
"农展馆" 20161105 188.583333333333 277.869565217391 3.0375 85.0416666666667 20.5833333333333 6.58333333333333 "城区环境评价点" 116.461 39.937
"农展馆" 20160831 19.7083333333333 56.7083333333333 0.495833333333333 49.375 57.375 4.25 "城区环境评价点" 116.461 39.937
"农展馆" 20160122 16.375 105.125 0.529166666666667 23.125 57.7916666666667 5.25 "城区环境评价点" 116.461 39.937
"农展馆" 20161112 72.7916666666667 103.333333333333 1.44583333333333 59.0833333333333 13 10.9166666666667 "城区环境评价点" 116.461 39.937
"农展馆" 20160914 103.166666666667 134.375 1.16190476190476 50.2916666666667 83.625 5.91666666666667 "城区环境评价点" 116.461 39.937
"农展馆" 20161008 10.25 35.2083333333333 0.556521739130435 20.25 46.2916666666667 2.45833333333333 "城区环境评价点" 116.461 39.937
"农展馆" 20160404 72.9583333333333 67.4166666666667 0.558333333333333 54.4166666666667 72.3333333333333 14.0833333333333 "城区环境评价点" 116.461 39.937
"农展馆" 20160921 73.75 79.8333333333333 1.13181818181818 91.1666666666667 15.0909090909091 6.125 "城区环境评价点" 116.461 39.937
"农展馆" 20161111 81.375 130.125 1.69583333333333 59.9583333333333 5.25 6.04166666666667 "城区环境评价点" 116.461 39.937
"农展馆" 20160411 37.6086956521739 92.7894736842105 0.569565217391304 46.4347826086956 59.3913043478261 8.30434782608696 "城区环境评价点" 116.461 39.937
"农展馆" 20161029 27.2916666666667 39.8333333333333 0.616666666666667 49.1666666666667 17.4583333333333 5.375 "城区环境评价点" 116.461 39.937
"农展馆" 20161012 79.4583333333333 119.833333333333 1.14583333333333 55.1666666666667 30.5833333333333 8.41666666666667 "城区环境评价点" 116.461 39.937
"农展馆" 20160616 24.9090909090909 50.4166666666667 0.604166666666667 58.0833333333333 72.695652173913 2 "城区环境评价点" 116.461 39.937
"农展馆" 20160204 15.695652173913 39.6666666666667 0.579166666666667 30.125 60.7916666666667 7.83333333333333 "城区环境评价点" 116.461 39.937
"农展馆" 20161217 236.541666666667 229.625 3.61666666666667 107.416666666667 8.08333333333333 36.625 "城区环境评价点" 116.461 39.937
"农展馆" 20160211 153.666666666667 198.25 3.12083333333333 72.8333333333333 24.75 56 "城区环境评价点" 116.461 39.937
"农展馆" 20161102 120.708333333333 111.041666666667 1.55833333333333 84.6666666666667 9.79166666666667 18.0416666666667 "城区环境评价点" 116.461 39.937
"农展馆" 20160828 12.1666666666667 33.375 0.3875 37.5833333333333 60.3333333333333 2.33333333333333 "城区环境评价点" 116.461 39.937
"农展馆" 20160129 54.7083333333333 117.166666666667 1.72916666666667 60 22.75 41.125 "城区环境评价点" 116.461 39.937
"农展馆" 20161216 129 85.125 2.4125 103.291666666667 6.375 24.9166666666667 "城区环境评价点" 116.461 39.937
"农展馆" 20160516 23.625 49.8333333333333 0.54375 56.5217391304348 67.7916666666667 3.58333333333333 "城区环境评价点" 116.461 39.937
"农展馆" 20161101 41.5 39.75 0.75 53.6086956521739 17 9.41666666666667 "城区环境评价点" 116.461 39.937
"农展馆" 20160827 16.0416666666667 39.9583333333333 0.5375 48.125 41.3333333333333 3.41666666666667 "城区环境评价点" 116.461 39.937
"农展馆" 20160212 152.583333333333 185.458333333333 2.2625 62.3333333333333 31.7083333333333 24.3333333333333 "城区环境评价点" 116.461 39.937
"农展馆" 20161108 31.0909090909091 34.8333333333333 0.691304347826087 52.2608695652174 15.0416666666667 6.625 "城区环境评价点" 116.461 39.937
"农展馆" 20160515 33.4583333333333 63.4166666666667 0.404166666666667 51.75 44.6666666666667 2.08333333333333 "城区环境评价点" 116.461 39.937
"农展馆" 20160606 95.0416666666667 107.125 0.9375 34.7916666666667 142.041666666667 9.625 "城区环境评价点" 116.461 39.937
"农展馆" 20161009 35.875 51.0416666666667 0.75 48.875 13.75 6.41666666666667 "城区环境评价点" 116.461 39.937
"农展馆" 20160529 35.0416666666667 63.3333333333333 0.541666666666667 33.7083333333333 105.375 5.79166666666667 "城区环境评价点" 116.461 39.937
"农展馆" 20161107 44.125 83.7083333333333 0.741666666666667 40.625 23.75 3.75 "城区环境评价点" 116.461 39.937
"农展馆" 20161214 24.7083333333333 29.4166666666667 0.6875 47.7083333333333 29.9583333333333 11 "城区环境评价点" 116.461 39.937
"农展馆" 20160102 299.541666666667 302.217391304348 4.625 139.791666666667 29.75 42.5833333333333 "城区环境评价点" 116.461 39.937
"农展馆" 20161030 52.6666666666667 73.2083333333333 0.866666666666667 42.8333333333333 22.4583333333333 5.95833333333333 "城区环境评价点" 116.461 39.937
"农展馆" 20160506 53.625 142.083333333333 0.129166666666667 13.0833333333333 82.7916666666667 2 "城区环境评价点" 116.461 39.937
"农展馆" 20160930 105.333333333333 112.208333333333 1.025 75.5 62.5833333333333 11.4166666666667 "城区环境评价点" 116.461 39.937
"农展馆" 20161106 65.25 161.875 1.125 49.4166666666667 25.5416666666667 12.9583333333333 "城区环境评价点" 116.461 39.937
"农展馆" 20160901 7.375 32.75 0.308333333333333 32.1739130434783 49.5416666666667 2.625 "城区环境评价点" 116.461 39.937
"农展馆" 20160123 10.375 28.4166666666667 0.395833333333333 21.4583333333333 57.2916666666667 5.25 "城区环境评价点" 116.461 39.937
"农展馆" 20161113 100.833333333333 99.5 2.50833333333333 62.9583333333333 3.58333333333333 13.8333333333333 "城区环境评价点" 116.461 39.937
"农展馆" 20160915 89.7916666666667 115.583333333333 0.8875 48.9583333333333 99.6666666666667 4.25 "城区环境评价点" 116.461 39.937
"农展馆" 20160130 43.0416666666667 62.375 1.29166666666667 55.4583333333333 31.9166666666667 20.9166666666667 "城区环境评价点" 116.461 39.937
"农展馆" 20160405 134.478260869565 154.166666666667 0.966666666666667 59.2083333333333 78.2083333333333 21.5 "城区环境评价点" 116.461 39.937
"农展馆" 20160922 110.125 120.166666666667 1.18181818181818 84.4 40.2380952380952 7.45454545454545 "城区环境评价点" 116.461 39.937
"农展馆" 20160206 27.7916666666667 32.6666666666667 0.720833333333333 44.0416666666667 51.25 13.1666666666667 "城区环境评价点" 116.461 39.937
"农展馆" 20160412 75.125 82.2083333333333 0.770833333333333 65.5 40.0833333333333 8.04166666666667 "城区环境评价点" 116.461 39.937
"农展馆" 20160213 10.2083333333333 109.375 0.325 11.6666666666667 64.625 4.95833333333333 "城区环境评价点" 116.461 39.937
"农展馆" 20161013 169.125 155.25 1.63333333333333 79.125 29.0416666666667 6.79166666666667 "城区环境评价点" 116.461 39.937
"农展馆" 20160617 25.7916666666667 54.125 0.545833333333333 56.7727272727273 55.9583333333333 2.33333333333333 "城区环境评价点" 116.461 39.937
"农展馆" 20160205 10.3333333333333 25.4166666666667 0.416666666666667 20.4166666666667 70.75 5.20833333333333 "城区环境评价点" 116.461 39.937
"农展馆" 20161218 257.708333333333 325.458333333333 4.05 108.333333333333 8.75 24.7083333333333 "城区环境评价点" 116.461 39.937
"农展馆" 20160106 24.2083333333333 57.2916666666667 0.729166666666667 46.4583333333333 40.1666666666667 9.875 "城区环境评价点" 116.461 39.937
"农展馆" 20160113 19.1666666666667 29.875 0.708333333333333 53.25 32.7916666666667 12.4166666666667 "城区环境评价点" 116.461 39.937
"农展馆" 20160829 19.125 41.9166666666667 0.533333333333333 44.7916666666667 68 2.75 "城区环境评价点" 116.461 39.937
"农展馆" 20160219 14.3333333333333 31.7916666666667 0.4875 31.5833333333333 56.5 6.45833333333333 "城区环境评价点" 116.461 39.937
"农展馆" 20160120 139.791666666667 143.041666666667 4.06666666666667 88.5416666666667 11.9166666666667 74.8333333333333 "城区环境评价点" 116.461 39.937
"农展馆" 20160517 61.4583333333333 79.5416666666667 0.316666666666667 62.25 115.541666666667 13.6666666666667 "城区环境评价点" 116.461 39.937
"农展馆" 20160127 102.666666666667 87.5416666666667 2.1125 93.625 19.875 44.3333333333333 "城区环境评价点" 116.461 39.937
"农展馆" 20161117 120.291666666667 158.416666666667 2.6625 68.8333333333333 5.16666666666667 25.2916666666667 "城区环境评价点" 116.461 39.937
"农展馆" 20160203 34.1666666666667 45.8333333333333 1.0625 67.5 29.1666666666667 16 "城区环境评价点" 116.461 39.937
"农展馆" 20161109 172.083333333333 137.708333333333 2.775 74.0833333333333 3.375 11.0833333333333 "城区环境评价点" 116.461 39.937
"农展馆" 20161124 72.2083333333333 46.875 1.39166666666667 74.625 11.5416666666667 20.7083333333333 "城区环境评价点" 116.461 39.937
"农展馆" 20160607 58.9166666666667 106.708333333333 0.870833333333333 26.3333333333333 108.416666666667 2.45833333333333 "城区环境评价点" 116.461 39.937
"农展馆" 20161010 97.9583333333333 83.5416666666667 1.39166666666667 75.4166666666667 10.8333333333333 14.625 "城区环境评价点" 116.461 39.937
"农展馆" 20160530 80.875 95.5 1.16666666666667 59.7916666666667 136.416666666667 19.2916666666667 "城区环境评价点" 116.461 39.937
"农展馆" 20161002 192.333333333333 231.583333333333 1.49166666666667 69.5416666666667 66.0416666666667 9.41666666666667 "城区环境评价点" 116.461 39.937
"农展馆" 20161017 69.9583333333333 121.875 1 44.8333333333333 27.7916666666667 4.29166666666667 "城区环境评价点" 116.461 39.937
"农展馆" 20160103 229.25 345.958333333333 2.82916666666667 86.625 29.2916666666667 22.8333333333333 "城区环境评价点" 116.461 39.937
"农展馆" 20160110 52.1666666666667 92.304347826087 1.55 71.0833333333333 19.9166666666667 27 "城区环境评价点" 116.461 39.937
"农展馆" 20161222 87.2857142857143 320 1.61739130434783 44.5652173913044 44.2272727272727 6.82608695652174 "城区环境评价点" 116.461 39.937
"农展馆" 20161001 166.166666666667 183.875 1.54583333333333 90.9583333333333 53.25 14.125 "城区环境评价点" 116.461 39.937
"农展馆" 20160117 37.6666666666667 112.916666666667 0.691666666666667 31.125 50.5833333333333 9.875 "城区环境评价点" 116.461 39.937
"农展馆" 20160902 12.1666666666667 33.0833333333333 0.4375 30.0416666666667 28.875 2.29166666666667 "城区环境评价点" 116.461 39.937
"农展馆" 20160124 10.7083333333333 50.1666666666667 0.441666666666667 30.6666666666667 53.4583333333333 5.66666666666667 "城区环境评价点" 116.461 39.937
"农展馆" 20161114 50.25 136.291666666667 1.0625 39.5833333333333 36.6666666666667 4.58333333333333 "城区环境评价点" 116.461 39.937
"农展馆" 20160916 157.5 187.375 1.15416666666667 46.7916666666667 96.9583333333333 5.66666666666667 "城区环境评价点" 116.461 39.937
"农展馆" 20160131 14.9583333333333 40.2916666666667 0.504166666666667 30.25 54.0416666666667 7.95833333333333 "城区环境评价点" 116.461 39.937
"农展馆" 20160406 142 146.913043478261 1.94583333333333 75.7083333333333 56.9583333333333 37.375 "城区环境评价点" 116.461 39.937
"农展馆" 20160923 137.181818181818 166.818181818182 1.26363636363636 50.4117647058824 99.9090909090909 3.95454545454545 "城区环境评价点" 116.461 39.937
"农展馆" 20160207 44.3333333333333 61.5416666666667 0.995833333333333 47.9166666666667 47.25 21.4583333333333 "城区环境评价点" 116.461 39.937
"农展馆" 20160413 140.25 161.5 1.2 87.75 47.25 7.54166666666667 "城区环境评价点" 116.461 39.937
"农展馆" 20160214 7.58333333333333 20.7916666666667 0.304166666666667 13.7083333333333 64.875 3.79166666666667 "城区环境评价点" 116.461 39.937
"农展馆" 20161014 228.285714285714 259.826086956522 2.13478260869565 91.3809523809524 25.304347826087 9.43478260869565 "城区环境评价点" 116.461 39.937
"农展馆" 20160618 46.8333333333333 73.7083333333333 0.816666666666667 54.875 106.166666666667 4.29166666666667 "城区环境评价点" 116.461 39.937
"农展馆" 20160221 85.6666666666667 70.25 1.7625 70 26.9583333333333 30.375 "城区环境评价点" 116.461 39.937
"农展馆" 20161219 233.208333333333 285.666666666667 4.38333333333333 116.875 9.45833333333333 26.625 "城区环境评价点" 116.461 39.937
"农展馆" 20160107 10.2916666666667 23.0434782608696 0.383333333333333 30.6666666666667 44.1666666666667 6.79166666666667 "城区环境评价点" 116.461 39.937
"农展馆" 20160114 65.3333333333333 60.7916666666667 1.74583333333333 87.7083333333333 18.7916666666667 25.25 "城区环境评价点" 116.461 39.937
"农展馆" 20160830 34.5416666666667 67.0416666666667 0.741666666666667 49.7916666666667 115 6.45833333333333 "城区环境评价点" 116.461 39.937
"农展馆" 20160220 12.25 26.3913043478261 0.375 21.0416666666667 64.1666666666667 4.75 "城区环境评价点" 116.461 39.937
"农展馆" 20160121 126.208333333333 167.083333333333 2.725 70.5833333333333 10.2083333333333 30.5 "城区环境评价点" 116.461 39.937
"农展馆" 20160518 56.5416666666667 87.8333333333333 0.4625 32.0833333333333 145.833333333333 11.3333333333333 "城区环境评价点" 116.461 39.937
"农展馆" 20160128 150.5 198.583333333333 2.775 94.0833333333333 25.3333333333333 54.7916666666667 "城区环境评价点" 116.461 39.937
"农展馆" 20161118 206.583333333333 201 4.175 78.9166666666667 4.70833333333333 23.1666666666667 "城区环境评价点" 116.461 39.937
"农展馆" 20160927 24.875 70.4166666666667 0.675 25.4166666666667 42.0416666666667 2.08333333333333 "城区环境评价点" 116.461 39.937
"农展馆" 20160723 128.333333333333 137 1.39166666666667 60.2916666666667 102.916666666667 2 "城区环境评价点" 116.461 39.937
"农展馆" 20161125 170.833333333333 171.833333333333 2.89166666666667 97.625 5.75 25.2083333333333 "城区环境评价点" 116.461 39.937
"农展馆" 20160608 133.125 121.458333333333 1.3 36.0416666666667 138.625 2.79166666666667 "城区环境评价点" 116.461 39.937
"农展馆" 20161011 129.25 173.666666666667 1.575 60.2916666666667 26.5833333333333 11.2083333333333 "城区环境评价点" 116.461 39.937
"农展馆" 20160926 61.5 142.739130434783 1.19583333333333 41.3333333333333 47.0833333333333 2.33333333333333 "城区环境评价点" 116.461 39.937
"农展馆" 20160722 76.0416666666667 77.375 1.1 47.7083333333333 87 2 "城区环境评价点" 116.461 39.937
"农展馆" 20161018 112.791666666667 102.708333333333 1.99166666666667 62.4347826086956 3.625 7.54166666666667 "城区环境评价点" 116.461 39.937
"农展馆" 20160104 45.9166666666667 161.652173913043 0.858333333333333 38.75 55 4.25 "城区环境评价点" 116.461 39.937
"农展馆" 20160111 10.0416666666667 41.1666666666667 0.379166666666667 27.7083333333333 51.2083333333333 6.20833333333333 "城区环境评价点" 116.461 39.937
"农展馆" 20161223 38.1875 43.3125 0.783333333333333 56.1666666666667 18.6666666666667 10.1111111111111 "城区环境评价点" 116.461 39.937
"农展馆" 20160217 42.6666666666667 40.25 0.95 56.6666666666667 40.3333333333333 17.4166666666667 "城区环境评价点" 116.461 39.937
"农展馆" 20160118 9.875 35.375 0.370833333333333 22.0833333333333 57.375 2.83333333333333 "城区环境评价点" 116.461 39.937
"农展馆" 20160903 20.5 42.3333333333333 0.533333333333333 32.875 77 3.125 "城区环境评价点" 116.461 39.937
"农展馆" 20160125 18.375 41.125 0.616666666666667 45.9166666666667 38.625 13.7916666666667 "城区环境评价点" 116.461 39.937
"农展馆" 20161115 45.75 47.4583333333333 1.43333333333333 69.625 11.0416666666667 13.4583333333333 "城区环境评价点" 116.461 39.937
"农展馆" 20160917 44.875 126.75 0.804166666666667 39.6666666666667 39.625 2.125 "城区环境评价点" 116.461 39.937
"农展馆" 20160201 11.75 24.75 0.570833333333333 36.625 49.3333333333333 9.66666666666667 "城区环境评价点" 116.461 39.937
"农展馆" 20160407 95.4583333333333 213.416666666667 1.02083333333333 59.1666666666667 51.5833333333333 5.20833333333333 "城区环境评价点" 116.461 39.937
"农展馆" 20160924 126.666666666667 159.208333333333 1.17916666666667 54.9166666666667 90.1666666666667 5.95833333333333 "城区环境评价点" 116.461 39.937
"农展馆" 20160208 187.166666666667 210.875 0.9375 47.4166666666667 52.875 56.625 "城区环境评价点" 116.461 39.937
"农展馆" 20160414 30.7391304347826 109.363636363636 0.308695652173913 33.3478260869565 75.8695652173913 3.82608695652174 "城区环境评价点" 116.461 39.937
"农展馆" 20160215 7.20833333333333 25.4583333333333 0.354166666666667 19.0416666666667 62.4166666666667 3.25 "城区环境评价点" 116.461 39.937
"农展馆" 20161015 183.95652173913 255.652173913043 2.19565217391304 82.1739130434783 2.52173913043478 9.08695652173913 "城区环境评价点" 116.461 39.937
"农展馆" 20160619 66 91.2083333333333 0.8375 38.9583333333333 158.708333333333 6.25 "城区环境评价点" 116.461 39.937
"农展馆" 20160222 66 120.086956521739 1.1625 50.4583333333333 43.6666666666667 21.6666666666667 "城区环境评价点" 116.461 39.937
"农展馆" 20161220 358.652173913043 350.954545454545 7.78695652173913 118.565217391304 10.2173913043478 6.91304347826087 "城区环境评价点" 116.461 39.937
"农展馆" 20160108 33.4583333333333 26.375 0.745833333333333 48.0416666666667 35.0833333333333 13.5833333333333 "城区环境评价点" 116.461 39.937
"农展馆" 20160115 123.708333333333 138.208333333333 3.11666666666667 104.291666666667 20.2083333333333 42.75 "城区环境评价点" 116.461 39.937
"农展馆" 20161227 36.8260869565217 35.9130434782609 0.821739130434783 46.5217391304348 30.8260869565217 10.8695652173913 "城区环境评价点" 116.461 39.937
"农展馆" 20160307 38.5833333333333 111.083333333333 0.941666666666667 43.7916666666667 55.7083333333333 15.0416666666667 "城区环境评价点" 116.461 39.937
"农展馆" 20160314 78.4782608695652 74.1739130434783 1.28695652173913 72.7826086956522 38.8695652173913 25.0434782608696 "城区环境评价点" 116.461 39.937
"农展馆" 20160519 84.0416666666667 106.583333333333 0.6125 39.1666666666667 183.125 19.2916666666667 "城区环境评价点" 116.461 39.937
"农展馆" 20160717 83.1818181818182 88.1739130434783 1.96086956521739 57.4782608695652 116.130434782609 2.73913043478261 "城区环境评价点" 116.461 39.937
"农展馆" 20161119 129.458333333333 228.458333333333 2.00416666666667 59.25 20.75 8.58333333333333 "城区环境评价点" 116.461 39.937
"农展馆" 20160419 69.3157894736842 66.1176470588235 1.30526315789474 65.4736842105263 41.0526315789474 25.6842105263158 "城区环境评价点" 116.461 39.937
"农展馆" 20160724 73.6315789473684 137.055555555556 1.00416666666667 51.0416666666667 99.2083333333333 2 "城区环境评价点" 116.461 39.937
"农展馆" 20161126 288.625 302.125 3.84583333333333 116.75 10.125 21.5 "城区环境评价点" 116.461 39.937
"农展馆" 20160609 101.238095238095 186.55 1.01428571428571 37.6666666666667 137 6.61904761904762 "城区环境评价点" 116.461 39.937
"农展馆" 20160807 22.3478260869565 78.65 0.739130434782609 16.9130434782609 94.6086956521739 2 "城区环境评价点" 116.461 39.937
"农展馆" 20160418 15.2 31.1111111111111 0.23 25.9 80.5 2.45 "城区环境评价点" 116.461 39.937
"农展馆" 20160305 58.7916666666667 243.291666666667 0.341666666666667 25.375 64.9583333333333 4 "城区环境评价点" 116.461 39.937
"农展馆" 20161019 220.583333333333 216.916666666667 2.40416666666667 67.8636363636364 15.9166666666667 6.16666666666667 "城区环境评价点" 116.461 39.937
"农展馆" 20160105 30.9166666666667 31.375 0.6625 47.0833333333333 41.25 11.125 "城区环境评价点" 116.461 39.937
"农展馆" 20160112 13.2727272727273 21.5217391304348 0.508333333333333 36.0416666666667 45.25 7.04166666666667 "城区环境评价点" 116.461 39.937
"农展馆" 20161224 128.666666666667 109.291666666667 2.79583333333333 89.125 6.75 30 "城区环境评价点" 116.461 39.937
"农展馆" 20160218 15.6666666666667 49.6666666666667 0.379166666666667 27.625 65.9166666666667 6.83333333333333 "城区环境评价点" 116.461 39.937
"农展馆" 20160119 56.7916666666667 54 1.51666666666667 73.2916666666667 18.9166666666667 20.75 "城区环境评价点" 116.461 39.937
"农展馆" 20160904 78.9166666666667 81.9583333333333 1.08333333333333 45 103.958333333333 9.04166666666667 "城区环境评价点" 116.461 39.937
"农展馆" 20160126 29.25 40.2083333333333 0.6875 44.5 38.5833333333333 18.5833333333333 "城区环境评价点" 116.461 39.937
"农展馆" 20161116 117.111111111111 102.136363636364 2.40434782608696 78.1739130434783 9.60869565217391 14.0869565217391 "城区环境评价点" 116.461 39.937
"农展馆" 20160918 21.2916666666667 43.5909090909091 0.595833333333333 37.6363636363636 18.3333333333333 2 "城区环境评价点" 116.461 39.937
"农展馆" 20160202 25.2916666666667 28.4583333333333 0.804166666666667 52 43.7916666666667 13.4166666666667 "城区环境评价点" 116.461 39.937
"农展馆" 20160408 21.75 60.4166666666667 0.316666666666667 34.5833333333333 71.5833333333333 4.54166666666667 "城区环境评价点" 116.461 39.937
"农展馆" 20160925 184.416666666667 230.916666666667 1.7625 49.375 81.25 8.08333333333333 "城区环境评价点" 116.461 39.937
"农展馆" 20160209 43.2083333333333 79.2916666666667 1.10416666666667 44.2083333333333 55.4583333333333 21.25 "城区环境评价点" 116.461 39.937
"农展馆" 20160415 59.8333333333333 68.9166666666667 1.16666666666667 72.625 50.9166666666667 22.7083333333333 "城区环境评价点" 116.461 39.937
"农展馆" 20160216 7 47.9166666666667 0.291666666666667 19.3333333333333 67.5 4.08333333333333 "城区环境评价点" 116.461 39.937
"农展馆" 20161016 113.583333333333 196.083333333333 1.00416666666667 47.9583333333333 30.9166666666667 4.45833333333333 "城区环境评价点" 116.461 39.937
"农展馆" 20160620 82.75 115.166666666667 1.10833333333333 34.6086956521739 174.458333333333 7.41666666666667 "城区环境评价点" 116.461 39.937
"农展馆" 20160223 11.9583333333333 40.9583333333333 0.3125 21.75 67.9583333333333 8.20833333333333 "城区环境评价点" 116.461 39.937
"农展馆" 20161221 371.833333333333 402.958333333333 7.65 132.625 8.91666666666667 11.6666666666667 "城区环境评价点" 116.461 39.937
"农展馆" 20160109 78.0833333333333 85.5833333333333 1.625 83.9583333333333 17.1666666666667 23.375 "城区环境评价点" 116.461 39.937
"农展馆" 20160116 117.416666666667 152.666666666667 2.4125 74.1666666666667 16.125 51.4166666666667 "城区环境评价点" 116.461 39.937
"农展馆" 20161228 81.55 107.15 1.3 46.6111111111111 22.9444444444444 12.1666666666667 "城区环境评价点" 116.461 39.937
"农展馆" 20160308 9.16666666666667 27.1428571428571 0.283333333333333 18.2777777777778 75.0555555555556 2.94444444444444 "城区环境评价点" 116.461 39.937
"农展馆" 20160315 130.1 124.35 1.285 81.3 39.3 52.5 "城区环境评价点" 116.461 39.937
"农展馆" 20160520 90.4166666666667 120.125 0.991666666666667 61.375 134.166666666667 23.0833333333333 "城区环境评价点" 116.461 39.937
"农展馆" 20160718 102.090909090909 128.416666666667 2.03478260869565 63.0833333333333 87.125 5.29166666666667 "城区环境评价点" 116.461 39.937
"农展馆" 20161120 56.0833333333333 117.708333333333 1.12083333333333 40.9583333333333 7.95833333333333 5.45833333333333 "城区环境评价点" 116.461 39.937
"农展馆" 20160420 60.2857142857143 88.9375 0.685714285714286 45.4285714285714 79.6190476190476 9.66666666666667 "城区环境评价点" 116.461 39.937
"农展馆" 20160725 44.3846153846154 96.4 0.973913043478261 40.6363636363636 73 2 "城区环境评价点" 116.461 39.937
"农展馆" 20161127 95.9166666666667 258.166666666667 1.82083333333333 66.375 26.8333333333333 9.625 "城区环境评价点" 116.461 39.937
"农展馆" 20160610 55.8333333333333 102.166666666667 0.65 22 122.625 2.08333333333333 "城区环境评价点" 116.461 39.937
"农展馆" 20160808 37.9444444444444 45 0.911111111111111 26.2941176470588 81.6111111111111 2.55555555555556 "城区环境评价点" 116.461 39.937
"农展馆" 20161226 54.2916666666667 158.333333333333 1.1 59.0833333333333 22.9166666666667 20.1666666666667 "城区环境评价点" 116.461 39.937
"农展馆" 20160306 79.0833333333333 116.666666666667 1.69166666666667 85.875 17.9583333333333 32.75 "城区环境评价点" 116.461 39.937
"农展馆" 20161020 88.4166666666667 224.708333333333 1.5125 51.75 12.875 7 "城区环境评价点" 116.461 39.937
"农展馆" 20160624 20.0833333333333 70.0416666666667 0.5 39.3333333333333 61.6666666666667 2 "城区环境评价点" 116.461 39.937
"农展馆" 20160503 19.4583333333333 60.8333333333333 0.325 36.3333333333333 57.1666666666667 2.16666666666667 "城区环境评价点" 116.461 39.937
"农展馆" 20161225 166.615384615385 199.153846153846 3.00769230769231 101.384615384615 4.53846153846154 40.1538461538462 "城区环境评价点" 116.461 39.937
"农展馆" 20160920 24 43.6666666666667 0.604166666666667 49.9583333333333 47.2916666666667 4.86363636363636 "城区环境评价点" 116.461 39.937
"农展馆" 20160701 14.4583333333333 59.125 0.395833333333333 23.9583333333333 100.666666666667 2 "城区环境评价点" 116.461 39.937
"农展馆" 20160905 29.375 71.875 0.554166666666667 31.125 87.2916666666667 2.58333333333333 "城区环境评价点" 116.461 39.937
"农展馆" 20160524 18.5833333333333 56.125 0.370833333333333 30.7083333333333 86.0833333333333 2.75 "城区环境评价点" 116.461 39.937
"农展馆" 20160319 71 131.291666666667 1.0875 51.25 56.125 21.0833333333333 "城区环境评价点" 116.461 39.937
"农展馆" 20160919 11.4583333333333 30.3333333333333 0.408333333333333 35.875 39.5416666666667 2.125 "城区环境评价点" 116.461 39.937
"农展馆" 20160615 20.2083333333333 45.8333333333333 0.5375 38.8333333333333 92.3333333333333 2 "城区环境评价点" 116.461 39.937
"农展馆" 20160326 12.2083333333333 37.75 0.304166666666667 34.5416666666667 62.0416666666667 3.08333333333333 "城区环境评价点" 116.461 39.937
"农展馆" 20160622 56.4166666666667 108.25 0.808333333333333 39.6666666666667 142.041666666667 2.08333333333333 "城区环境评价点" 116.461 39.937
"农展馆" 20160402 7.625 41.75 0.1875 18.0416666666667 69.8333333333333 2.20833333333333 "城区环境评价点" 116.461 39.937
"农展馆" 20160416 24 76.8333333333333 0.279166666666667 22.7916666666667 64.25 2.25 "城区环境评价点" 116.461 39.937
"农展馆" 20160614 38.875 67.4583333333333 0.6 29.5 74.9090909090909 2.04545454545455 "城区环境评价点" 116.461 39.937
"农展馆" 20160812 80.6666666666667 108.615384615385 0.873333333333333 35.9333333333333 61.5333333333333 2.8 "城区环境评价点" 116.461 39.937
"农展馆" 20160621 104.916666666667 119.083333333333 1.0125 37.75 149.166666666667 2.20833333333333 "城区环境评价点" 116.461 39.937
"农展馆" 20160224 25.4166666666667 36.6666666666667 0.713636363636364 49.4545454545455 40.1363636363636 10.2272727272727 "城区环境评价点" 116.461 39.937
"农展馆" 20161024 72.1666666666667 73.875 1.25833333333333 56.5833333333333 2.45833333333333 3.79166666666667 "城区环境评价点" 116.461 39.937
"农展馆" 20160302 175.625 214.125 2.73333333333333 133.705882352941 28.5238095238095 32.65 "城区环境评价点" 116.461 39.937
"农展馆" 20160720 38.4583333333333 109.666666666667 0.770833333333333 26.9583333333333 52.0833333333333 2 "城区环境评价点" 116.461 39.937
"农展馆" 20160705 97.2083333333333 142.166666666667 1.07083333333333 30.9583333333333 144.791666666667 5.33333333333333 "城区环境评价点" 116.461 39.937
"农展馆" 20160309 7.47826086956522 19.8571428571429 0.334782608695652 20.2173913043478 61.6521739130435 3 "城区环境评价点" 116.461 39.937
"农展馆" 20160316 244.291666666667 245.791666666667 2.2 103.458333333333 61.375 44.625 "城区环境评价点" 116.461 39.937
"农展馆" 20160521 71.5416666666667 112.666666666667 0.729166666666667 51.5 127.458333333333 19.9583333333333 "城区环境评价点" 116.461 39.937
"农展馆" 20160719 108.916666666667 136.166666666667 1.37826086956522 63.5 30.8333333333333 2.41666666666667 "城区环境评价点" 116.461 39.937
"农展馆" 20161121 9.625 51.75 0.408333333333333 16.875 52.75 2.91666666666667 "城区环境评价点" 116.461 39.937
"农展馆" 20160421 122.608695652174 131.95652173913 0.973913043478261 74.1739130434783 68.2173913043478 9.21739130434783 "城区环境评价点" 116.461 39.937
"农展馆" 20160726 17.2083333333333 47.375 0.554166666666667 26.3333333333333 105.291666666667 2 "城区环境评价点" 116.461 39.937
"农展馆" 20161128 71.375 66.625 2.1375 91.625 6.625 23.1666666666667 "城区环境评价点" 116.461 39.937
"农展馆" 20160611 11.25 48.7916666666667 0.341666666666667 23.2916666666667 81.2083333333333 2 "城区环境评价点" 116.461 39.937
"农展馆" 20160809 60.6666666666667 76.4 1.48666666666667 28.6428571428571 151.6 8.13333333333333 "城区环境评价点" 116.461 39.937
"农展馆" 20160824 85.9166666666667 100.583333333333 1.18333333333333 58.2083333333333 82.25 7.375 "城区环境评价点" 116.461 39.937
"农展馆" 20160703 83.9166666666667 92.25 1.0125 39.4166666666667 140.875 11.9583333333333 "城区环境评价点" 116.461 39.937
"农展馆" 20161021 46.375 71.25 0.8375 36.0416666666667 15.375 2 "城区环境评价点" 116.461 39.937
"农展馆" 20160625 17.5416666666667 31.0416666666667 0.341666666666667 28.2916666666667 85.2916666666667 2 "城区环境评价点" 116.461 39.937
"农展馆" 20160504 37.2608695652174 54.2916666666667 0.575 67.3333333333333 54.9583333333333 3.91666666666667 "城区环境评价点" 116.461 39.937
"农展馆" 20160321 129.916666666667 128.875 1.25833333333333 103.434782608696 61.25 26.125 "城区环境评价点" 116.461 39.937
"农展馆" 20161204 302.833333333333 392.5 3.94166666666667 104.416666666667 10.0416666666667 17.625 "城区环境评价点" 116.461 39.937
"农展馆" 20160702 50 60.7083333333333 0.720833333333333 43.1666666666667 112.666666666667 2.75 "城区环境评价点" 116.461 39.937
"农展馆" 20160906 22.0555555555556 53.4117647058824 0.633333333333333 48 39.8333333333333 3.88888888888889 "城区环境评价点" 116.461 39.937
"农展馆" 20160525 11.625 38.125 0.320833333333333 26.7083333333333 95.4166666666667 2 "城区环境评价点" 116.461 39.937
"农展馆" 20160320 62.2272727272727 80.1739130434783 1.43913043478261 80.0434782608696 53.0434782608696 16.3913043478261 "城区环境评价点" 116.461 39.937
"农展馆" 20161203 256.666666666667 217.5 4.125 117 9.875 29.4166666666667 "城区环境评价点" 116.461 39.937
"农展馆" 20160310 9.61904761904762 25.2916666666667 0.376190476190476 22.7083333333333 59.8333333333333 3.41666666666667 "城区环境评价点" 116.461 39.937
"农展馆" 20160327 15.2083333333333 30.9166666666667 0.254166666666667 38.7083333333333 59.9166666666667 3.625 "城区环境评价点" 116.461 39.937
"农展馆" 20160623 76.5416666666667 97.5 1.15416666666667 40.8333333333333 112.25 6.58333333333333 "城区环境评价点" 116.461 39.937
"农展馆" 20160403 15.2083333333333 30.5833333333333 0.220833333333333 28.3333333333333 70.4166666666667 2.66666666666667 "城区环境评价点" 116.461 39.937
"农展馆" 20160417 10.3333333333333 41.5714285714286 0.225 18.9583333333333 83.25 2 "城区环境评价点" 116.461 39.937
"农展馆" 20160304 321.291666666667 380.583333333333 4.775 130.333333333333 12.6666666666667 66.5833333333333 "城区环境评价点" 116.461 39.937
"农展馆" 20160813 22.875 47.3333333333333 0.75 34.6666666666667 26.7083333333333 2.79166666666667 "城区环境评价点" 116.461 39.937
"农展馆" 20160707 112.25 118.083333333333 1.325 32.1666666666667 160.125 10.7083333333333 "城区环境评价点" 116.461 39.937
"农展馆" 20160225 20.25 42.7916666666667 0.604166666666667 44.1666666666667 42.7916666666667 8.04166666666667 "城区环境评价点" 116.461 39.937
"农展馆" 20161025 116.083333333333 127.125 1.58333333333333 70.6666666666667 4.125 3.75 "城区环境评价点" 116.461 39.937
"农展馆" 20160303 286.75 252.583333333333 3.64166666666667 129.583333333333 26.6666666666667 51.375 "城区环境评价点" 116.461 39.937
"农展馆" 20160721 25.6666666666667 27.125 0.875 35.5 42.4166666666667 2 "城区环境评价点" 116.461 39.937
"农展馆" 20160706 64.0416666666667 108.958333333333 0.95 42.875 145.458333333333 6.04166666666667 "城区环境评价点" 116.461 39.937
"农展馆" 20160626 43.4583333333333 69.2916666666667 0.575 52.25 110.916666666667 4.70833333333333 "城区环境评价点" 116.461 39.937
"农展馆" 20160317 263.75 303.75 2.07083333333333 112.666666666667 57.5833333333333 36.5 "城区环境评价点" 116.461 39.937
"农展馆" 20160522 51.0833333333333 89.7083333333333 0.5875 64.4166666666667 118.666666666667 9.29166666666667 "城区环境评价点" 116.461 39.937
"农展馆" 20160613 50.75 83.6666666666667 0.704166666666667 34.7916666666667 89.9583333333333 2.75 "城区环境评价点" 116.461 39.937
"农展馆" 20161122 7.70833333333333 21.3333333333333 0.370833333333333 21 45.4166666666667 4.75 "城区环境评价点" 116.461 39.937
"农展馆" 20160422 40.5833333333333 110.75 0.195833333333333 23.75 82.7916666666667 2 "城区环境评价点" 116.461 39.937
"农展馆" 20160727 57.6086956521739 75.2173913043478 0.939130434782609 42.695652173913 126.434782608696 2.08695652173913 "城区环境评价点" 116.461 39.937
"农展馆" 20161129 90.4583333333333 117.208333333333 2.5125 75.5 4 25.6666666666667 "城区环境评价点" 116.461 39.937
"农展馆" 20160612 73.375 74.0833333333333 1.05416666666667 34.625 126.041666666667 7.91666666666667 "城区环境评价点" 116.461 39.937
"农展馆" 20160810 82.5 98.45 1.05909090909091 24.1363636363636 109.5 2.45454545454545 "城区环境评价点" 116.461 39.937
"农展馆" 20160825 17.625 78.3333333333333 0.408333333333333 26.375 65.5 2.54166666666667 "城区环境评价点" 116.461 39.937
"农展馆" 20160704 143.583333333333 177.708333333333 1.3 33.0833333333333 132.166666666667 7.75 "城区环境评价点" 116.461 39.937
"农展馆" 20161022 14.1666666666667 44 0.558333333333333 29.5833333333333 17.4583333333333 2 "城区环境评价点" 116.461 39.937
"农展馆" 20160822 48.875 81.0416666666667 1.01666666666667 34.5 123.5 7.08333333333333 "城区环境评价点" 116.461 39.937
"农展馆" 20160229 30.7083333333333 35.0833333333333 0.579166666666667 47.2916666666667 47.7916666666667 11.1666666666667 "城区环境评价点" 116.461 39.937
"农展馆" 20160322 116.291666666667 182.416666666667 1.37083333333333 97.2083333333333 28.4166666666667 33.125 "城区环境评价点" 116.461 39.937
"农展馆" 20161205 44.3333333333333 188.652173913043 1.0375 46.9583333333333 31.0416666666667 11.625 "城区环境评价点" 116.461 39.937
"农展馆" 20160226 32.625 38.2916666666667 0.7125 41.9583333333333 51.9583333333333 13.0416666666667 "城区环境评价点" 116.461 39.937
"农展馆" 20160710 82 120.086956521739 0.795833333333333 28.6666666666667 121.916666666667 3.08333333333333 "城区环境评价点" 116.461 39.937
"农展馆" 20160427 98.4782608695652 134.173913043478 1.1625 72.2083333333333 73.0416666666667 12.2083333333333 "城区环境评价点" 116.461 39.937
"农展馆" 20160801 69.4166666666667 89 1.76923076923077 29.125 100.583333333333 2.41666666666667 "城区环境评价点" 116.461 39.937
"农展馆" 20160823 62.5416666666667 67.25 0.866666666666667 42.375 96.5 8.54166666666667 "城区环境评价点" 116.461 39.937
"农展馆" 20160311 20.3333333333333 51 0.529166666666667 46.0416666666667 42.8333333333333 6.33333333333333 "城区环境评价点" 116.461 39.937
"农展馆" 20160328 79.5833333333333 82.5 0.804166666666667 80.3333333333333 42.2083333333333 19.7083333333333 "城区环境评价点" 116.461 39.937
"农展馆" 20160426 103 141.375 1.35 46.75 93.7083333333333 27.6666666666667 "城区环境评价点" 116.461 39.937
"农展馆" 20160731 62.6666666666667 128.083333333333 NA 33.3333333333333 73.625 2.375 "城区环境评价点" 116.461 39.937
"农展馆" 20161123 14 23 0.5125 34.8260869565217 31.5416666666667 7.41666666666667 "城区环境评价点" 116.461 39.937
"农展馆" 20160423 28.2083333333333 51.5 0.283333333333333 40.9166666666667 60.0833333333333 3.33333333333333 "城区环境评价点" 116.461 39.937
"农展馆" 20160814 19.8333333333333 51.0416666666667 0.658333333333333 27.875 101.166666666667 3.58333333333333 "城区环境评价点" 116.461 39.937
"农展馆" 20160708 86.1666666666667 127.083333333333 1.27083333333333 36.125 109.625 7.79166666666667 "城区环境评价点" 116.461 39.937
"农展馆" 20160628 76.5833333333333 85.8333333333333 0.833333333333333 41.375 74.875 2 "城区环境评价点" 116.461 39.937
"农展馆" 20161026 46.2857142857143 117 0.857142857142857 44.1904761904762 24.5238095238095 3.80952380952381 "城区环境评价点" 116.461 39.937
"农展馆" 20161202 117.428571428571 98.1304347826087 2.13181818181818 91.4545454545455 9.22727272727273 24.1818181818182 "城区环境评价点" 116.461 39.937
"农展馆" 20160630 65.625 120.333333333333 0.795 42.7 95.15 2 "城区环境评价点" 116.461 39.937
"农展馆" 20161209 21.1304347826087 55.3809523809524 0.634782608695652 43.3478260869565 35 9.52173913043478 "城区环境评价点" 116.461 39.937
"农展馆" 20160627 61.0416666666667 73.25 0.7625 42.6666666666667 122.916666666667 7.70833333333333 "城区环境评价点" 116.461 39.937
"农展馆" 20160318 197.541666666667 326.375 1.5875 93.3333333333333 57.375 16.2916666666667 "城区环境评价点" 116.461 39.937
"农展馆" 20160523 64.3478260869565 83 0.882608695652174 53.8260869565217 95.4782608695652 16.3913043478261 "城区环境评价点" 116.461 39.937
"农展馆" 20160629 112.458333333333 129.583333333333 0.958333333333333 39.4583333333333 84.875 2 "城区环境评价点" 116.461 39.937
"农展馆" 20160227 20.2083333333333 47 0.5875 39.3333333333333 52.4166666666667 10.0833333333333 "城区环境评价点" 116.461 39.937
"农展馆" 20160711 83.125 100.583333333333 0.720833333333333 28.5 123.625 6.70833333333333 "城区环境评价点" 116.461 39.937
"农展馆" 20160728 53.9166666666667 72.375 0.726666666666667 38.7083333333333 107.125 2.16666666666667 "城区环境评价点" 116.461 39.937
"农展馆" 20161130 86.3809523809524 123.238095238095 2.4 68.1428571428571 21.3809523809524 15.5714285714286 "城区环境评价点" 116.461 39.937
"农展馆" 20160819 20.5 62.875 0.9375 33.8333333333333 97.4583333333333 2 "城区环境评价点" 116.461 39.937
"农展馆" 20160811 78.6086956521739 105.833333333333 1.00869565217391 25.4166666666667 109.416666666667 5.45833333333333 "城区环境评价点" 116.461 39.937
"农展馆" 20160324 11.9583333333333 31.0416666666667 0.7 42.9166666666667 57.5833333333333 4.16666666666667 "城区环境评价点" 116.461 39.937
"农展馆" 20161207 143.409090909091 175.375 2.95 101.695652173913 8.125 29.6666666666667 "城区环境评价点" 116.461 39.937
"农展馆" 20161023 31.9166666666667 40.375 0.679166666666667 47.1666666666667 16.3333333333333 4 "城区环境评价点" 116.461 39.937
"农展馆" 20160502 50.4583333333333 159.041666666667 0.35 18.5416666666667 72.0833333333333 2.625 "城区环境评价点" 116.461 39.937
"农展馆" 20160301 115.458333333333 96.25 1.80416666666667 89.5416666666667 31.5833333333333 33.7916666666667 "城区环境评价点" 116.461 39.937
"农展馆" 20160323 23.2727272727273 95.375 1.09130434782609 38.6818181818182 55.9130434782609 5.65217391304348 "城区环境评价点" 116.461 39.937
"农展馆" 20161206 96.0833333333333 66.7916666666667 2.4125 101.083333333333 6.95833333333333 23.3333333333333 "城区环境评价点" 116.461 39.937
"农展馆" 20160714 36.875 51.1666666666667 0.929166666666667 49.2916666666667 93.5416666666667 5.08333333333333 "城区环境评价点" 116.461 39.937
"农展馆" 20160716 39.875 49.9166666666667 0.754166666666667 42.5 64.1666666666667 2.91666666666667 "城区环境评价点" 116.461 39.937
"农展馆" 20160428 93.5652173913043 138.541666666667 1.0125 63.6666666666667 91.1666666666667 6.54166666666667 "城区环境评价点" 116.461 39.937
"农展馆" 20160802 58.8181818181818 102.05 1.24090909090909 30.4545454545455 101.045454545455 2.04545454545455 "城区环境评价点" 116.461 39.937
"农展馆" 20160228 30.5833333333333 48.9166666666667 0.758333333333333 38.625 46.5833333333333 9.66666666666667 "城区环境评价点" 116.461 39.937
"农展馆" 20160312 99.7916666666667 80.2916666666667 1.575 92.3333333333333 20.6666666666667 43.0416666666667 "城区环境评价点" 116.461 39.937
"农展馆" 20160329 18.4166666666667 91.0454545454545 0.354166666666667 35.375 68.9166666666667 4.33333333333333 "城区环境评价点" 116.461 39.937
"农展馆" 20160821 60.9583333333333 105.208333333333 1.075 51.4583333333333 154.541666666667 3.25 "城区环境评价点" 116.461 39.937
"农展馆" 20160709 78.7083333333333 109.75 0.825 34.2916666666667 110.041666666667 3.875 "城区环境评价点" 116.461 39.937
"农展馆" 20160820 56.2916666666667 71.0833333333333 1.18333333333333 46.3333333333333 126.208333333333 2.29166666666667 "城区环境评价点" 116.461 39.937
"农展馆" 20160424 104.916666666667 83.25 0.8375 59.5833333333333 73.2916666666667 24.4583333333333 "城区环境评价点" 116.461 39.937
"农展馆" 20160815 28.7083333333333 57.0416666666667 0.758333333333333 25.5833333333333 82.625 2.95833333333333 "城区环境评价点" 116.461 39.937
"农展馆" 20160805 63.5416666666667 109.875 0.858333333333333 27.875 92.4166666666667 3.125 "城区环境评价点" 116.461 39.937
"农展馆" 20161201 28.375 62.625 0.675 49.5 40.8333333333333 8.04166666666667 "城区环境评价点" 116.461 39.937
"农展馆" 20161208 100.416666666667 196.347826086957 1.83333333333333 54.4166666666667 35.9166666666667 14.4583333333333 "城区环境评价点" 116.461 39.937
"农展馆" 20160325 20.5 41.5238095238095 0.447619047619048 47.85 52.8095238095238 5.71428571428571 "城区环境评价点" 116.461 39.937
"农展馆" 20160804 106.5 113.666666666667 1.60416666666667 34.3333333333333 144.375 4.29166666666667 "城区环境评价点" 116.461 39.937
"农展馆" 20160817 70.125 60.0833333333333 1.0875 71.5416666666667 32.6666666666667 4.54166666666667 "城区环境评价点" 116.461 39.937
"农展馆" 20160713 20.7916666666667 51.4166666666667 0.554166666666667 38.2083333333333 97.4583333333333 2.29166666666667 "城区环境评价点" 116.461 39.937
"农展馆" 20160715 37.2916666666667 57.4583333333333 0.675 35.5 65.125 2 "城区环境评价点" 116.461 39.937
"农展馆" 20160729 125.5 131.5 NA 37.2916666666667 128.875 2.29166666666667 "城区环境评价点" 116.461 39.937
"农展馆" 20160816 24.0416666666667 42.7916666666667 0.645833333333333 33 85.4166666666667 2.125 "城区环境评价点" 116.461 39.937
"农展馆" 20160803 63.9523809523809 93.6111111111111 1.0952380952381 30 150.904761904762 2.28571428571429 "城区环境评价点" 116.461 39.937
"农展馆" 20160712 33.6666666666667 87.375 0.583333333333333 30.4583333333333 75.2083333333333 4.375 "城区环境评价点" 116.461 39.937
"农展馆" 20160330 26.9166666666667 56.5416666666667 0.491666666666667 43.1666666666667 66.0416666666667 9.16666666666667 "城区环境评价点" 116.461 39.937
"农展馆" 20160429 124.727272727273 125.666666666667 1.38333333333333 77.2916666666667 89.4583333333333 19.625 "城区环境评价点" 116.461 39.937
"农展馆" 20160730 151 193.1 NA 30.3809523809524 80.6666666666667 2 "城区环境评价点" 116.461 39.937
"农展馆" 20160313 22.7916666666667 94.1666666666667 0.470833333333333 34.4583333333333 64.5 9.20833333333333 "城区环境评价点" 116.461 39.937
"农展馆" 20160430 167.041666666667 248.833333333333 1.55 79.375 124.958333333333 11.375 "城区环境评价点" 116.461 39.937
"农展馆" 20160501 193.166666666667 219.083333333333 2.20416666666667 47.375 144.583333333333 29.0833333333333 "城区环境评价点" 116.461 39.937
"农展馆" 20160806 110.521739130435 124.761904761905 1.08695652173913 32.6521739130435 103.260869565217 2.65217391304348 "城区环境评价点" 116.461 39.937
"农展馆" 20160818 84.2916666666667 122.416666666667 1.75416666666667 64.5652173913043 28.4347826086957 2 "城区环境评价点" 116.461 39.937
"农展馆" 20160425 103.458333333333 141.75 0.670833333333333 35.4583333333333 112.541666666667 15.9583333333333 "城区环境评价点" 116.461 39.937
"农展馆" 20160401 37.1666666666667 150.583333333333 0.475 33.4583333333333 63.8333333333333 6.08333333333333 "城区环境评价点" 116.461 39.937
"农展馆" 20160331 154.625 130.375 1.525 88.7916666666667 60.0416666666667 40.4166666666667 "城区环境评价点" 116.461 39.937
