"定陵" 20161120 56.7083333333333 80.4583333333333 1.3875 36.0833333333333 8.91666666666667 4.5 "对照点及区域点" 116.22 40.292
"定陵" 20160909 12.125 36.4166666666667 0.4 8.41666666666667 53.3333333333333 4.31578947368421 "对照点及区域点" 116.22 40.292
"定陵" 20160507 11.304347826087 48.9166666666667 0.225 8.91666666666667 94.1666666666667 2.25 "对照点及区域点" 116.22 40.292
"定陵" 20160609 110.714285714286 157 0.923809523809524 26.7619047619048 151.904761904762 4.47619047619048 "对照点及区域点" 116.22 40.292
"定陵" 20160720 23.1666666666667 66.6666666666667 0.591304347826087 5.41666666666667 63.5416666666667 2 "对照点及区域点" 116.22 40.292
"定陵" 20160913 82.8333333333333 60.625 0.2125 15.25 61.7083333333333 2 "对照点及区域点" 116.22 40.292
"定陵" 20161110 151.434782608696 213.521739130435 1.8 57.0869565217391 22.4782608695652 2.04347826086957 "对照点及区域点" 116.22 40.292
"定陵" 20160914 93.5 138.416666666667 0.125 12.0833333333333 113.75 2.375 "对照点及区域点" 116.22 40.292
"定陵" 20161109 103.454545454545 78 1.575 55.8695652173913 6.68181818181818 4.72727272727273 "对照点及区域点" 116.22 40.292
"定陵" 20160915 32.0416666666667 76.125 0.1 3.41666666666667 104.166666666667 5.33333333333333 "对照点及区域点" 116.22 40.292
"定陵" 20160912 23.75 32.8333333333333 0.525 4.79166666666667 46.375 2.04166666666667 "对照点及区域点" 116.22 40.292
"定陵" 20160910 10.375 26.6666666666667 0.379166666666667 11.4583333333333 67.875 5.66666666666667 "对照点及区域点" 116.22 40.292
"定陵" 20161121 6.33333333333333 36.4583333333333 0.254166666666667 3.08333333333333 65.625 2.33333333333333 "对照点及区域点" 116.22 40.292
"定陵" 20161205 46.4166666666667 99.8260869565217 0.7125 15.1666666666667 49.75 5.41666666666667 "对照点及区域点" 116.22 40.292
"定陵" 20160710 92.375 121.391304347826 0.808333333333333 24.7083333333333 NA 3.04166666666667 "对照点及区域点" 116.22 40.292
"定陵" 20160917 41.375 95.875 0.633333333333333 13.9583333333333 43.2083333333333 2.125 "对照点及区域点" 116.22 40.292
"定陵" 20160611 5.66666666666667 31.0833333333333 0.229166666666667 2.25 82.0833333333333 2.08333333333333 "对照点及区域点" 116.22 40.292
"定陵" 20160610 30.7916666666667 96.0833333333333 0.458333333333333 11.4583333333333 116.166666666667 2 "对照点及区域点" 116.22 40.292
"定陵" 20161119 84.45 187.3 1.195 31.25 36.9 10.5 "对照点及区域点" 116.22 40.292
"定陵" 20160911 22.5 37.6666666666667 0.616666666666667 11.0416666666667 75 2.16666666666667 "对照点及区域点" 116.22 40.292
"定陵" 20160509 30.0833333333333 79.4583333333333 0.370833333333333 19.9166666666667 66.6666666666667 2.08333333333333 "对照点及区域点" 116.22 40.292
"定陵" 20161111 39.375 95.625 0.543478260869565 20.4347826086957 26.125 7.66666666666667 "对照点及区域点" 116.22 40.292
"定陵" 20160716 20.2916666666667 28.5416666666667 0.525 9.91666666666667 44.8333333333333 2 "对照点及区域点" 116.22 40.292
"定陵" 20161203 120.041666666667 118.541666666667 2.19166666666667 81.2083333333333 7.04166666666667 17.4583333333333 "对照点及区域点" 116.22 40.292
"定陵" 20160510 29.1666666666667 54.5416666666667 0.3625 13.5 98.9583333333333 2 "对照点及区域点" 116.22 40.292
"定陵" 20160212 148.916666666667 221.166666666667 2.01666666666667 43.125 33.875 13.6666666666667 "对照点及区域点" 116.22 40.292
"定陵" 20161103 112.416666666667 85.7083333333333 1.16666666666667 68.2916666666667 19.3333333333333 5.5 "对照点及区域点" 116.22 40.292
"定陵" 20160715 24.7083333333333 43.75 0.495833333333333 6.91666666666667 77.2727272727273 2 "对照点及区域点" 116.22 40.292
"定陵" 20160717 62.4166666666667 63.5833333333333 0.858333333333333 18.375 116.666666666667 2.54166666666667 "对照点及区域点" 116.22 40.292
"定陵" 20160707 100.416666666667 109.416666666667 1.00833333333333 24.2916666666667 NA 4.91666666666667 "对照点及区域点" 116.22 40.292
"定陵" 20161026 31.4761904761905 74.5263157894737 0.555 24.8571428571429 27.3333333333333 2.0952380952381 "对照点及区域点" 116.22 40.292
"定陵" 20161102 50.1666666666667 68.0833333333333 0.579166666666667 32.2916666666667 31.8333333333333 4.08333333333333 "对照点及区域点" 116.22 40.292
"定陵" 20160709 78.875 122.291666666667 0.708333333333333 27.5416666666667 NA 2.70833333333333 "对照点及区域点" 116.22 40.292
"定陵" 20160511 143.25 109.25 0.942105263157895 31.875 119.458333333333 10.6666666666667 "对照点及区域点" 116.22 40.292
"定陵" 20160918 15.75 40.0909090909091 0.35 8.21739130434783 30.9166666666667 2.63636363636364 "对照点及区域点" 116.22 40.292
"定陵" 20160721 13.875 17.3333333333333 0.542857142857143 9.04166666666667 42.2916666666667 2 "对照点及区域点" 116.22 40.292
"定陵" 20160508 55.0833333333333 58.5833333333333 0.633333333333333 34.7916666666667 96.6666666666667 8.45833333333333 "对照点及区域点" 116.22 40.292
"定陵" 20160708 98.875 131.541666666667 1.08333333333333 25.125 NA 4.54166666666667 "对照点及区域点" 116.22 40.292
"定陵" 20161123 9.17391304347826 19.2083333333333 0.366666666666667 7.83333333333333 54.5833333333333 5.25 "对照点及区域点" 116.22 40.292
"定陵" 20160606 77.125 111.833333333333 0.733333333333333 27 160 4.79166666666667 "对照点及区域点" 116.22 40.292
"定陵" 20161130 67 127.75 1.27916666666667 33.25 38.875 6.5 "对照点及区域点" 116.22 40.292
"定陵" 20161115 33.9166666666667 50.4166666666667 1.01304347826087 40.2727272727273 21.3333333333333 9.83333333333333 "对照点及区域点" 116.22 40.292
"定陵" 20160613 30.5416666666667 65.2916666666667 0.454166666666667 15.5833333333333 91 2 "对照点及区域点" 116.22 40.292
"定陵" 20161122 6.91666666666667 20.25 0.304166666666667 3.25 61.1666666666667 2.70833333333333 "对照点及区域点" 116.22 40.292
"定陵" 20160916 108.291666666667 101.708333333333 0.866666666666667 6 124.458333333333 3.20833333333333 "对照点及区域点" 116.22 40.292
"定陵" 20160714 30.9583333333333 49.2083333333333 0.658333333333333 20.375 94.2916666666667 2.83333333333333 "对照点及区域点" 116.22 40.292
"定陵" 20160112 10.5 31.0434782608696 0.3125 7.33333333333333 66.2083333333333 8.04166666666667 "对照点及区域点" 116.22 40.292
"定陵" 20160612 54.0833333333333 58.7083333333333 0.779166666666667 18.875 127.375 3.5 "对照点及区域点" 116.22 40.292
"定陵" 20161206 42.4782608695652 49.6666666666667 1.05833333333333 46.0833333333333 15.7083333333333 10.2083333333333 "对照点及区域点" 116.22 40.292
"定陵" 20160711 83.625 105.166666666667 0.675 23.6666666666667 NA 3.75 "对照点及区域点" 116.22 40.292
"定陵" 20160718 103.291666666667 118.083333333333 1.0125 23 108.875 2.125 "对照点及区域点" 116.22 40.292
"定陵" 20160907 35.6428571428571 44.4166666666667 0.407142857142857 23.9285714285714 98.7857142857143 3.78571428571429 "对照点及区域点" 116.22 40.292
"定陵" 20160505 61.5714285714286 129.458333333333 0.666666666666667 32.5416666666667 82.0833333333333 8.04166666666667 "对照点及区域点" 116.22 40.292
"定陵" 20161029 19.125 26.4166666666667 0.383333333333333 18.5 31.75 4.58333333333333 "对照点及区域点" 116.22 40.292
"定陵" 20160725 44.6153846153846 65.9 0.608695652173913 12.2173913043478 62.6086956521739 2 "对照点及区域点" 116.22 40.292
"定陵" 20160512 29.7916666666667 134.208333333333 0.291666666666667 9.54166666666667 88.6666666666667 13.25 "对照点及区域点" 116.22 40.292
"定陵" 20161112 66.0833333333333 75.3333333333333 1.12608695652174 51.4166666666667 19.5416666666667 9.83333333333333 "对照点及区域点" 116.22 40.292
"定陵" 20160314 53.5217391304348 59.1739130434783 0.791304347826087 39.7826086956522 49.3478260869565 10.2173913043478 "对照点及区域点" 116.22 40.292
"定陵" 20161204 92.8333333333333 167.541666666667 1.59583333333333 52.7916666666667 22.6666666666667 12.4583333333333 "对照点及区域点" 116.22 40.292
"定陵" 20160724 36.6842105263158 92.8333333333333 0.670833333333333 11.4583333333333 94.9166666666667 2 "对照点及区域点" 116.22 40.292
"定陵" 20160213 7.61904761904762 102 0.363636363636364 20.5454545454545 78.3636363636364 4.22727272727273 "对照点及区域点" 116.22 40.292
"定陵" 20161104 229.125 226.75 2.45833333333333 114.416666666667 10.2083333333333 3.58333333333333 "对照点及区域点" 116.22 40.292
"定陵" 20161126 147.458333333333 183.916666666667 2.1875 73.7083333333333 16.5 15.0416666666667 "对照点及区域点" 116.22 40.292
"定陵" 20160807 13.7826086956522 61.95 0.460869565217391 4.82608695652174 83.1304347826087 2 "对照点及区域点" 116.22 40.292
"定陵" 20161005 41.75 40.6666666666667 0.804166666666667 19.4583333333333 37.6666666666667 2 "对照点及区域点" 116.22 40.292
"定陵" 20161027 27.0833333333333 57.0416666666667 0.670833333333333 25.2083333333333 12.5833333333333 2.58333333333333 "对照点及区域点" 116.22 40.292
"定陵" 20160305 56.4166666666667 254.041666666667 0.325 2.5 75.6666666666667 2.20833333333333 "对照点及区域点" 116.22 40.292
"定陵" 20161019 193.739130434783 206 1.85833333333333 37.625 36.2083333333333 6.375 "对照点及区域点" 116.22 40.292
"定陵" 20160113 8.8421052631579 27.8421052631579 0.263157894736842 6.26315789473684 72.8421052631579 6.42105263157895 "对照点及区域点" 116.22 40.292
"定陵" 20160919 5.69565217391304 18.7391304347826 0.234782608695652 6.21739130434783 49.3913043478261 2 "对照点及区域点" 116.22 40.292
"定陵" 20160722 50.8 50.3 0.885 9.41176470588235 79.95 2 "对照点及区域点" 116.22 40.292
"定陵" 20160304 349.625 390.75 3.74166666666667 81.9166666666667 35.9166666666667 30.7916666666667 "对照点及区域点" 116.22 40.292
"定陵" 20161224 108.166666666667 84.4166666666667 1.89166666666667 73.3333333333333 6.25 15.0416666666667 "对照点及区域点" 116.22 40.292
"定陵" 20161124 44.625 32.2916666666667 1.05 40.125 25.8333333333333 12.25 "对照点及区域点" 116.22 40.292
"定陵" 20160607 53.9166666666667 94.0833333333333 0.6625 43.9444444444444 94.9565217391304 2 "对照点及区域点" 116.22 40.292
"定陵" 20161201 16.125 42.2083333333333 0.520833333333333 13.75 49.6666666666667 5.04166666666667 "对照点及区域点" 116.22 40.292
"定陵" 20161116 86.8260869565217 82.9090909090909 1.85217391304348 68.7826086956522 6.65217391304348 18.1304347826087 "对照点及区域点" 116.22 40.292
"定陵" 20160614 24.2916666666667 42.9583333333333 0.5 11.8333333333333 80.8695652173913 2 "对照点及区域点" 116.22 40.292
"定陵" 20161208 69.75 117.869565217391 1.26666666666667 33.4583333333333 45.5 5.29166666666667 "对照点及区域点" 116.22 40.292
"定陵" 20161017 25.2083333333333 101.208333333333 0.3625 20.1666666666667 42.0416666666667 2.5 "对照点及区域点" 116.22 40.292
"定陵" 20160826 7.45833333333333 20.9166666666667 0.254166666666667 3.25 64.75 2.29166666666667 "对照点及区域点" 116.22 40.292
"定陵" 20161024 47.6521739130435 43.3913043478261 0.68695652173913 23.3478260869565 9.82608695652174 2.04347826086957 "对照点及区域点" 116.22 40.292
"定陵" 20160628 56.9166666666667 74.2916666666667 0.616666666666667 22.875 79.625 2 "对照点及区域点" 116.22 40.292
"定陵" 20161207 55.8260869565217 67.3913043478261 1.12173913043478 41.9565217391304 33.6086956521739 8.43478260869565 "对照点及区域点" 116.22 40.292
"定陵" 20160712 27.375 89.3333333333333 0.529166666666667 13.5833333333333 NA 2.08333333333333 "对照点及区域点" 116.22 40.292
"定陵" 20160719 67.625 113.875 0.833333333333333 12.4583333333333 69.7083333333333 2 "对照点及区域点" 116.22 40.292
"定陵" 20160908 12.45 50.7 0.375 10.6 58.55 2.94736842105263 "对照点及区域点" 116.22 40.292
"定陵" 20160506 61.1666666666667 178.125 0.145833333333333 2 93.125 2 "对照点及区域点" 116.22 40.292
"定陵" 20161030 26.375 50.5833333333333 0.408333333333333 19.9166666666667 34.5416666666667 3.58333333333333 "对照点及区域点" 116.22 40.292
"定陵" 20160726 17.0833333333333 35.0416666666667 0.4625 8.16666666666667 74.5416666666667 2.20833333333333 "对照点及区域点" 116.22 40.292
"定陵" 20160513 21.9583333333333 40.75 0.3 17.8333333333333 82.0833333333333 4.79166666666667 "对照点及区域点" 116.22 40.292
"定陵" 20161113 81.4166666666667 97.375 1.5 53 6.5 7.375 "对照点及区域点" 116.22 40.292
"定陵" 20160315 116.75 103.1 1.3 77 22.7 22.15 "对照点及区域点" 116.22 40.292
"定陵" 20160809 42.4 81.2 1.07333333333333 7.13333333333333 177.866666666667 4.46666666666667 "对照点及区域点" 116.22 40.292
"定陵" 20161007 27.8695652173913 71.1739130434783 1.34347826086957 26.4782608695652 16.5652173913043 2 "对照点及区域点" 116.22 40.292
"定陵" 20160214 7.45833333333333 25.625 0.3375 10.4347826086957 82.3913043478261 3.54166666666667 "对照点及区域点" 116.22 40.292
"定陵" 20161105 147.75 242.434782608696 2.86666666666667 74.3333333333333 23.4166666666667 3.95833333333333 "对照点及区域点" 116.22 40.292
"定陵" 20161127 26.8333333333333 129.75 0.4375 13.8333333333333 56.625 3.66666666666667 "对照点及区域点" 116.22 40.292
"定陵" 20160808 21.5 29.1176470588235 0.483333333333333 4.83333333333333 72.0555555555556 2 "对照点及区域点" 116.22 40.292
"定陵" 20161006 73.8333333333333 88.625 1.47083333333333 28.875 7.875 2.04166666666667 "对照点及区域点" 116.22 40.292
"定陵" 20161028 10.2083333333333 35.4166666666667 0.308695652173913 5.52173913043478 44.6521739130435 2 "对照点及区域点" 116.22 40.292
"定陵" 20160306 60.0833333333333 125.708333333333 0.8625 28.4583333333333 42.9166666666667 11.9166666666667 "对照点及区域点" 116.22 40.292
"定陵" 20161020 103.541666666667 220.458333333333 1.175 9.16666666666667 21.9166666666667 4.79166666666667 "对照点及区域点" 116.22 40.292
"定陵" 20160114 21.9565217391304 44.6666666666667 1.52173913043478 17.875 51.9166666666667 9.41666666666667 "对照点及区域点" 116.22 40.292
"定陵" 20160920 10.3333333333333 14.1666666666667 0.333333333333333 11.3333333333333 29.8333333333333 2 "对照点及区域点" 116.22 40.292
"定陵" 20160723 89.2916666666667 102.333333333333 0.916666666666667 16.6666666666667 106.208333333333 2 "对照点及区域点" 116.22 40.292
"定陵" 20161118 185.173913043478 199.04347826087 3.65652173913043 82.9130434782609 2.08695652173913 21.4347826086957 "对照点及区域点" 116.22 40.292
"定陵" 20161225 179.307692307692 186.769230769231 3.00769230769231 93.3076923076923 7 23.6153846153846 "对照点及区域点" 116.22 40.292
"定陵" 20161125 112.458333333333 106.25 2.13333333333333 71.375 5.375 20.1666666666667 "对照点及区域点" 116.22 40.292
"定陵" 20160608 92.625 98 0.908333333333333 32.8888888888889 122.208333333333 2 "对照点及区域点" 116.22 40.292
"定陵" 20161202 65.9583333333333 50.625 1.59583333333333 60 10.8333333333333 17.125 "对照点及区域点" 116.22 40.292
"定陵" 20161117 118.125 138.291666666667 2.80454545454545 65.4166666666667 5.91304347826087 24 "对照点及区域点" 116.22 40.292
"定陵" 20160615 12.8333333333333 35.3333333333333 0.379166666666667 12 101.75 2.08333333333333 "对照点及区域点" 116.22 40.292
"定陵" 20161209 15.9130434782609 38.2380952380952 0.508695652173913 19.0869565217391 44.2173913043478 8.34782608695652 "对照点及区域点" 116.22 40.292
"定陵" 20161018 111.583333333333 84.0833333333333 1.475 43.8181818181818 16.7272727272727 3.58333333333333 "对照点及区域点" 116.22 40.292
"定陵" 20160827 9.66666666666667 22.625 0.316666666666667 6 58.875 2 "对照点及区域点" 116.22 40.292
"定陵" 20161025 70.7826086956522 81.5416666666667 1.04583333333333 44.7727272727273 8.5 2.45833333333333 "对照点及区域点" 116.22 40.292
"定陵" 20160629 102.625 112.75 0.783333333333333 28.7916666666667 92.75 2 "对照点及区域点" 116.22 40.292
"定陵" 20161101 33.9583333333333 36.6666666666667 0.525 34.75 22.9166666666667 5 "对照点及区域点" 116.22 40.292
"定陵" 20160713 10.4583333333333 33.2083333333333 0.6625 9.66666666666667 118 2.04545454545455 "对照点及区域点" 116.22 40.292
"定陵" 20160515 15.3333333333333 39.5416666666667 0.258333333333333 8.20833333333333 59.5652173913044 2 "对照点及区域点" 116.22 40.292
"定陵" 20161108 25.875 26.1666666666667 0.695833333333333 23.0833333333333 32.8333333333333 8.45833333333333 "对照点及区域点" 116.22 40.292
"定陵" 20160317 321.083333333333 337.583333333333 2.2125 84.3333333333333 63.25 23.5 "对照点及区域点" 116.22 40.292
"定陵" 20161031 8.91304347826087 27.7083333333333 0.233333333333333 4.375 53.75 2.33333333333333 "对照点及区域点" 116.22 40.292
"定陵" 20160727 27.4583333333333 60.0416666666667 0.5125 11.9583333333333 122.5 2.125 "对照点及区域点" 116.22 40.292
"定陵" 20160514 32.0833333333333 55 0.45 29.7916666666667 63.75 2.04166666666667 "对照点及区域点" 116.22 40.292
"定陵" 20161114 33.9545454545455 100.875 0.595833333333333 16.8695652173913 48.75 4.45454545454545 "对照点及区域点" 116.22 40.292
"定陵" 20160316 232.208333333333 230.583333333333 1.87083333333333 78.0833333333333 54.5652173913044 27.7083333333333 "对照点及区域点" 116.22 40.292
"定陵" 20160810 74.4 78.8 0.927272727272727 11.7727272727273 108.818181818182 2.18181818181818 "对照点及区域点" 116.22 40.292
"定陵" 20161008 17.2666666666667 25.125 0.204166666666667 5.5 55.5 2.125 "对照点及区域点" 116.22 40.292
"定陵" 20160215 6.625 32.5833333333333 0.2375 2 80.1304347826087 3.75 "对照点及区域点" 116.22 40.292
"定陵" 20161106 71.25 160.291666666667 1.00833333333333 40.5833333333333 36.4583333333333 6.41666666666667 "对照点及区域点" 116.22 40.292
"定陵" 20161128 46.6666666666667 42.0833333333333 1.10416666666667 45.125 18.0416666666667 14.5 "对照点及区域点" 116.22 40.292
"定陵" 20160626 35.25 58.2916666666667 0.395833333333333 21.6666666666667 133 2.91666666666667 "对照点及区域点" 116.22 40.292
"定陵" 20161220 275.625 249.869565217391 5.39166666666667 118.541666666667 5.375 19.9583333333333 "对照点及区域点" 116.22 40.292
"定陵" 20160123 6.66666666666667 31.5 0.1125 2 72.1666666666667 2.20833333333333 "对照点及区域点" 116.22 40.292
"定陵" 20160307 24.5 104.75 0.441666666666667 12.3333333333333 63.7083333333333 6.125 "对照点及区域点" 116.22 40.292
"定陵" 20161021 37.8333333333333 70.3333333333333 0.575 5.83333333333333 31.25 2 "对照点及区域点" 116.22 40.292
"定陵" 20160115 66.2916666666667 58.5 1.35416666666667 47.0416666666667 26.125 22.125 "对照点及区域点" 116.22 40.292
"定陵" 20160921 74.4545454545455 54.2727272727273 0.790909090909091 37 61.3636363636364 3.4 "对照点及区域点" 116.22 40.292
"定陵" 20160122 7.27272727272727 82 0.239130434782609 4.56521739130435 69.9130434782609 3.39130434782609 "对照点及区域点" 116.22 40.292
"定陵" 20160526 15.2083333333333 37.5416666666667 0.225 8 89.125 2 "对照点及区域点" 116.22 40.292
"定陵" 20161226 43 154.588235294118 0.84375 27.625 42.1875 12.75 "对照点及区域点" 116.22 40.292
"定陵" 20160404 53.75 64.4583333333333 0.316666666666667 30.5 81.7083333333333 5.70833333333333 "对照点及区域点" 116.22 40.292
"定陵" 20160205 9 26.375 0.25 2.75 81.75 4.125 "对照点及区域点" 116.22 40.292
"定陵" 20160829 11.625 28.5 0.258333333333333 7.75 69.5 2 "对照点及区域点" 116.22 40.292
"定陵" 20160411 39.5909090909091 99.6315789473684 0.552173913043478 29.8695652173913 67.3913043478261 8.04347826086956 "对照点及区域点" 116.22 40.292
"定陵" 20160616 14.2083333333333 39.125 0.154166666666667 12.2916666666667 81.875 2.16666666666667 "对照点及区域点" 116.22 40.292
"定陵" 20161210 54.75 46.875 1.43333333333333 54.5833333333333 12.2083333333333 19.625 "对照点及区域点" 116.22 40.292
"定陵" 20160425 112.5 151.208333333333 0.766666666666667 34.1666666666667 120.208333333333 9.83333333333333 "对照点及区域点" 116.22 40.292
"定陵" 20160828 8.08333333333333 23.2083333333333 0.270833333333333 4.66666666666667 67.5833333333333 2 "对照点及区域点" 116.22 40.292
"定陵" 20161217 110.916666666667 102.25 2.24583333333333 87.0833333333333 6.375 22.5833333333333 "对照点及区域点" 116.22 40.292
"定陵" 20160630 41.4166666666667 107.666666666667 0.5 12.0416666666667 88.375 2.04166666666667 "对照点及区域点" 116.22 40.292
"定陵" 20160904 90 69.875 1.07916666666667 20.2083333333333 111.916666666667 3.25 "对照点及区域点" 116.22 40.292
"定陵" 20160729 116.291666666667 102.541666666667 NA 6.45833333333333 132.083333333333 2 "对照点及区域点" 116.22 40.292
"定陵" 20160516 11.3333333333333 29.625 0.25 12.3181818181818 80.0833333333333 2 "对照点及区域点" 116.22 40.292
"定陵" 20161003 118.416666666667 197.416666666667 0.866666666666667 24.1666666666667 76.2916666666667 2 "对照点及区域点" 116.22 40.292
"定陵" 20160318 155.375 320.75 1.67916666666667 34.375 74 11.9166666666667 "对照点及区域点" 116.22 40.292
"定陵" 20160925 124.083333333333 148.916666666667 1.14583333333333 13.125 80.75 4 "对照点及区域点" 116.22 40.292
"定陵" 20160728 32.1818181818182 56.4545454545455 0.446666666666667 5.31818181818182 121 2.68181818181818 "对照点及区域点" 116.22 40.292
"定陵" 20160202 10.3333333333333 31.9583333333333 0.366666666666667 5.20833333333333 78.7083333333333 7.75 "对照点及区域点" 116.22 40.292
"定陵" 20161002 163.208333333333 220.5 1.11666666666667 23.7083333333333 100.458333333333 2 "对照点及区域点" 116.22 40.292
"定陵" 20160408 18.3181818181818 64.2173913043478 0.11304347826087 12.3913043478261 74.2608695652174 2.26086956521739 "对照点及区域点" 116.22 40.292
"定陵" 20160811 93.2083333333333 115.416666666667 0.941666666666667 5.79166666666667 96.1666666666667 2.08333333333333 "对照点及区域点" 116.22 40.292
"定陵" 20161009 NA 22.375 0.358333333333333 24.6666666666667 36.5416666666667 2.04166666666667 "对照点及区域点" 116.22 40.292
"定陵" 20160216 7.41666666666667 57.125 0.2125 2.42857142857143 81.3333333333333 4.54166666666667 "对照点及区域点" 116.22 40.292
"定陵" 20161107 24.0833333333333 64.1666666666667 0.5 18.625 41.125 3.65217391304348 "对照点及区域点" 116.22 40.292
"定陵" 20161129 89.125 88.4583333333333 2.05 63.9583333333333 6.29166666666667 21.9583333333333 "对照点及区域点" 116.22 40.292
"定陵" 20160627 53.0833333333333 69.8333333333333 0.595833333333333 26.0833333333333 120.083333333333 2.875 "对照点及区域点" 116.22 40.292
"定陵" 20161221 400.375 413.208333333333 7.69583333333333 150.041666666667 5.625 15.5 "对照点及区域点" 116.22 40.292
"定陵" 20160124 9.95833333333333 68.2083333333333 0.233333333333333 3.79166666666667 71.9583333333333 4.79166666666667 "对照点及区域点" 116.22 40.292
"定陵" 20160308 8.33333333333333 53.2857142857143 0.222222222222222 2.05555555555556 79.6666666666667 2.22222222222222 "对照点及区域点" 116.22 40.292
"定陵" 20161022 11.5416666666667 39 0.429166666666667 4.54166666666667 23.3333333333333 2 "对照点及区域点" 116.22 40.292
"定陵" 20160116 141.833333333333 153.25 2.5875 73.125 7.65217391304348 42.7916666666667 "对照点及区域点" 116.22 40.292
"定陵" 20160922 79.4166666666667 95.8333333333333 0.579166666666667 17.1304347826087 57.9166666666667 2.79166666666667 "对照点及区域点" 116.22 40.292
"定陵" 20160831 9.875 36.375 0.229166666666667 6.375 61.2916666666667 2.95833333333333 "对照点及区域点" 116.22 40.292
"定陵" 20160527 38.0434782608696 50.4347826086956 0.473913043478261 19.5217391304348 114.347826086957 2 "对照点及区域点" 116.22 40.292
"定陵" 20161227 28.9583333333333 28 0.608695652173913 16.2916666666667 43.4090909090909 10.5833333333333 "对照点及区域点" 116.22 40.292
"定陵" 20160405 93.6666666666667 103.75 0.826086956521739 31.7916666666667 106.25 13.5 "对照点及区域点" 116.22 40.292
"定陵" 20160206 21.875 27.5 0.504166666666667 5.25 75.0416666666667 5.83333333333333 "对照点及区域点" 116.22 40.292
"定陵" 20160830 20.1666666666667 37.875 0.370833333333333 11.5652173913043 89.5 2.82608695652174 "对照点及区域点" 116.22 40.292
"定陵" 20160412 75.9166666666667 89.8333333333333 0.658333333333333 54.5833333333333 40.125 3.16666666666667 "对照点及区域点" 116.22 40.292
"定陵" 20160617 14.1666666666667 30.3333333333333 0.1 5.375 78.6666666666667 2 "对照点及区域点" 116.22 40.292
"定陵" 20161211 120.75 107.565217391304 2.25 80.75 4.79166666666667 19.9583333333333 "对照点及区域点" 116.22 40.292
"定陵" 20160426 91.55 137.95652173913 1.28260869565217 33.1304347826087 103.391304347826 18.8695652173913 "对照点及区域点" 116.22 40.292
"定陵" 20160518 54.9583333333333 84.2083333333333 0.341666666666667 23.7916666666667 135.416666666667 2.08333333333333 "对照点及区域点" 116.22 40.292
"定陵" 20161218 185.125 199.75 2.6 88.0833333333333 9.20833333333333 24.375 "对照点及区域点" 116.22 40.292
"定陵" 20160701 6.83333333333333 30.6666666666667 0.2 2 88.3076923076923 2 "对照点及区域点" 116.22 40.292
"定陵" 20160905 23.625 88.5 0.429166666666667 10.0416666666667 56.5833333333333 3.41666666666667 "对照点及区域点" 116.22 40.292
"定陵" 20160730 128.285714285714 178.45 NA 12.7142857142857 87.1904761904762 2 "对照点及区域点" 116.22 40.292
"定陵" 20160517 41.4285714285714 72 0.304761904761905 21.4761904761905 138.857142857143 2.61904761904762 "对照点及区域点" 116.22 40.292
"定陵" 20161004 32.25 89.2083333333333 1.00833333333333 19.5416666666667 33.7916666666667 2.79166666666667 "对照点及区域点" 116.22 40.292
"定陵" 20160319 44.5833333333333 97.2916666666667 0.8875 34.0833333333333 48.4166666666667 8.79166666666667 "对照点及区域点" 116.22 40.292
"定陵" 20160926 49.9166666666667 113.95652173913 0.641666666666667 13.1363636363636 68.4583333333333 2.25 "对照点及区域点" 116.22 40.292
"定陵" 20161011 NA 63.3333333333333 1.10833333333333 33.1818181818182 44.5 5.47826086956522 "对照点及区域点" 116.22 40.292
"定陵" 20160203 25.4166666666667 29.9583333333333 0.591666666666667 11.9583333333333 68.875 14.375 "对照点及区域点" 116.22 40.292
"定陵" 20160622 53.875 85.375 0.55 23.9166666666667 126.916666666667 2 "对照点及区域点" 116.22 40.292
"定陵" 20160409 51.625 118.666666666667 0.5625 32.4166666666667 64.4583333333333 8.08333333333333 "对照点及区域点" 116.22 40.292
"定陵" 20160812 86.8 128.076923076923 1.02 6.06666666666667 39.7333333333333 2 "对照点及区域点" 116.22 40.292
"定陵" 20161010 196.333333333333 49.0833333333333 0.675 39.4583333333333 32.125 2.79166666666667 "对照点及区域点" 116.22 40.292
"定陵" 20160217 20.3333333333333 33.2083333333333 0.520833333333333 11.0416666666667 67.125 9.25 "对照点及区域点" 116.22 40.292
"定陵" 20160621 56.3333333333333 98.9583333333333 0.3875 20.3333333333333 127.416666666667 2.25 "对照点及区域点" 116.22 40.292
"定陵" 20161215 14.1304347826087 40.1304347826087 0.373913043478261 9.65217391304348 56.304347826087 5.43478260869565 "对照点及区域点" 116.22 40.292
"定陵" 20160430 146.904761904762 206.772727272727 1.02272727272727 36.8181818181818 154.681818181818 6.77272727272727 "对照点及区域点" 116.22 40.292
"定陵" 20161222 15.8095238095238 231.636363636364 0.286363636363636 4.85714285714286 65.9047619047619 3.90909090909091 "对照点及区域点" 116.22 40.292
"定陵" 20160125 16.625 58.875 0.358333333333333 9.20833333333333 68.4166666666667 11.5 "对照点及区域点" 116.22 40.292
"定陵" 20160309 7.08695652173913 27.6666666666667 0.226086956521739 2.1304347826087 75.304347826087 2 "对照点及区域点" 116.22 40.292
"定陵" 20161023 18.4583333333333 24.6666666666667 0.4 9.83333333333333 13.1666666666667 2 "对照点及区域点" 116.22 40.292
"定陵" 20160117 35.8333333333333 122.541666666667 0.691666666666667 19.375 60.7916666666667 11.4166666666667 "对照点及区域点" 116.22 40.292
"定陵" 20160923 95.1428571428571 116.857142857143 0.585714285714286 17.6190476190476 102.285714285714 2 "对照点及区域点" 116.22 40.292
"定陵" 20160901 5.31818181818182 35.4583333333333 0.179166666666667 3.625 49.2916666666667 2 "对照点及区域点" 116.22 40.292
"定陵" 20160528 63.0416666666667 91.7083333333333 0.845833333333333 27.2916666666667 139.291666666667 NA "对照点及区域点" 116.22 40.292
"定陵" 20161228 37.375 64.8333333333333 0.666666666666667 20.625 45.3913043478261 7.66666666666667 "对照点及区域点" 116.22 40.292
"定陵" 20160406 131.727272727273 140.434782608696 1.9625 61.25 57.625 26.3333333333333 "对照点及区域点" 116.22 40.292
"定陵" 20160207 28.7083333333333 51.7083333333333 0.5375 8.66666666666667 78.3478260869565 9.58333333333333 "对照点及区域点" 116.22 40.292
"定陵" 20160520 82.1666666666667 112.666666666667 0.758333333333333 25.5833333333333 160.333333333333 2 "对照点及区域点" 116.22 40.292
"定陵" 20160413 74.4166666666667 118.041666666667 0.5375 25.5833333333333 70.8260869565217 2.58333333333333 "对照点及区域点" 116.22 40.292
"定陵" 20160618 27.125 55.875 0.466666666666667 18.7916666666667 108.458333333333 3.29166666666667 "对照点及区域点" 116.22 40.292
"定陵" 20161212 218.368421052632 226.157894736842 2.63888888888889 96.6111111111111 5.94736842105263 25.3157894736842 "对照点及区域点" 116.22 40.292
"定陵" 20160427 86.75 110.826086956522 0.908333333333333 44.4166666666667 71.75 6.83333333333333 "对照点及区域点" 116.22 40.292
"定陵" 20160519 74.5416666666667 95.9583333333333 0.475 23.3333333333333 144.583333333333 2 "对照点及区域点" 116.22 40.292
"定陵" 20161219 168.166666666667 222.458333333333 2.79583333333333 83.9166666666667 10.25 25.0833333333333 "对照点及区域点" 116.22 40.292
"定陵" 20160702 20.3333333333333 51.875 0.295833333333333 14.7083333333333 289.5 2.25 "对照点及区域点" 116.22 40.292
"定陵" 20160906 10.6666666666667 24.8823529411765 0.255555555555556 11.7222222222222 51.4117647058824 4.72222222222222 "对照点及区域点" 116.22 40.292
"定陵" 20160731 38.6666666666667 101.916666666667 NA 6.20833333333333 79.4166666666667 2 "对照点及区域点" 116.22 40.292
"定陵" 20160602 47.3333333333333 82.9166666666667 0.679166666666667 22.8571428571429 164.521739130435 5.25 "对照点及区域点" 116.22 40.292
"定陵" 20160624 7.86363636363636 41.4090909090909 0.177272727272727 3.36363636363636 81.9090909090909 2.13636363636364 "对照点及区域点" 116.22 40.292
"定陵" 20160320 55.375 91.875 0.841666666666667 40.9583333333333 49.0833333333333 5.5 "对照点及区域点" 116.22 40.292
"定陵" 20160927 17.9130434782609 53.2083333333333 0.183333333333333 4.58333333333333 63.875 2.625 "对照点及区域点" 116.22 40.292
"定陵" 20161012 NA 69.4166666666667 1.1625 41.25 25.25 5.17391304347826 "对照点及区域点" 116.22 40.292
"定陵" 20160204 10.625 28.7916666666667 0.358333333333333 4.3 80.125 6.83333333333333 "对照点及区域点" 116.22 40.292
"定陵" 20160623 49.25 89.75 0.654166666666667 18.3333333333333 98.3333333333333 2.58333333333333 "对照点及区域点" 116.22 40.292
"定陵" 20160410 59.0952380952381 149.04347826087 0.756521739130435 30.2608695652174 69.4782608695652 9.43478260869565 "对照点及区域点" 116.22 40.292
"定陵" 20160813 14.875 37.9166666666667 0.558333333333333 14.375 39.4583333333333 2.58333333333333 "对照点及区域点" 116.22 40.292
"定陵" 20160105 9.79166666666667 24.0833333333333 0.1 9.16666666666667 57.625 7.20833333333333 "对照点及区域点" 116.22 40.292
"定陵" 20160218 12.3333333333333 38.2916666666667 0.281818181818182 5.58333333333333 80 9.91666666666667 "对照点及区域点" 116.22 40.292
"定陵" 20160311 20.0833333333333 52.5833333333333 0.416666666666667 9.58333333333333 75.2083333333333 4.29166666666667 "对照点及区域点" 116.22 40.292
"定陵" 20161216 48 43.125 1.32916666666667 58.0416666666667 13.5 16.7916666666667 "对照点及区域点" 116.22 40.292
"定陵" 20160501 195.666666666667 210.375 1.68333333333333 40.2083333333333 147.666666666667 13.75 "对照点及区域点" 116.22 40.292
"定陵" 20161223 26.6666666666667 22.625 0.738888888888889 25.3888888888889 40.0555555555556 8.66666666666667 "对照点及区域点" 116.22 40.292
"定陵" 20160126 23.2083333333333 42.875 0.486363636363636 13.1666666666667 63.4583333333333 13.2916666666667 "对照点及区域点" 116.22 40.292
"定陵" 20160310 10.5833333333333 36.7916666666667 0.3 2.75 77.304347826087 3.75 "对照点及区域点" 116.22 40.292
"定陵" 20160111 10.0416666666667 39.75 0.308333333333333 9.29166666666667 64.5833333333333 8.08333333333333 "对照点及区域点" 116.22 40.292
"定陵" 20160118 7.16666666666667 29.75 0.216666666666667 2.79166666666667 72.7916666666667 3.45833333333333 "对照点及区域点" 116.22 40.292
"定陵" 20160924 71.9166666666667 100.583333333333 0.691304347826087 10 124.416666666667 5.5 "对照点及区域点" 116.22 40.292
"定陵" 20160902 6.66666666666667 43.9583333333333 0.2375 10.5454545454545 44.75 2.04166666666667 "对照点及区域点" 116.22 40.292
"定陵" 20160529 19.3333333333333 68.4166666666667 0.254166666666667 9.125 113.416666666667 2 "对照点及区域点" 116.22 40.292
"定陵" 20160110 40.875 69.1739130434783 0.9625 29.375 42.2173913043478 17 "对照点及区域点" 116.22 40.292
"定陵" 20160407 53.5833333333333 170.791666666667 0.808333333333333 15.125 77.625 3.79166666666667 "对照点及区域点" 116.22 40.292
"定陵" 20160208 87.7083333333333 116.125 0.445833333333333 10.25 72.0833333333333 16.625 "对照点及区域点" 116.22 40.292
"定陵" 20160521 58.875 103.083333333333 0.4875 18.25 150.916666666667 2 "对照点及区域点" 116.22 40.292
"定陵" 20160414 26.952380952381 78.6190476190476 0.359090909090909 8.86363636363636 92.4090909090909 2.68181818181818 "对照点及区域点" 116.22 40.292
"定陵" 20160619 34.2916666666667 64.6666666666667 0.479166666666667 22.5833333333333 122.291666666667 2.91666666666667 "对照点及区域点" 116.22 40.292
"定陵" 20161213 40.9583333333333 181.375 0.975 32.75 37.25 11.5833333333333 "对照点及区域点" 116.22 40.292
"定陵" 20160428 86.1666666666667 116.458333333333 0.758333333333333 32.9583333333333 111.958333333333 5.66666666666667 "对照点及区域点" 116.22 40.292
"定陵" 20160604 95.25 119.291666666667 0.933333333333333 30.625 177.521739130435 10.8333333333333 "对照点及区域点" 116.22 40.292
"定陵" 20160101 130.5 121.25 3.78333333333333 81.0416666666667 4.625 32.375 "对照点及区域点" 116.22 40.292
"定陵" 20160703 65.6666666666667 56.25 0.654166666666667 27.5416666666667 NA 4.95833333333333 "对照点及区域点" 116.22 40.292
"定陵" 20160108 9.45454545454546 40.2083333333333 1.53478260869565 6.33333333333333 60.125 9.60869565217391 "对照点及区域点" 116.22 40.292
"定陵" 20160801 50.4782608695652 62.8695652173913 0.933333333333333 6.34782608695652 93.2173913043478 2 "对照点及区域点" 116.22 40.292
"定陵" 20160603 68.125 84.6666666666667 0.925 32.75 158.25 11.5833333333333 "对照点及区域点" 116.22 40.292
"定陵" 20160625 15.875 31.7916666666667 0.2625 6.04166666666667 99.8333333333333 2.16666666666667 "对照点及区域点" 116.22 40.292
"定陵" 20160321 98.5833333333333 94.125 0.9875 47 79.5416666666667 10.5416666666667 "对照点及区域点" 116.22 40.292
"定陵" 20160928 8.66666666666667 18.7916666666667 0.1 2.125 57.7083333333333 2.08333333333333 "对照点及区域点" 116.22 40.292
"定陵" 20161013 137.333333333333 87.0416666666667 0.991666666666667 25.2173913043478 55.8333333333333 3.65217391304348 "对照点及区域点" 116.22 40.292
"定陵" 20160220 14.25 28.0869565217391 0.329166666666667 5.29166666666667 75.0416666666667 4.79166666666667 "对照点及区域点" 116.22 40.292
"定陵" 20160313 12.2083333333333 83.6666666666667 0.45 10.375 84.8333333333333 2.625 "对照点及区域点" 116.22 40.292
"定陵" 20160822 56.9583333333333 75.4583333333333 0.908333333333333 14.9166666666667 97.2916666666667 2.58333333333333 "对照点及区域点" 116.22 40.292
"定陵" 20160814 11.875 27.1666666666667 0.483333333333333 8.16666666666667 76.8333333333333 3.20833333333333 "对照点及区域点" 116.22 40.292
"定陵" 20160106 15.5833333333333 27.5833333333333 0.183333333333333 13.7916666666667 54.2916666666667 10.75 "对照点及区域点" 116.22 40.292
"定陵" 20160219 13.7916666666667 32.5833333333333 0.358333333333333 8.20833333333333 66.9047619047619 4.83333333333333 "对照点及区域点" 116.22 40.292
"定陵" 20160312 95.5416666666667 79.625 1.38333333333333 60.5 28.304347826087 20.8333333333333 "对照点及区域点" 116.22 40.292
"定陵" 20160821 42.5833333333333 71.125 0.720833333333333 8.625 125.083333333333 2 "对照点及区域点" 116.22 40.292
"定陵" 20160502 51.9166666666667 168.5 0.1875 3.20833333333333 81.1666666666667 2.29166666666667 "对照点及区域点" 116.22 40.292
"定陵" 20160524 11.9583333333333 53.6666666666667 0.175 11.0833333333333 114.6 2.25 "对照点及区域点" 116.22 40.292
"定陵" 20160127 56.75 53.3333333333333 1.18333333333333 48.875 28.2857142857143 31.0416666666667 "对照点及区域点" 116.22 40.292
"定陵" 20160531 58.6363636363636 111.608695652174 0.921739130434783 25.8695652173913 115.047619047619 9.08695652173913 "对照点及区域点" 116.22 40.292
"定陵" 20160424 92.6666666666667 73.2916666666667 0.808333333333333 42.6666666666667 78.0416666666667 10 "对照点及区域点" 116.22 40.292
"定陵" 20160119 40.5 46.2272727272727 1.17727272727273 35.5 32.4090909090909 13.5909090909091 "对照点及区域点" 116.22 40.292
"定陵" 20160523 59.3181818181818 80.875 0.345833333333333 28.3333333333333 115.8125 2 "对照点及区域点" 116.22 40.292
"定陵" 20160903 11.8333333333333 30 0.329166666666667 12.75 75.1666666666667 2.25 "对照点及区域点" 116.22 40.292
"定陵" 20160530 67.8333333333333 100.958333333333 0.879166666666667 28 192.714285714286 7.45833333333333 "对照点及区域点" 116.22 40.292
"定陵" 20160423 17.3333333333333 57 0.258333333333333 8.5 88.4166666666667 2 "对照点及区域点" 116.22 40.292
"定陵" 20160804 76.0416666666667 77.1666666666667 0.9625 12 134.625 2 "对照点及区域点" 116.22 40.292
"定陵" 20160209 37 40.2083333333333 0.825 17.875 65.0434782608696 14.4583333333333 "对照点及区域点" 116.22 40.292
"定陵" 20160522 38 79.8333333333333 0.354166666666667 14.9583333333333 146.208333333333 2 "对照点及区域点" 116.22 40.292
"定陵" 20160415 44.2083333333333 66.5833333333333 0.783333333333333 37.7083333333333 61 9.79166666666667 "对照点及区域点" 116.22 40.292
"定陵" 20160620 80.9583333333333 90.0833333333333 0.625 29.6666666666667 139.833333333333 2.79166666666667 "对照点及区域点" 116.22 40.292
"定陵" 20161214 18.2083333333333 33.875 0.579166666666667 21.5416666666667 47.6666666666667 8.29166666666667 "对照点及区域点" 116.22 40.292
"定陵" 20160429 128.25 122 1.09166666666667 38.4583333333333 108.916666666667 10.625 "对照点及区域点" 116.22 40.292
"定陵" 20160605 87.5 123 0.808333333333333 30.6666666666667 162 8.04166666666667 "对照点及区域点" 116.22 40.292
"定陵" 20160102 204.208333333333 213.391304347826 4.825 95.4583333333333 4.91666666666667 29.2083333333333 "对照点及区域点" 116.22 40.292
"定陵" 20160704 113.571428571429 127.5 1.05833333333333 22.875 NA 3.70833333333333 "对照点及区域点" 116.22 40.292
"定陵" 20160109 46.2083333333333 49.25 1.0375 36.5833333333333 27.25 20.2083333333333 "对照点及区域点" 116.22 40.292
"定陵" 20160802 32.8636363636364 63.3 0.618181818181818 4.54545454545455 86.1363636363636 2 "对照点及区域点" 116.22 40.292
"定陵" 20160222 67.7083333333333 117.782608695652 0.9125 25.2916666666667 57.0434782608696 10.6666666666667 "对照点及区域点" 116.22 40.292
"定陵" 20160330 21.8260869565217 44.1666666666667 0.491666666666667 22.0833333333333 76.0416666666667 8.68181818181818 "对照点及区域点" 116.22 40.292
"定陵" 20160322 104.791666666667 153.458333333333 1.3125 48.8333333333333 60.25 17.3333333333333 "对照点及区域点" 116.22 40.292
"定陵" 20160929 32.7619047619048 27.9090909090909 0.236363636363636 19.7619047619048 65.4090909090909 2.18181818181818 "对照点及区域点" 116.22 40.292
"定陵" 20161014 227.25 212.041666666667 1.40833333333333 33.9166666666667 58.7916666666667 5.54166666666667 "对照点及区域点" 116.22 40.292
"定陵" 20160221 62.0416666666667 46.3333333333333 0.870833333333333 26.5416666666667 51.4347826086956 15.375 "对照点及区域点" 116.22 40.292
"定陵" 20160329 9.33333333333333 86.4545454545455 0.4125 7 89.7083333333333 3.95238095238095 "对照点及区域点" 116.22 40.292
"定陵" 20160823 64.9166666666667 75.2083333333333 0.775 13.4583333333333 76.2083333333333 2.20833333333333 "对照点及区域点" 116.22 40.292
"定陵" 20160815 14.75 27.1666666666667 0.441666666666667 10.75 60.9166666666667 2 "对照点及区域点" 116.22 40.292
"定陵" 20160107 9.63157894736842 30.7777777777778 0.1 6.26315789473684 60.7368421052632 7.47368421052632 "对照点及区域点" 116.22 40.292
"定陵" 20160129 81.9583333333333 103.916666666667 2.02083333333333 52.75 16.8333333333333 28.4583333333333 "对照点及区域点" 116.22 40.292
"定陵" 20160328 40.0416666666667 62.125 0.616666666666667 37 54.7826086956522 6.45833333333333 "对照点及区域点" 116.22 40.292
"定陵" 20160402 7.16666666666667 58.9583333333333 0.5 2 87.5833333333333 2 "对照点及区域点" 116.22 40.292
"定陵" 20160503 44.7916666666667 64.7916666666667 0.216666666666667 4.79166666666667 84.8333333333333 2 "对照点及区域点" 116.22 40.292
"定陵" 20160525 10.7916666666667 32.4166666666667 0.275 10.5 85.9166666666667 2 "对照点及区域点" 116.22 40.292
"定陵" 20160128 84.9130434782609 112.391304347826 1.4695652173913 51.7391304347826 28.3478260869565 27.6521739130435 "对照点及区域点" 116.22 40.292
"定陵" 20160601 31.25 89.0833333333333 0.516666666666667 19.6666666666667 108.208333333333 2.66666666666667 "对照点及区域点" 116.22 40.292
"定陵" 20160327 9.75 39.75 0.4125 14.4166666666667 77.875 14.75 "对照点及区域点" 116.22 40.292
"定陵" 20160120 96.5416666666667 86.375 3.36086956521739 59.75 10.7916666666667 30.9166666666667 "对照点及区域点" 116.22 40.292
"定陵" 20160211 192.04347826087 186.916666666667 3.53333333333333 62.7083333333333 13.7272727272727 36.2916666666667 "对照点及区域点" 116.22 40.292
"定陵" 20160403 14.8333333333333 38.5833333333333 0.375 11.125 79.304347826087 2.29166666666667 "对照点及区域点" 116.22 40.292
"定陵" 20160417 7.79166666666667 55.7142857142857 0.204166666666667 3 94.3333333333333 2.04166666666667 "对照点及区域点" 116.22 40.292
"定陵" 20160326 8.56521739130435 39.4583333333333 0.358333333333333 6.45833333333333 88 9.375 "对照点及区域点" 116.22 40.292
"定陵" 20160805 69 110.791666666667 0.825 13.5416666666667 100.041666666667 2 "对照点及区域点" 116.22 40.292
"定陵" 20160210 80.6666666666667 84.4583333333333 1.825 38.0416666666667 44.6666666666667 30.9166666666667 "对照点及区域点" 116.22 40.292
"定陵" 20160930 81.7916666666667 84.0833333333333 0.575 24.4583333333333 99.25 2 "对照点及区域点" 116.22 40.292
"定陵" 20160416 25.25 84.7916666666667 0.2375 8.29166666666667 77.4583333333333 2.04166666666667 "对照点及区域点" 116.22 40.292
"定陵" 20160706 81.625 120.583333333333 0.7625 18.5833333333333 NA 2.75 "对照点及区域点" 116.22 40.292
"定陵" 20160819 7.95833333333333 38.5 0.625 3.04166666666667 71.0833333333333 2 "对照点及区域点" 116.22 40.292
"定陵" 20160224 19.5833333333333 33.625 0.483333333333333 6.91666666666667 62.4583333333333 4.70833333333333 "对照点及区域点" 116.22 40.292
"定陵" 20160401 47.875 166.583333333333 0.879166666666667 17.125 82.6086956521739 5.29166666666667 "对照点及区域点" 116.22 40.292
"定陵" 20160103 276.625 318.583333333333 5.3 86.2083333333333 10.9166666666667 16.6666666666667 "对照点及区域点" 116.22 40.292
"定陵" 20160705 82.2083333333333 118.125 0.804166666666667 8.91666666666667 NA 3.375 "对照点及区域点" 116.22 40.292
"定陵" 20161001 151.708333333333 148.041666666667 1.15416666666667 35.125 113.25 2.33333333333333 "对照点及区域点" 116.22 40.292
"定陵" 20160803 27.8125 43.2307692307692 0.506666666666667 5.78571428571429 87.4666666666667 2 "对照点及区域点" 116.22 40.292
"定陵" 20160223 9.52173913043478 43.0416666666667 0.2625 3.79166666666667 78.2916666666667 2.75 "对照点及区域点" 116.22 40.292
"定陵" 20160331 131.5 104.272727272727 1.40909090909091 59.0909090909091 79.1818181818182 36.6363636363636 "对照点及区域点" 116.22 40.292
"定陵" 20160323 5.5 78.7916666666667 0.358333333333333 2.08333333333333 93.8333333333333 2.66666666666667 "对照点及区域点" 116.22 40.292
"定陵" 20160419 67.8947368421053 57.6470588235294 1.29473684210526 48.8947368421053 47.3684210526316 17.0526315789474 "对照点及区域点" 116.22 40.292
"定陵" 20161015 208.04347826087 285.869565217391 1.34347826086957 46.9130434782609 9.17391304347826 2.65217391304348 "对照点及区域点" 116.22 40.292
"定陵" 20160131 9 26.7083333333333 0.345833333333333 7.08333333333333 71.7083333333333 6.5 "对照点及区域点" 116.22 40.292
"定陵" 20160421 73.4545454545455 91.8636363636364 0.472727272727273 23.1818181818182 90.5 4.54545454545455 "对照点及区域点" 116.22 40.292
"定陵" 20160824 65.2916666666667 93.2916666666667 0.779166666666667 14.4166666666667 93 2.20833333333333 "对照点及区域点" 116.22 40.292
"定陵" 20160816 19.2608695652174 36.625 0.483333333333333 9.125 75.8333333333333 2 "对照点及区域点" 116.22 40.292
"定陵" 20160229 28.8181818181818 38.1304347826087 0.682608695652174 20.8260869565217 61.5652173913044 9.39130434782609 "对照点及区域点" 116.22 40.292
"定陵" 20160130 28 77 0.795833333333333 21.375 50.0833333333333 12.25 "对照点及区域点" 116.22 40.292
"定陵" 20160420 62.6666666666667 98.4375 0.761904761904762 27.1428571428571 94.0952380952381 7.76190476190476 "对照点及区域点" 116.22 40.292
"定陵" 20160818 51.1666666666667 73.3333333333333 1.375 8.45833333333333 58.5833333333333 2 "对照点及区域点" 116.22 40.292
"定陵" 20160504 123.444444444444 70.125 0.3375 20.375 85.4166666666667 2.25 "对照点及区域点" 116.22 40.292
"定陵" 20160228 17.375 36.5416666666667 0.45 12.375 65.625 4.20833333333333 "对照点及区域点" 116.22 40.292
"定陵" 20160820 37.8333333333333 40.9166666666667 0.675 6.91666666666667 86.9166666666667 2 "对照点及区域点" 116.22 40.292
"定陵" 20160225 21.5833333333333 45 0.554166666666667 14.7083333333333 55.8333333333333 7.41666666666667 "对照点及区域点" 116.22 40.292
"定陵" 20160817 42.875 45.125 0.679166666666667 12.125 44.2083333333333 2 "对照点及区域点" 116.22 40.292
"定陵" 20160121 135.9 167.6 2.88947368421053 63.2 10.2 22.9 "对照点及区域点" 116.22 40.292
"定陵" 20160227 16.375 36.2083333333333 0.466666666666667 13.1666666666667 69.7916666666667 6.45833333333333 "对照点及区域点" 116.22 40.292
"定陵" 20160303 252.458333333333 217.666666666667 2.36666666666667 72.4166666666667 46.875 30.875 "对照点及区域点" 116.22 40.292
"定陵" 20160418 11.6 34.6111111111111 0.225 8.2 84.65 2.1 "对照点及区域点" 116.22 40.292
"定陵" 20161016 139.291666666667 227.875 0.975 54 22.25 2.95833333333333 "对照点及区域点" 116.22 40.292
"定陵" 20160806 89.5217391304348 105.761904761905 0.808695652173913 13.5652173913043 116.695652173913 2 "对照点及区域点" 116.22 40.292
"定陵" 20160226 27 35.125 0.525 15.4166666666667 66.125 7.95833333333333 "对照点及区域点" 116.22 40.292
"定陵" 20160825 8.04166666666667 50.5 0.225 2.75 75.9166666666667 2 "对照点及区域点" 116.22 40.292
"定陵" 20160201 7.36363636363636 28.375 0.304166666666667 4.91666666666667 77.0833333333333 4.875 "对照点及区域点" 116.22 40.292
"定陵" 20160422 32.875 107.583333333333 0.1875 2.79166666666667 97.1666666666667 2.16666666666667 "对照点及区域点" 116.22 40.292
"定陵" 20160324 7.25 30.3333333333333 0.304166666666667 3.81818181818182 88.625 2.375 "对照点及区域点" 116.22 40.292
"定陵" 20160104 7.91666666666667 160.608695652174 1.24761904761905 5.70833333333333 71.625 4.875 "对照点及区域点" 116.22 40.292
"定陵" 20160325 7.72727272727273 29.7619047619048 0.3 4.22727272727273 92.0909090909091 2 "对照点及区域点" 116.22 40.292
"定陵" 20160302 133.583333333333 171.208333333333 1.67083333333333 59.625 48 19.125 "对照点及区域点" 116.22 40.292
"定陵" 20160301 101.791666666667 89.5833333333333 1.825 53.7916666666667 33.125 18.7916666666667 "对照点及区域点" 116.22 40.292
