"通州" 20160513 30.8 117.652173913043 0.643478260869565 57.8260869565217 57.4347826086956 4.7 "郊区环境评价点" 116.663 39.886
"通州" 20160507 10.7916666666667 52.8333333333333 0.2375 38.8333333333333 68.5416666666667 3.91666666666667 "郊区环境评价点" 116.663 39.886
"通州" 20160701 53.5263157894737 114.791666666667 0.495833333333333 32.125 94 3.54166666666667 "郊区环境评价点" 116.663 39.886
"通州" 20160512 45.7272727272727 129.416666666667 0.404166666666667 33.875 57.6666666666667 3.16666666666667 "郊区环境评价点" 116.663 39.886
"通州" 20161119 131.083333333333 250.291666666667 2.12916666666667 65.75 20.6086956521739 17.1666666666667 "郊区环境评价点" 116.663 39.886
"通州" 20161031 7.91666666666667 45.7083333333333 0.479166666666667 27.0833333333333 43.4166666666667 3.33333333333333 "郊区环境评价点" 116.663 39.886
"通州" 20160524 20.25 62.25 0.375 37.1666666666667 76.6666666666667 4.5 "郊区环境评价点" 116.663 39.886
"通州" 20160509 14.9090909090909 64.4583333333333 0.4625 37.3333333333333 67.7916666666667 9.66666666666667 "郊区环境评价点" 116.663 39.886
"通州" 20161118 228.458333333333 220.458333333333 4.52916666666667 98.2916666666667 3.95833333333333 53.5416666666667 "郊区环境评价点" 116.663 39.886
"通州" 20160926 61.5833333333333 147.434782608696 1.37083333333333 59.75 44 8.875 "郊区环境评价点" 116.663 39.886
"通州" 20160602 50.2083333333333 70.2083333333333 0.729166666666667 65.7647058823529 93.85 13.4166666666667 "郊区环境评价点" 116.663 39.886
"通州" 20160505 29.7916666666667 62 1.14166666666667 52.7916666666667 66.7916666666667 20.125 "郊区环境评价点" 116.663 39.886
"通州" 20160914 100.625 126.958333333333 1.16666666666667 53.0833333333333 95.5416666666667 10.9166666666667 "郊区环境评价点" 116.663 39.886
"通州" 20160508 31.375 67.375 0.854166666666667 46.1666666666667 77.3333333333333 23.5833333333333 "郊区环境评价点" 116.663 39.886
"通州" 20160530 84.5416666666667 96.75 0.966666666666667 58.3333333333333 127.25 22.0833333333333 "郊区环境评价点" 116.663 39.886
"通州" 20160527 52.625 71.7916666666667 0.604166666666667 65.875 88.1666666666667 16.0416666666667 "郊区环境评价点" 116.663 39.886
"通州" 20160601 31.8333333333333 64.8333333333333 0.633333333333333 47.1666666666667 82.1666666666667 9.875 "郊区环境评价点" 116.663 39.886
"通州" 20160510 19.7916666666667 52.7083333333333 0.558333333333333 50.1666666666667 76.5 6.75 "郊区环境评价点" 116.663 39.886
"通州" 20161120 60.875 107 1.4125 43.5 13.1666666666667 17.9583333333333 "郊区环境评价点" 116.663 39.886
"通州" 20160603 78.7083333333333 91.6666666666667 1.17083333333333 48.6666666666667 131.208333333333 30.6666666666667 "郊区环境评价点" 116.663 39.886
"通州" 20160526 24.3333333333333 54.75 0.3375 46.7083333333333 74.5 2.875 "郊区环境评价点" 116.663 39.886
"通州" 20160405 121.375 149.375 1.10416666666667 55.6666666666667 69.75 28.3333333333333 "郊区环境评价点" 116.663 39.886
"通州" 20161028 12 48.3333333333333 0.5375 39.9166666666667 32.9130434782609 2.45833333333333 "郊区环境评价点" 116.663 39.886
"通州" 20160514 43.375 61.5833333333333 0.541666666666667 39.7916666666667 58.5 5 "郊区环境评价点" 116.663 39.886
"通州" 20160525 14.5416666666667 49.5833333333333 0.333333333333333 32.9583333333333 88.7916666666667 3 "郊区环境评价点" 116.663 39.886
"通州" 20160404 78.5 71.0416666666667 0.570833333333333 47.6666666666667 69.3333333333333 21.3333333333333 "郊区环境评价点" 116.663 39.886
"通州" 20160913 81.8333333333333 82.25 1.12916666666667 45.0833333333333 94.8695652173913 9.5 "郊区环境评价点" 116.663 39.886
"通州" 20161027 34.1666666666667 61.5833333333333 1.47916666666667 57.2916666666667 8.29166666666667 22.5 "郊区环境评价点" 116.663 39.886
"通州" 20160604 92.2916666666667 119.708333333333 0.875 46.4166666666667 148.166666666667 18.2916666666667 "郊区环境评价点" 116.663 39.886
"通州" 20160406 135.5 134.260869565217 2.09583333333333 73.125 44.125 42 "郊区环境评价点" 116.663 39.886
"通州" 20160915 111.083333333333 131.125 1.01666666666667 56.6666666666667 120.869565217391 7.41666666666667 "郊区环境评价点" 116.663 39.886
"通州" 20160927 30.2083333333333 74.5416666666667 0.75 36.125 44.2608695652174 2.54166666666667 "郊区环境评价点" 116.663 39.886
"通州" 20160529 41.3333333333333 69.1666666666667 0.566666666666667 40.2916666666667 92.125 7.375 "郊区环境评价点" 116.663 39.886
"通州" 20160625 19.4347826086957 44.7916666666667 0.308333333333333 43.1666666666667 84.9166666666667 4.125 "郊区环境评价点" 116.663 39.886
"通州" 20160120 139.916666666667 151.375 4.20416666666667 84.8333333333333 2.08333333333333 73.4166666666667 "郊区环境评价点" 116.663 39.886
"通州" 20160531 50.875 109.375 0.775 36.875 77.0833333333333 13.8333333333333 "郊区环境评价点" 116.663 39.886
"通州" 20160702 65.8333333333333 81 0.691666666666667 45.75 112.458333333333 4.95833333333333 "郊区环境评价点" 116.663 39.886
"通州" 20160624 19.25 85.3333333333333 0.341666666666667 40.1666666666667 58.5416666666667 2.58333333333333 "郊区环境评价点" 116.663 39.886
"通州" 20160506 47.5833333333333 147.625 0.154166666666667 17.25 74 2.75 "郊区环境评价点" 116.663 39.886
"通州" 20160511 81.1 83.4583333333333 0.9375 39.0416666666667 127.083333333333 13.625 "郊区环境评价点" 116.663 39.886
"通州" 20161101 42.9583333333333 48.2083333333333 0.833333333333333 67.7083333333333 20.5652173913043 12.625 "郊区环境评价点" 116.663 39.886
"通州" 20160716 38.75 48.5416666666667 0.708333333333333 46.625 66.5416666666667 2.5 "郊区环境评价点" 116.663 39.886
"通州" 20160706 68.4761904761905 108.5 0.9875 42 139.208333333333 9.91666666666667 "郊区环境评价点" 116.663 39.886
"通州" 20160106 28.875 64.2916666666667 1.0625 33.1666666666667 21.875 15.625 "郊区环境评价点" 116.663 39.886
"通州" 20160628 58.625 81.7083333333333 0.5375 30.3333333333333 81.3333333333333 2 "郊区环境评价点" 116.663 39.886
"通州" 20160515 39.9166666666667 71.0833333333333 0.495833333333333 42.625 38.375 NA "郊区环境评价点" 116.663 39.886
"通州" 20160103 196.708333333333 335.333333333333 2.68333333333333 88.5833333333333 10.6666666666667 32.1666666666667 "郊区环境评价点" 116.663 39.886
"通州" 20160705 98.125 141.708333333333 1.01666666666667 29.4583333333333 134.958333333333 8.04166666666667 "郊区环境评价点" 116.663 39.886
"通州" 20160909 28.625 65.875 0.554166666666667 65 49.7826086956522 4.25 "郊区环境评价点" 116.663 39.886
"通州" 20160615 22.4166666666667 56.25 0.4375 44.9166666666667 86.875 3.41666666666667 "郊区环境评价点" 116.663 39.886
"通州" 20160528 37.7 81.3 0.57 38.8 121.7 9.55 "郊区环境评价点" 116.663 39.886
"通州" 20160107 8.875 31.5217391304348 0.5625 44.1304347826087 34.2083333333333 6.29166666666667 "郊区环境评价点" 116.663 39.886
"通州" 20160629 124.791666666667 116.833333333333 0.779166666666667 29.3333333333333 92.8333333333333 2.16666666666667 "郊区环境评价点" 116.663 39.886
"通州" 20161121 8.45833333333333 57.7083333333333 0.365217391304348 13.2916666666667 60.8695652173913 2.25 "郊区环境评价点" 116.663 39.886
"通州" 20160614 44.4166666666667 76.7083333333333 0.583333333333333 41.625 65.7083333333333 2.625 "郊区环境评价点" 116.663 39.886
"通州" 20160626 56.6666666666667 79.0833333333333 0.5625 61.625 111.666666666667 12.0833333333333 "郊区环境评价点" 116.663 39.886
"通州" 20161029 28.625 48.25 0.829166666666667 53.9583333333333 20.3333333333333 7.45833333333333 "郊区环境评价点" 116.663 39.886
"通州" 20160101 224.625 195.291666666667 3.9375 133.625 3.625 50.1666666666667 "郊区环境评价点" 116.663 39.886
"通州" 20160703 98.6666666666667 100.416666666667 0.925 42.75 122.583333333333 12.125 "郊区环境评价点" 116.663 39.886
"通州" 20160907 30.1818181818182 79 0.672727272727273 32.0909090909091 131.363636363636 9.81818181818182 "郊区环境评价点" 116.663 39.886
"通州" 20160108 27.875 46.2083333333333 0.979166666666667 106.416666666667 28.0416666666667 15.8333333333333 "郊区环境评价点" 116.663 39.886
"通州" 20160710 85.0833333333333 119.391304347826 0.7375 35.2083333333333 111.166666666667 8.08333333333333 "郊区环境评价点" 116.663 39.886
"通州" 20160717 80.625 84.375 1.22083333333333 55.1666666666667 108.708333333333 3.16666666666667 "郊区环境评价点" 116.663 39.886
"通州" 20160605 65.3333333333333 110.166666666667 0.816666666666667 35.2916666666667 117.791666666667 17.625 "郊区环境评价点" 116.663 39.886
"通州" 20160407 77.6666666666667 188.708333333333 0.804166666666667 53.5 50.2916666666667 9.125 "郊区环境评价点" 116.663 39.886
"通州" 20160916 177.916666666667 211.541666666667 1.3125 46.25 114.333333333333 10.8333333333333 "郊区环境评价点" 116.663 39.886
"通州" 20160921 75.7083333333333 75.4166666666667 1.9375 88.4583333333333 47.7083333333333 16.8333333333333 "郊区环境评价点" 116.663 39.886
"通州" 20161126 317.166666666667 312.333333333333 4.02916666666667 128.541666666667 8.45833333333333 37.4166666666667 "郊区环境评价点" 116.663 39.886
"通州" 20161005 58.6666666666667 62.3333333333333 1.38333333333333 44 29.0434782608696 3.95833333333333 "郊区环境评价点" 116.663 39.886
"通州" 20160121 122.25 161.208333333333 2.75 77.0416666666667 3.41666666666667 29.625 "郊区环境评价点" 116.663 39.886
"通州" 20160411 61.9130434782609 104.315789473684 0.452173913043478 37.1304347826087 57.7826086956522 9.04347826086956 "郊区环境评价点" 116.663 39.886
"通州" 20160616 31.7083333333333 66.8333333333333 0.475 77.75 87.3333333333333 5.25 "郊区环境评价点" 116.663 39.886
"通州" 20160912 31.625 51.9583333333333 0.716666666666667 40.5 90.5416666666667 3.41666666666667 "郊区环境评价点" 116.663 39.886
"通州" 20161117 129.916666666667 165.708333333333 3.14583333333333 80.5 4.26086956521739 59.0833333333333 "郊区环境评价点" 116.663 39.886
"通州" 20160630 94.125 150.25 0.741666666666667 48.0416666666667 105.75 3.125 "郊区环境评价点" 116.663 39.886
"通州" 20161102 127.875 119.791666666667 1.7375 96.2916666666667 11.2083333333333 24.5 "郊区环境评价点" 116.663 39.886
"通州" 20160314 84.6086956521739 77.1739130434783 1.17826086956522 60.7272727272727 32.695652173913 27.0434782608696 "郊区环境评价点" 116.663 39.886
"通州" 20160707 112.416666666667 126.375 1.22916666666667 35.1666666666667 139.708333333333 11.0416666666667 "郊区环境评价点" 116.663 39.886
"通州" 20160928 11.5833333333333 30.6666666666667 0.483333333333333 39.5416666666667 42.0416666666667 2.54166666666667 "郊区环境评价点" 116.663 39.886
"通州" 20160112 10.3333333333333 25.9565217391304 0.5375 46.1304347826087 37.7916666666667 5.95833333333333 "郊区环境评价点" 116.663 39.886
"通州" 20160516 32.9166666666667 58.625 0.416666666666667 56.6666666666667 60.6666666666667 5 "郊区环境评价点" 116.663 39.886
"通州" 20160104 57.7083333333333 177.565217391304 1.2875 60.25 31.3333333333333 16.7916666666667 "郊区环境评价点" 116.663 39.886
"通州" 20160918 19.7083333333333 50.5 0.583333333333333 36.8333333333333 22.6666666666667 2.58333333333333 "郊区环境评价点" 116.663 39.886
"通州" 20160910 22.7916666666667 63.25 0.579166666666667 45.4583333333333 76.0416666666667 4.5 "郊区环境评价点" 116.663 39.886
"通州" 20160111 10.5909090909091 50.7916666666667 0.5625 54.5 38.875 6.16666666666667 "郊区环境评价点" 116.663 39.886
"通州" 20160606 98.5 102.708333333333 0.9 30.2083333333333 144.5 13.2916666666667 "郊区环境评价点" 116.663 39.886
"通州" 20160408 22.7916666666667 60.7916666666667 0.316666666666667 30.1666666666667 70.6666666666667 6.16666666666667 "郊区环境评价点" 116.663 39.886
"通州" 20160917 40.9166666666667 133.125 0.695833333333333 35.6666666666667 51.3913043478261 4.375 "郊区环境评价点" 116.663 39.886
"通州" 20161122 8.83333333333333 26.2083333333333 0.6125 18.125 53.5 4.75 "郊区环境评价点" 116.663 39.886
"通州" 20160105 31.75 30.9583333333333 0.908333333333333 37.2916666666667 25.4166666666667 16.3333333333333 "郊区环境评价点" 116.663 39.886
"通州" 20160627 69.0416666666667 86.625 0.725 46.3333333333333 110.416666666667 12.7916666666667 "郊区环境评价点" 116.663 39.886
"通州" 20161030 60.2083333333333 76.8333333333333 1.03333333333333 54.9166666666667 21.0434782608696 13.2083333333333 "郊区环境评价点" 116.663 39.886
"通州" 20160102 330.583333333333 327.217391304348 4.81666666666667 164.833333333333 2.375 56.1666666666667 "郊区环境评价点" 116.663 39.886
"通州" 20160704 157.52380952381 184.958333333333 1.35 33.0833333333333 122.708333333333 12.75 "郊区环境评价点" 116.663 39.886
"通州" 20160908 24.3333333333333 55.6666666666667 0.566666666666667 55.2916666666667 66.9166666666667 2.70833333333333 "郊区环境评价点" 116.663 39.886
"通州" 20160109 112.583333333333 109.916666666667 2.45416666666667 267.666666666667 8.375 47.625 "郊区环境评价点" 116.663 39.886
"通州" 20160711 82.9583333333333 101.416666666667 0.645833333333333 41.375 113.291666666667 6.04166666666667 "郊区环境评价点" 116.663 39.886
"通州" 20160718 98.9583333333333 126.083333333333 1.32916666666667 59.2083333333333 79.0416666666667 4.5 "郊区环境评价点" 116.663 39.886
"通州" 20160315 125.05 125.05 1.165 70.55 37.65 36.15 "郊区环境评价点" 116.663 39.886
"通州" 20161105 147 196.086956521739 3.09583333333333 101.625 17.695652173913 9.75 "郊区环境评价点" 116.663 39.886
"通州" 20160929 57.85 64.4761904761905 1.11176470588235 70.3571428571429 31.2941176470588 11.6666666666667 "郊区环境评价点" 116.663 39.886
"通州" 20160922 112.333333333333 121.041666666667 2.16666666666667 73.8333333333333 72.8260869565217 17.125 "郊区环境评价点" 116.663 39.886
"通州" 20161127 119.958333333333 294.25 2.20833333333333 72.0833333333333 30 13.0833333333333 "郊区环境评价点" 116.663 39.886
"通州" 20161006 64.4166666666667 96.125 1.675 51.375 15.5652173913043 17.0416666666667 "郊区环境评价点" 116.663 39.886
"通州" 20160122 20.875 109.25 0.6 27.1666666666667 47.875 6.45833333333333 "郊区环境评价点" 116.663 39.886
"通州" 20160412 68 82.75 0.666666666666667 58.3333333333333 38.625 12.3333333333333 "郊区环境评价点" 116.663 39.886
"通州" 20160617 31.4166666666667 68.6666666666667 0.479166666666667 88.7083333333333 52.875 6.83333333333333 "郊区环境评价点" 116.663 39.886
"通州" 20160220 13 27.4782608695652 0.495833333333333 8.66666666666667 59.0416666666667 6.70833333333333 "郊区环境评价点" 116.663 39.886
"通州" 20161020 91.1666666666667 229.291666666667 1.4625 59.0416666666667 17.4782608695652 13.3333333333333 "郊区环境评价点" 116.663 39.886
"通州" 20161218 252.708333333333 347.208333333333 3.81666666666667 112.083333333333 8.82608695652174 36.5 "郊区环境评价点" 116.663 39.886
"通州" 20161103 219 216.208333333333 2.925 108 8.21739130434783 19.5 "郊区环境评价点" 116.663 39.886
"通州" 20160503 15.8421052631579 66.7083333333333 0.266666666666667 33.5416666666667 56.3333333333333 2.45833333333333 "郊区环境评价点" 116.663 39.886
"通州" 20160708 79.4583333333333 119.666666666667 1.31666666666667 33.7083333333333 103.583333333333 9.70833333333333 "郊区环境评价点" 116.663 39.886
"通州" 20160715 33.4583333333333 52.125 0.583333333333333 39.4166666666667 59.7083333333333 2 "郊区环境评价点" 116.663 39.886
"通州" 20160113 25.2857142857143 54.5833333333333 0.820833333333333 82.7916666666667 30.4166666666667 12.2727272727273 "郊区环境评价点" 116.663 39.886
"通州" 20160517 69.8260869565217 88 0.691304347826087 65.6521739130435 112.478260869565 NA "郊区环境评价点" 116.663 39.886
"通州" 20160722 68.25 71.0416666666667 0.983333333333333 37.75 83.875 2 "郊区环境评价点" 116.663 39.886
"通州" 20160919 13 41.25 0.7625 45.2083333333333 41.9565217391304 2.29166666666667 "郊区环境评价点" 116.663 39.886
"通州" 20160911 38.75 69.8333333333333 0.8625 22.25 105 4.79166666666667 "郊区环境评价点" 116.663 39.886
"通州" 20161003 108.083333333333 183.916666666667 1.07916666666667 56.6666666666667 81.4782608695652 11.25 "郊区环境评价点" 116.663 39.886
"通州" 20160607 60.375 109.75 0.820833333333333 23.125 99.2083333333333 3.625 "郊区环境评价点" 116.663 39.886
"通州" 20160409 57 118.130434782609 0.71304347826087 60.1304347826087 44.304347826087 18.0434782608696 "郊区环境评价点" 116.663 39.886
"通州" 20161010 100.904761904762 90.3333333333333 1.44347826086957 65.5652173913043 18.304347826087 21.7916666666667 "郊区环境评价点" 116.663 39.886
"通州" 20161123 16.7916666666667 33.0833333333333 0.55 41.4166666666667 34.0869565217391 9.20833333333333 "郊区环境评价点" 116.663 39.886
"通州" 20161017 69.5 120.125 1.0375 56.25 33.1666666666667 5.16666666666667 "郊区环境评价点" 116.663 39.886
"通州" 20160621 128.75 144.833333333333 1.05416666666667 49.5 144.791666666667 5.875 "郊区环境评价点" 116.663 39.886
"通州" 20160224 25.695652173913 30.0869565217391 0.88695652173913 15.1739130434783 43.6521739130435 13.695652173913 "郊区环境评价点" 116.663 39.886
"通州" 20160826 11.7083333333333 36.1666666666667 0.241666666666667 40.0416666666667 59.75 2.125 "郊区环境评价点" 116.663 39.886
"通州" 20161222 97.1818181818182 325.416666666667 1.9875 47.2916666666667 46.1304347826087 5.83333333333333 "郊区环境评价点" 116.663 39.886
"通州" 20160110 85.5833333333333 150.521739130435 2.37916666666667 217.791666666667 11.7916666666667 42 "郊区环境评价点" 116.663 39.886
"通州" 20160902 14.0416666666667 50.25 0.425 41.4583333333333 31.1666666666667 2.20833333333333 "郊区环境评价点" 116.663 39.886
"通州" 20160712 35.1666666666667 85.9166666666667 0.554166666666667 32.6666666666667 72.375 3.875 "郊区环境评价点" 116.663 39.886
"通州" 20160719 118.166666666667 141.875 1.4125 62.2916666666667 28.75 2.125 "郊区环境评价点" 116.663 39.886
"通州" 20160316 230.166666666667 230.833333333333 1.8625 91.3333333333333 50.9166666666667 42.0833333333333 "郊区环境评价点" 116.663 39.886
"通州" 20161106 62.6666666666667 157.083333333333 1.22083333333333 57.375 24.9166666666667 16.2083333333333 "郊区环境评价点" 116.663 39.886
"通州" 20160930 101.666666666667 112.708333333333 0.945833333333333 93.25 74.7826086956522 15.5416666666667 "郊区环境评价点" 116.663 39.886
"通州" 20160923 141.041666666667 174.041666666667 1.79583333333333 69.7916666666667 107.75 6.58333333333333 "郊区环境评价点" 116.663 39.886
"通州" 20161128 88.2916666666667 88.4583333333333 2.6125 97.875 10.5 29.7916666666667 "郊区环境评价点" 116.663 39.886
"通州" 20161007 44.1666666666667 67.4583333333333 1.82916666666667 50.4166666666667 12 5.375 "郊区环境评价点" 116.663 39.886
"通州" 20160123 9.125 47.875 0.320833333333333 12.4583333333333 54.25 2.29166666666667 "郊区环境评价点" 116.663 39.886
"通州" 20160413 169.217391304348 165.5 1.25833333333333 74.0833333333333 47.5 12.7916666666667 "郊区环境评价点" 116.663 39.886
"通州" 20160618 53.875 81.2083333333333 0.695833333333333 123 111.208333333333 6.91666666666667 "郊区环境评价点" 116.663 39.886
"通州" 20160221 95.5833333333333 80.5833333333333 1.9125 41.4166666666667 23.3333333333333 30.4583333333333 "郊区环境评价点" 116.663 39.886
"通州" 20161021 43.125 74.3333333333333 0.908333333333333 49.7916666666667 15.2916666666667 5.04166666666667 "郊区环境评价点" 116.663 39.886
"通州" 20161219 289.833333333333 303 5.07916666666667 126.458333333333 8.16666666666667 30.625 "郊区环境评价点" 116.663 39.886
"通州" 20161104 195.541666666667 279.166666666667 3.80416666666667 107.666666666667 6 8.125 "郊区环境评价点" 116.663 39.886
"通州" 20160504 13.4166666666667 61.0833333333333 0.475 67.8333333333333 53.625 6.33333333333333 "郊区环境评价点" 116.663 39.886
"通州" 20160709 73.0833333333333 102.708333333333 0.804166666666667 30.5416666666667 102.583333333333 8.25 "郊区环境评价点" 116.663 39.886
"通州" 20161111 108.708333333333 161.041666666667 2.05833333333333 79.4166666666667 5.91304347826087 21.7916666666667 "郊区环境评价点" 116.663 39.886
"通州" 20160114 101.041666666667 101.375 2.97916666666667 211.958333333333 10.5833333333333 47.9166666666667 "郊区环境评价点" 116.663 39.886
"通州" 20160518 60.4583333333333 91.625 0.541666666666667 37.5416666666667 129.916666666667 10.5833333333333 "郊区环境评价点" 116.663 39.886
"通州" 20160723 127.416666666667 129.083333333333 1.16666666666667 49.7083333333333 101 2 "郊区环境评价点" 116.663 39.886
"通州" 20160920 24.8333333333333 58.2083333333333 1.44166666666667 58.4166666666667 59.5652173913044 4.79166666666667 "郊区环境评价点" 116.663 39.886
"通州" 20161110 141.416666666667 211.25 1.3 58.75 9.79166666666667 15.375 "郊区环境评价点" 116.663 39.886
"通州" 20161004 32 102.541666666667 0.95 35.0833333333333 29.0434782608696 6.375 "郊区环境评价点" 116.663 39.886
"通州" 20160608 150.25 143.916666666667 1.30416666666667 41.625 120.666666666667 5.45833333333333 "郊区环境评价点" 116.663 39.886
"通州" 20160410 67.5217391304348 142.666666666667 0.833333333333333 45.5833333333333 53.875 16.9583333333333 "郊区环境评价点" 116.663 39.886
"通州" 20161011 124.916666666667 173.333333333333 1.52083333333333 62.5 26.5416666666667 16.9166666666667 "郊区环境评价点" 116.663 39.886
"通州" 20161124 66.5238095238095 52.9565217391304 1.70869565217391 80.5652173913043 10.6521739130435 26.2608695652174 "郊区环境评价点" 116.663 39.886
"通州" 20161018 91.6666666666667 86.25 2.20416666666667 73.4166666666667 5.60869565217391 27.0833333333333 "郊区环境评价点" 116.663 39.886
"通州" 20160622 71.25 121.291666666667 0.779166666666667 56.7083333333333 156.458333333333 5.29166666666667 "郊区环境评价点" 116.663 39.886
"通州" 20160225 23.7083333333333 53.0833333333333 0.9 21.0833333333333 32.7083333333333 11.75 "郊区环境评价点" 116.663 39.886
"通州" 20160827 20.375 52.4166666666667 0.445833333333333 51.2916666666667 44.2916666666667 3.04166666666667 "郊区环境评价点" 116.663 39.886
"通州" 20161223 41.6111111111111 51.6875 0.861111111111111 41.2777777777778 40.2222222222222 9.94444444444444 "郊区环境评价点" 116.663 39.886
"通州" 20161108 33.2173913043478 37.125 0.9625 51.8333333333333 21.0833333333333 12.1666666666667 "郊区环境评价点" 116.663 39.886
"通州" 20160903 15.25 51.875 0.408333333333333 38.4166666666667 79.695652173913 3.375 "郊区环境评价点" 116.663 39.886
"通州" 20160713 22.3333333333333 59.9583333333333 0.545833333333333 42.75 96.9166666666667 2.79166666666667 "郊区环境评价点" 116.663 39.886
"通州" 20160720 32.25 110.125 0.591666666666667 24.3333333333333 61.6666666666667 2 "郊区环境评价点" 116.663 39.886
"通州" 20160317 260.208333333333 300.791666666667 2.125 104.291666666667 43.9583333333333 46.375 "郊区环境评价点" 116.663 39.886
"通州" 20161107 41.7083333333333 79.125 0.833333333333333 44.8333333333333 30.7826086956522 6.5 "郊区环境评价点" 116.663 39.886
"通州" 20161001 169.041666666667 179.416666666667 1.64166666666667 109.541666666667 62.6521739130435 23.25 "郊区环境评价点" 116.663 39.886
"通州" 20160924 116.375 157.333333333333 1.05833333333333 62.625 118.521739130435 8.75 "郊区环境评价点" 116.663 39.886
"通州" 20161129 86.6086956521739 128.916666666667 2.36666666666667 78.1666666666667 5.91304347826087 32.875 "郊区环境评价点" 116.663 39.886
"通州" 20161008 11.2916666666667 40.9166666666667 0.395833333333333 26 47.6086956521739 2.58333333333333 "郊区环境评价点" 116.663 39.886
"通州" 20160124 12.0416666666667 69.7083333333333 0.429166666666667 19.5416666666667 49.5416666666667 4.75 "郊区环境评价点" 116.663 39.886
"通州" 20160414 37 118.909090909091 0.28695652173913 31.7391304347826 73.1739130434783 4.08695652173913 "郊区环境评价点" 116.663 39.886
"通州" 20160619 68.25 94.7916666666667 0.766666666666667 NA 145.416666666667 10.3333333333333 "郊区环境评价点" 116.663 39.886
"通州" 20160222 71.375 124.782608695652 1.33333333333333 25 38.1666666666667 22.5416666666667 "郊区环境评价点" 116.663 39.886
"通州" 20161022 14.625 45.2916666666667 0.616666666666667 32.875 20.0869565217391 2.41666666666667 "郊区环境评价点" 116.663 39.886
"通州" 20161220 331.166666666667 364.739130434783 6.70833333333333 125.791666666667 4.39130434782609 4.70833333333333 "郊区环境评价点" 116.663 39.886
"通州" 20160229 27.375 43.0833333333333 0.566666666666667 28.695652173913 50.0416666666667 9.5 "郊区环境评价点" 116.663 39.886
"通州" 20160831 20.9166666666667 62.8333333333333 0.516666666666667 55.75 57.0833333333333 2.54166666666667 "郊区环境评价点" 116.663 39.886
"通州" 20161227 39.625 40.75 0.933333333333333 51.8333333333333 30.2916666666667 9.29166666666667 "郊区环境评价点" 116.663 39.886
"通州" 20161112 78.4166666666667 130.875 1.7 72.5833333333333 12.375 20.625 "郊区环境评价点" 116.663 39.886
"通州" 20160115 173.666666666667 199.541666666667 3.36666666666667 190.695652173913 10.125 58.7916666666667 "郊区环境评价点" 116.663 39.886
"通州" 20160519 86.9166666666667 109.583333333333 0.804761904761905 48.375 169.208333333333 14.5 "郊区环境评价点" 116.663 39.886
"通州" 20160724 75.7368421052632 139.277777777778 0.775 47.8333333333333 103.166666666667 2 "郊区环境评价点" 116.663 39.886
"通州" 20160321 136.791666666667 134.791666666667 1.37916666666667 94.9130434782609 61.0416666666667 32.7916666666667 "郊区环境评价点" 116.663 39.886
"通州" 20160129 59.875 136.416666666667 1.75 64.4166666666667 12.7083333333333 41.0833333333333 "郊区环境评价点" 116.663 39.886
"通州" 20160731 67.5 119.166666666667 1.19166666666667 34.5416666666667 86.9166666666667 2.375 "郊区环境评价点" 116.663 39.886
"通州" 20160609 133.8 200.5 1.23636363636364 38.6363636363636 86.9090909090909 9.36363636363636 "郊区环境评价点" 116.663 39.886
"通州" 20161203 315.416666666667 261.666666666667 4.75 132.416666666667 6.5 43.1666666666667 "郊区环境评价点" 116.663 39.886
"通州" 20161012 72.2083333333333 108.166666666667 1.31666666666667 61.0833333333333 39 22.625 "郊区环境评价点" 116.663 39.886
"通州" 20161125 187.375 184.958333333333 3.40833333333333 109.958333333333 8.43478260869565 36.3333333333333 "郊区环境评价点" 116.663 39.886
"通州" 20161019 217.125 200.25 2.33333333333333 79.25 22.5416666666667 15.625 "郊区环境评价点" 116.663 39.886
"通州" 20160623 94.25 124.166666666667 1.55 67.2608695652174 101.75 10.75 "郊区环境评价点" 116.663 39.886
"通州" 20160226 29 47.875 0.741666666666667 34.5 44.625 13.2916666666667 "郊区环境评价点" 116.663 39.886
"通州" 20160828 13.7083333333333 48.4583333333333 0.3625 40.375 63.7083333333333 2.16666666666667 "郊区环境评价点" 116.663 39.886
"通州" 20161224 123.5 116.833333333333 2.52083333333333 85.5 12.6521739130435 32.9166666666667 "郊区环境评价点" 116.663 39.886
"通州" 20161109 161.666666666667 130.875 2.94166666666667 85.1666666666667 5.8695652173913 33.0416666666667 "郊区环境评价点" 116.663 39.886
"通州" 20160904 81.7916666666667 88.875 1.2875 39 112.916666666667 14 "郊区环境评价点" 116.663 39.886
"通州" 20160714 34.1666666666667 51.3333333333333 0.875 43.0833333333333 95.9583333333333 6.08333333333333 "郊区环境评价点" 116.663 39.886
"通州" 20160721 24.125 24.375 0.783333333333333 38.7083333333333 37.3333333333333 2 "郊区环境评价点" 116.663 39.886
"通州" 20160318 193.458333333333 325.333333333333 1.62916666666667 76.8333333333333 53.0833333333333 21.7083333333333 "郊区环境评价点" 116.663 39.886
"通州" 20160126 31.25 53.5 0.9875 67.375 37.6666666666667 20.9166666666667 "郊区环境评价点" 116.663 39.886
"通州" 20161002 191.666666666667 233.916666666667 1.4375 97.5416666666667 61.9565217391304 14.75 "郊区环境评价点" 116.663 39.886
"通州" 20160925 190 223.375 1.85 57.25 111 18.25 "郊区环境评价点" 116.663 39.886
"通州" 20161130 97.625 122.041666666667 2.17916666666667 84.9166666666667 18.0416666666667 25.0833333333333 "郊区环境评价点" 116.663 39.886
"通州" 20161009 42.625 66.25 1.00416666666667 56.2916666666667 19.0434782608696 9.75 "郊区环境评价点" 116.663 39.886
"通州" 20160125 23.8333333333333 62.2916666666667 0.908333333333333 68.7083333333333 36.125 15.5 "郊区环境评价点" 116.663 39.886
"通州" 20160415 74.1304347826087 81.9583333333333 1.16666666666667 66.5833333333333 52.3333333333333 28.5 "郊区环境评价点" 116.663 39.886
"通州" 20160620 87.875 118.083333333333 0.8875 45.3076923076923 176.5 7.79166666666667 "郊区环境评价点" 116.663 39.886
"通州" 20160223 7.41666666666667 45.9166666666667 0.341666666666667 3.5 64.4583333333333 3.79166666666667 "郊区环境评价点" 116.663 39.886
"通州" 20161023 30.2916666666667 40.875 0.770833333333333 53.2916666666667 20.5 7.79166666666667 "郊区环境评价点" 116.663 39.886
"通州" 20161221 388.75 397.375 7.2875 147.333333333333 4.04166666666667 13.1666666666667 "郊区环境评价点" 116.663 39.886
"通州" 20160301 120.916666666667 98.25 1.93333333333333 106.545454545455 23.5 38.75 "郊区环境评价点" 116.663 39.886
"通州" 20160901 8.79166666666667 43.4583333333333 0.370833333333333 37.375 49.0833333333333 2.04166666666667 "郊区环境评价点" 116.663 39.886
"通州" 20161228 80.4583333333333 115.375 1.20416666666667 50.125 29.2173913043478 16 "郊区环境评价点" 116.663 39.886
"通州" 20161113 104.583333333333 98.375 2.87916666666667 77.5833333333333 3.25 40.125 "郊区环境评价点" 116.663 39.886
"通州" 20160116 126.166666666667 188.416666666667 2.7125 80.5833333333333 3.95833333333333 54.4166666666667 "郊区环境评价点" 116.663 39.886
"通州" 20160520 91.2916666666667 125.458333333333 1.08333333333333 51.7083333333333 130.75 24.0833333333333 "郊区环境评价点" 116.663 39.886
"通州" 20160725 38.3076923076923 92.2 0.660869565217391 35.1739130434783 76.3478260869565 2 "郊区环境评价点" 116.663 39.886
"通州" 20160322 114.583333333333 182.583333333333 1.6125 98.4583333333333 23.8333333333333 37.75 "郊区环境评价点" 116.663 39.886
"通州" 20160130 50.125 74.4583333333333 1.3625 63.2916666666667 20.0833333333333 23.9583333333333 "郊区环境评价点" 116.663 39.886
"通州" 20160801 79.4583333333333 99.2083333333333 1.37916666666667 41.125 95.3333333333333 2.125 "郊区环境评价点" 116.663 39.886
"通州" 20160610 NA NA NA NA NA NA "郊区环境评价点" 116.663 39.886
"通州" 20161204 304.75 408.958333333333 3.9125 115.833333333333 8.91304347826087 29.2916666666667 "郊区环境评价点" 116.663 39.886
"通州" 20161013 171.458333333333 152.208333333333 1.72916666666667 99.0416666666667 34.9166666666667 16.7083333333333 "郊区环境评价点" 116.663 39.886
"通州" 20161211 231 173 3.9 115.208333333333 5.25 60.125 "郊区环境评价点" 116.663 39.886
"通州" 20160419 71.6666666666667 76.25 1.27222222222222 67.2222222222222 27.9444444444444 26.2777777777778 "郊区环境评价点" 116.663 39.886
"通州" 20160426 64.5454545454545 100.958333333333 1.47391304347826 50.9166666666667 77.375 16.3 "郊区环境评价点" 116.663 39.886
"通州" 20160227 28.4583333333333 57.1666666666667 0.775 36.7916666666667 40.7916666666667 13.5 "郊区环境评价点" 116.663 39.886
"通州" 20160829 21.125 48.8333333333333 0.545833333333333 49.0416666666667 69.3333333333333 2.375 "郊区环境评价点" 116.663 39.886
"通州" 20161225 204.538461538462 219.153846153846 3.20769230769231 108.615384615385 2.92307692307692 54.2307692307692 "郊区环境评价点" 116.663 39.886
"通州" 20160305 58.9166666666667 249.666666666667 0.558333333333333 28.25 50.2083333333333 10.4166666666667 "郊区环境评价点" 116.663 39.886
"通州" 20160905 27.0434782608696 73.3333333333333 0.616666666666667 43.3333333333333 86.0869565217391 3.79166666666667 "郊区环境评价点" 116.663 39.886
"通州" 20160312 108.541666666667 84.1666666666667 1.72916666666667 79.0833333333333 16.7083333333333 51.6666666666667 "郊区环境评价点" 116.663 39.886
"通州" 20161202 137 113.833333333333 2.6 101.083333333333 11.6086956521739 36.4583333333333 "郊区环境评价点" 116.663 39.886
"通州" 20160319 76.2916666666667 136.583333333333 1.31666666666667 47.75 50.3333333333333 29.6666666666667 "郊区环境评价点" 116.663 39.886
"通州" 20160127 143.791666666667 114.375 2.93333333333333 157.625 8.66666666666667 61.0416666666667 "郊区环境评价点" 116.663 39.886
"通州" 20160729 120.75 130.291666666667 1.28333333333333 40.0416666666667 128.5 2.20833333333333 "郊区环境评价点" 116.663 39.886
"通州" 20160326 21.7083333333333 38.8333333333333 0.45 48.9583333333333 44.9166666666667 6.125 "郊区环境评价点" 116.663 39.886
"通州" 20161201 32.6818181818182 81.3636363636364 1.01904761904762 66.4285714285714 29.7 15.4285714285714 "郊区环境评价点" 116.663 39.886
"通州" 20160805 62.75 105.75 0.7875 28.8333333333333 98.6666666666667 2.66666666666667 "郊区环境评价点" 116.663 39.886
"通州" 20161208 48.3 155.652173913043 1.7125 52.9583333333333 39.9130434782609 16.8333333333333 "郊区环境评价点" 116.663 39.886
"通州" 20160416 23.9583333333333 73.4583333333333 0.220833333333333 22.0833333333333 58.375 3.95833333333333 "郊区环境评价点" 116.663 39.886
"通州" 20160423 21.9090909090909 60.0833333333333 0.329166666666667 38.4166666666667 58.125 4.375 "郊区环境评价点" 116.663 39.886
"通州" 20161215 45.9583333333333 74.375 1.29583333333333 57.7916666666667 28.5 22.625 "郊区环境评价点" 116.663 39.886
"通州" 20161024 76.875 82.2083333333333 1.40416666666667 71.75 3.1304347826087 8.45833333333333 "郊区环境评价点" 116.663 39.886
"通州" 20160430 177.583333333333 236.625 1.42916666666667 101.708333333333 111.833333333333 49.1666666666667 "郊区环境评价点" 116.663 39.886
"通州" 20160302 207.826086956522 234.833333333333 2.97391304347826 131.565217391304 29.5652173913043 51.8260869565217 "郊区环境评价点" 116.663 39.886
"通州" 20160727 66.2916666666667 80.375 0.766666666666667 38.6666666666667 137.125 2.04166666666667 "郊区环境评价点" 116.663 39.886
"通州" 20160324 13.4347826086957 27.9130434782609 0.330434782608696 36.8695652173913 53.695652173913 3.39130434782609 "郊区环境评价点" 116.663 39.886
"通州" 20161114 63.6666666666667 152.458333333333 1.45 55.5 30.6666666666667 12.5416666666667 "郊区环境评价点" 116.663 39.886
"通州" 20160117 39.2083333333333 115.791666666667 0.65 14.2083333333333 36.6666666666667 12.9166666666667 "郊区环境评价点" 116.663 39.886
"通州" 20160521 74.8333333333333 109.5 0.979166666666667 48.5 129.166666666667 25.875 "郊区环境评价点" 116.663 39.886
"通州" 20160726 19.4166666666667 56.9166666666667 0.416666666666667 31.1666666666667 116.291666666667 2 "郊区环境评价点" 116.663 39.886
"通州" 20160323 17.5909090909091 79.8333333333333 0.395833333333333 29.7083333333333 58.3333333333333 5.41666666666667 "郊区环境评价点" 116.663 39.886
"通州" 20160131 23.2916666666667 46.7083333333333 0.825 41.75 44.5833333333333 12.1666666666667 "郊区环境评价点" 116.663 39.886
"通州" 20160802 65.6363636363636 114.15 1.26818181818182 33.2272727272727 107 2 "郊区环境评价点" 116.663 39.886
"通州" 20160611 NA NA NA NA NA NA "郊区环境评价点" 116.663 39.886
"通州" 20161205 59.2916666666667 208.739130434783 1.39166666666667 55.4166666666667 27.75 16.2916666666667 "郊区环境评价点" 116.663 39.886
"通州" 20161014 253.75 290.666666666667 1.95 112 25.5217391304348 18 "郊区环境评价点" 116.663 39.886
"通州" 20161212 246 301.842105263158 3.16842105263158 107.368421052632 6 58.7894736842105 "郊区环境评价点" 116.663 39.886
"通州" 20160420 61 85.125 0.523809523809524 39.0952380952381 78.7142857142857 11.9047619047619 "郊区环境评价点" 116.663 39.886
"通州" 20160427 87.9166666666667 98.0434782608696 1.25833333333333 63.375 70.9583333333333 20.8333333333333 "郊区环境评价点" 116.663 39.886
"通州" 20160228 33.5833333333333 60.4166666666667 0.833333333333333 15.4583333333333 45.4583333333333 11.5833333333333 "郊区环境评价点" 116.663 39.886
"通州" 20160830 37.25 72.0416666666667 0.804166666666667 56.9166666666667 104.125 3.83333333333333 "郊区环境评价点" 116.663 39.886
"通州" 20161226 63.625 187.875 1.1375 47.7083333333333 39.4782608695652 17.0833333333333 "郊区环境评价点" 116.663 39.886
"通州" 20160306 98.7826086956522 115.04347826087 1.90869565217391 67.695652173913 6.08695652173913 48.695652173913 "郊区环境评价点" 116.663 39.886
"通州" 20160906 29.7222222222222 69.4117647058823 0.855555555555556 55 45.0555555555556 5.5 "郊区环境评价点" 116.663 39.886
"通州" 20160313 39.875 120.375 0.8125 40.1666666666667 55.75 15.6666666666667 "郊区环境评价点" 116.663 39.886
"通州" 20160205 10.875 33.8333333333333 0.358333333333333 27.5833333333333 65.5416666666667 5 "郊区环境评价点" 116.663 39.886
"通州" 20160320 66.2083333333333 80.2083333333333 0.966666666666667 67.5 43.7916666666667 15.0833333333333 "郊区环境评价点" 116.663 39.886
"通州" 20160128 163.791666666667 223.125 2.88333333333333 126.375 12.625 56.2083333333333 "郊区环境评价点" 116.663 39.886
"通州" 20160730 141.904761904762 191.4 1.34761904761905 26.3809523809524 96.2857142857143 2 "郊区环境评价点" 116.663 39.886
"通州" 20160327 15.9583333333333 27.625 0.329166666666667 32.0833333333333 62.875 6.20833333333333 "郊区环境评价点" 116.663 39.886
"通州" 20161217 277.208333333333 272.916666666667 3.6 113.041666666667 5.70833333333333 46.25 "郊区环境评价点" 116.663 39.886
"通州" 20160806 106 120.190476190476 0.995652173913044 33.4782608695652 109.391304347826 2.17391304347826 "郊区环境评价点" 116.663 39.886
"通州" 20161209 29.8695652173913 63.5238095238095 0.947826086956522 47.3913043478261 36.3913043478261 10.6521739130435 "郊区环境评价点" 116.663 39.886
"通州" 20160417 12.5 29.7619047619048 0.208333333333333 19.25 73.8333333333333 2.29166666666667 "郊区环境评价点" 116.663 39.886
"通州" 20160424 91.375 83.5416666666667 0.708333333333333 51.8333333333333 75.75 26 "郊区环境评价点" 116.663 39.886
"通州" 20161216 152.208333333333 96.7916666666667 2.6625 105.083333333333 7.56521739130435 33.625 "郊区环境评价点" 116.663 39.886
"通州" 20161025 108.916666666667 125.208333333333 1.6 79.75 7.875 7.375 "郊区环境评价点" 116.663 39.886
"通州" 20160501 156.375 199.291666666667 2.35416666666667 76.5833333333333 144.333333333333 41.8333333333333 "郊区环境评价点" 116.663 39.886
"通州" 20160303 302.25 275.541666666667 3.2875 118.041666666667 21.375 62.7083333333333 "郊区环境评价点" 116.663 39.886
"通州" 20160728 54.3333333333333 78.5833333333333 0.870833333333333 39.75 100.666666666667 2 "郊区环境评价点" 116.663 39.886
"通州" 20160325 28.8181818181818 41.5714285714286 0.727272727272727 47.4090909090909 51.7727272727273 12.7272727272727 "郊区环境评价点" 116.663 39.886
"通州" 20161115 50.7083333333333 62.6666666666667 1.475 68.2916666666667 13.6086956521739 20.625 "郊区环境评价点" 116.663 39.886
"通州" 20160118 11.0416666666667 57.25 0.1625 8.8695652173913 50 4.66666666666667 "郊区环境评价点" 116.663 39.886
"通州" 20160522 58.4166666666667 93.875 0.904166666666667 60.5416666666667 115.875 14.6666666666667 "郊区环境评价点" 116.663 39.886
"通州" 20161207 38 120.478260869565 2.67391304347826 99.0434782608696 9.65217391304348 32.5217391304348 "郊区环境评价点" 116.663 39.886
"通州" 20161016 107.875 177.75 1.0625 63.125 37.8260869565217 9.41666666666667 "郊区环境评价点" 116.663 39.886
"通州" 20160201 13.25 35.2083333333333 0.8 44.4166666666667 47.625 9.16666666666667 "郊区环境评价点" 116.663 39.886
"通州" 20160803 72.1904761904762 105.611111111111 1.13809523809524 35.5238095238095 167.095238095238 2.04761904761905 "郊区环境评价点" 116.663 39.886
"通州" 20160612 59.3333333333333 106.7 0.81 48.4 204.7 19.3 "郊区环境评价点" 116.663 39.886
"通州" 20161206 80.4 75.0833333333333 2.64583333333333 103.375 8.78260869565217 33.5 "郊区环境评价点" 116.663 39.886
"通州" 20161015 135.666666666667 220.708333333333 1.7125 99.5416666666667 3.41666666666667 17.4583333333333 "郊区环境评价点" 116.663 39.886
"通州" 20161213 47 198.333333333333 1.02083333333333 40.9583333333333 44.5 9.83333333333333 "郊区环境评价点" 116.663 39.886
"通州" 20160421 114.863636363636 130.954545454545 1.03181818181818 72.4090909090909 62.8636363636364 14.4545454545455 "郊区环境评价点" 116.663 39.886
"通州" 20160428 94.5833333333333 138.916666666667 0.991666666666667 65.0833333333333 79.5 12.3333333333333 "郊区环境评价点" 116.663 39.886
"通州" 20160330 28.375 54.7083333333333 0.454166666666667 42.7083333333333 59.25 10.5833333333333 "郊区环境评价点" 116.663 39.886
"通州" 20160824 86.7083333333333 104 1.30416666666667 66.0833333333333 75.9583333333333 3.70833333333333 "郊区环境评价点" 116.663 39.886
"通州" 20160809 55.8 74.8666666666667 1.48 28.3333333333333 159.133333333333 8.66666666666667 "郊区环境评价点" 116.663 39.886
"通州" 20160307 49.2083333333333 123.208333333333 1.14166666666667 19.875 48.1666666666667 21.4583333333333 "郊区环境评价点" 116.663 39.886
"通州" 20160816 25.0833333333333 47.75 0.808333333333333 37.25 82.5 2 "郊区环境评价点" 116.663 39.886
"通州" 20160329 22.2916666666667 88.8181818181818 0.341666666666667 38.125 59.75 5.54166666666667 "郊区环境评价点" 116.663 39.886
"通州" 20160206 37.4166666666667 55.5 0.920833333333333 94.3333333333333 47.6666666666667 19.2916666666667 "郊区环境评价点" 116.663 39.886
"通州" 20160808 36.6666666666667 44.5882352941176 0.872222222222222 29.5555555555556 82.1111111111111 2.27777777777778 "郊区环境评价点" 116.663 39.886
"通州" 20160213 6.54166666666667 120.958333333333 0.266666666666667 8.375 57.6666666666667 4.29166666666667 "郊区环境评价点" 116.663 39.886
"通州" 20160815 25.3333333333333 62 0.804166666666667 34.75 71.4583333333333 2.16666666666667 "郊区环境评价点" 116.663 39.886
"通州" 20160328 89.375 77.375 0.716666666666667 65.625 45.5833333333333 27.125 "郊区环境评价点" 116.663 39.886
"通州" 20160523 66.1666666666667 89 1.17083333333333 55.125 81.9166666666667 19.7083333333333 "郊区环境评价点" 116.663 39.886
"通州" 20160807 20.9130434782609 75.35 0.673913043478261 22.0869565217391 100.217391304348 2 "郊区环境评价点" 116.663 39.886
"通州" 20161210 60.5833333333333 74.4166666666667 1.64166666666667 76.625 14.0434782608696 21.0833333333333 "郊区环境评价点" 116.663 39.886
"通州" 20160418 16.25 39.4444444444444 0.245 28.1 72.6 2.85 "郊区环境评价点" 116.663 39.886
"通州" 20160425 73.9166666666667 109.958333333333 0.604166666666667 33.5 112.541666666667 NA "郊区环境评价点" 116.663 39.886
"通州" 20160814 21.7916666666667 49.7916666666667 0.75 44.4583333333333 85 2.875 "郊区环境评价点" 116.663 39.886
"通州" 20161026 44.7 115.789473684211 0.93 50.5 27.65 6.4 "郊区环境评价点" 116.663 39.886
"通州" 20160502 32.2083333333333 129.875 0.320833333333333 22.2083333333333 66.5 3.54166666666667 "郊区环境评价点" 116.663 39.886
"通州" 20160304 328.166666666667 383.166666666667 4.88421052631579 121.083333333333 3.125 76.8333333333333 "郊区环境评价点" 116.663 39.886
"通州" 20160403 15.625 40.0833333333333 0.2875 27.0416666666667 63.9583333333333 3.08333333333333 "郊区环境评价点" 116.663 39.886
"通州" 20160813 25.7916666666667 50.2916666666667 0.9125 45.0833333333333 26.9166666666667 2 "郊区环境评价点" 116.663 39.886
"通州" 20161116 104.521739130435 105 1.92173913043478 67.8695652173913 10.304347826087 24.5217391304348 "郊区环境评价点" 116.663 39.886
"通州" 20160119 63.875 62.7916666666667 1.6375 89.2272727272727 13.375 27.375 "郊区环境评价点" 116.663 39.886
"通州" 20160810 81.5909090909091 97.6 1.00909090909091 22 115.863636363636 2.27272727272727 "郊区环境评价点" 116.663 39.886
"通州" 20160402 6.125 47.2916666666667 0.229166666666667 17.0833333333333 69 2.58333333333333 "郊区环境评价点" 116.663 39.886
"通州" 20160812 76.0666666666667 101.461538461538 0.893333333333333 30.5333333333333 59.8 2.33333333333333 "郊区环境评价点" 116.663 39.886
"通州" 20160202 30.4782608695652 47.0416666666667 0.995833333333333 97.0833333333333 41.7083333333333 22.625 "郊区环境评价点" 116.663 39.886
"通州" 20160804 101.166666666667 115 1.4875 31.75 148.416666666667 3.70833333333333 "郊区环境评价点" 116.663 39.886
"通州" 20160613 55.875 79.8333333333333 0.591666666666667 44.4166666666667 80.8333333333333 3 "郊区环境评价点" 116.663 39.886
"通州" 20160401 39.6666666666667 137.416666666667 0.429166666666667 29.9583333333333 66.5833333333333 11.375 "郊区环境评价点" 116.663 39.886
"通州" 20160209 44.1666666666667 99.875 1.27083333333333 106.666666666667 50.75 22.5416666666667 "郊区环境评价点" 116.663 39.886
"通州" 20161214 24.5416666666667 30.8333333333333 0.6375 43.625 40.9565217391304 12.625 "郊区环境评价点" 116.663 39.886
"通州" 20160422 27.45 101.826086956522 0.226086956521739 24.304347826087 82.4347826086957 2.43478260869565 "郊区环境评价点" 116.663 39.886
"通州" 20160429 119.875 104.083333333333 1.325 56.5217391304348 101 8.45833333333333 "郊区环境评价点" 116.663 39.886
"通州" 20160331 137.916666666667 127.166666666667 1.3375 69.625 65.5 44.5416666666667 "郊区环境评价点" 116.663 39.886
"通州" 20160825 21.5 82.125 0.379166666666667 33.875 61.3333333333333 2 "郊区环境评价点" 116.663 39.886
"通州" 20160820 58.5 73.8333333333333 1.37916666666667 41.6666666666667 125.541666666667 2.08333333333333 "郊区环境评价点" 116.663 39.886
"通州" 20160308 13.6111111111111 37.7142857142857 0.266666666666667 6.16666666666667 65.1111111111111 2.33333333333333 "郊区环境评价点" 116.663 39.886
"通州" 20160817 68.4166666666667 59.4583333333333 1.17916666666667 65.3333333333333 39.3333333333333 3.25 "郊区环境评价点" 116.663 39.886
"通州" 20160204 18.75 56.1666666666667 0.583333333333333 70.7916666666667 53.4166666666667 8.5 "郊区环境评价点" 116.663 39.886
"通州" 20160207 75.625 93.25 1.29583333333333 143.625 32.0416666666667 33.4583333333333 "郊区环境评价点" 116.663 39.886
"通州" 20160819 19.7083333333333 64.7083333333333 1.09583333333333 30 96.5416666666667 2 "郊区环境评价点" 116.663 39.886
"通州" 20160214 5.04166666666667 21.9583333333333 0.433333333333333 13.4347826086957 65.5416666666667 2.83333333333333 "郊区环境评价点" 116.663 39.886
"通州" 20160818 83.3333333333333 122.375 1.87916666666667 58.2916666666667 20.3333333333333 2 "郊区环境评价点" 116.663 39.886
"通州" 20160821 65.2916666666667 105 1.2875 52.0833333333333 142.083333333333 2.45833333333333 "郊区环境评价点" 116.663 39.886
"通州" 20160211 180.041666666667 217.708333333333 3.52083333333333 99.5416666666667 8.54166666666667 66 "郊区环境评价点" 116.663 39.886
"通州" 20160823 64.5 70.7916666666667 1.1625 45.875 100.083333333333 7.20833333333333 "郊区环境评价点" 116.663 39.886
"通州" 20160822 50.0416666666667 81.8333333333333 1.1375 32.9166666666667 124.583333333333 4.875 "郊区环境评价点" 116.663 39.886
"通州" 20160203 48.25 82.2083333333333 1.275 152.583333333333 15.75 26.7083333333333 "郊区环境评价点" 116.663 39.886
"通州" 20160208 266.333333333333 306.5 1.1125 133.208333333333 43.2083333333333 72.9166666666667 "郊区环境评价点" 116.663 39.886
"通州" 20160210 116.875 102.208333333333 2.80833333333333 153.583333333333 23.3333333333333 64.0833333333333 "郊区环境评价点" 116.663 39.886
"通州" 20160310 9.625 34.2916666666667 0.433333333333333 8.41666666666667 55.0952380952381 4.625 "郊区环境评价点" 116.663 39.886
"通州" 20160216 5.25 59.4583333333333 0.3875 37.3333333333333 80.2916666666667 4.58333333333333 "郊区环境评价点" 116.663 39.886
"通州" 20160212 175.375 219.166666666667 2.58333333333333 82.5 26.2083333333333 35.0416666666667 "郊区环境评价点" 116.663 39.886
"通州" 20160811 73.6666666666667 101.916666666667 0.9375 24.125 110.5 3.75 "郊区环境评价点" 116.663 39.886
"通州" 20160309 10.8260869565217 24.3809523809524 0.38695652173913 8.85 56.0869565217391 3.73913043478261 "郊区环境评价点" 116.663 39.886
"通州" 20160215 6.33333333333333 32.4166666666667 0.595833333333333 30.5833333333333 61.625 4.16666666666667 "郊区环境评价点" 116.663 39.886
"通州" 20160219 15.625 34.9166666666667 0.616666666666667 30.4166666666667 50.6666666666667 8.25 "郊区环境评价点" 116.663 39.886
"通州" 20160218 16.9130434782609 57.695652173913 0.478260869565217 25.6521739130435 67.3478260869565 8.95652173913044 "郊区环境评价点" 116.663 39.886
"通州" 20160311 21.2916666666667 51.9583333333333 0.595833333333333 27.875 42.1666666666667 8.45833333333333 "郊区环境评价点" 116.663 39.886
"通州" 20160217 46.8333333333333 46.5833333333333 1.275 57.0869565217391 53.5833333333333 24.8333333333333 "郊区环境评价点" 116.663 39.886
