"植物园" 20160122 9.91666666666667 86.25 0.595833333333333 7.83333333333333 75.25 4.29166666666667 "城区环境评价点" 116.207 40.002
"植物园" 20160129 58.0833333333333 101.083333333333 1.6625 53.0833333333333 24.5416666666667 35.4583333333333 "城区环境评价点" 116.207 40.002
"植物园" 20160128 107.916666666667 146.875 2 76.75 22.25 47.6666666666667 "城区环境评价点" 116.207 40.002
"植物园" 20160101 138.541666666667 129.416666666667 3.59166666666667 112.041666666667 8.79166666666667 31.4166666666667 "城区环境评价点" 116.207 40.002
"植物园" 20160130 58.2083333333333 76.4166666666667 1.65 55.9166666666667 24.25 30.75 "城区环境评价点" 116.207 40.002
"植物园" 20160121 113.041666666667 136.375 2.79583333333333 77.0416666666667 11.4166666666667 32.375 "城区环境评价点" 116.207 40.002
"植物园" 20160428 67.1904761904762 93.4583333333333 0.9875 30.75 94.6666666666667 6 "城区环境评价点" 116.207 40.002
"植物园" 20160125 8.04545454545454 30.3333333333333 0.445833333333333 23.25 54.3478260869565 16.5416666666667 "城区环境评价点" 116.207 40.002
"植物园" 20160429 102.75 96.2916666666667 1.1375 56.2916666666667 96.625 12.8333333333333 "城区环境评价点" 116.207 40.002
"植物园" 20160127 59.9 53 1.625 65.35 22.05 35.05 "城区环境评价点" 116.207 40.002
"植物园" 20160426 108.666666666667 128.5 1.39583333333333 43.3333333333333 89.9583333333333 20.375 "城区环境评价点" 116.207 40.002
"植物园" 20160123 4.375 28.6666666666667 0.675 6.20833333333333 64.3333333333333 2.16666666666667 "城区环境评价点" 116.207 40.002
"植物园" 20160227 19.2083333333333 45.4166666666667 0.533333333333333 23.9166666666667 59.625 9.08333333333333 "城区环境评价点" 116.207 40.002
"植物园" 20160513 19.625 32.75 0.7 23.8333333333333 76.5833333333333 4.54166666666667 "城区环境评价点" 116.207 40.002
"植物园" 20160103 262.375 291.375 4.4875 106.833333333333 12.125 19.875 "城区环境评价点" 116.207 40.002
"植物园" 20160120 75.5 79.875 2.74166666666667 78.6086956521739 8.79166666666667 47.0833333333333 "城区环境评价点" 116.207 40.002
"植物园" 20160108 13.8333333333333 23.0833333333333 0.658333333333333 24.1739130434783 46.4583333333333 9 "城区环境评价点" 116.207 40.002
"植物园" 20160312 101.833333333333 81.9166666666667 1.55833333333333 81.0833333333333 24.375 33.4166666666667 "城区环境评价点" 116.207 40.002
"植物园" 20160427 71.625 118.086956521739 0.929166666666667 40.5833333333333 45.7916666666667 4.29166666666667 "城区环境评价点" 116.207 40.002
"植物园" 20160603 78.5217391304348 84.0869565217391 1.28181818181818 48.1304347826087 134.304347826087 14.0434782608696 "城区环境评价点" 116.207 40.002
"植物园" 20160124 5.63636363636364 38.625 0.291666666666667 7.45833333333333 66 6.625 "城区环境评价点" 116.207 40.002
"植物园" 20160424 93.3333333333333 78.2916666666667 0.883333333333333 48.9166666666667 71.8333333333333 16.2916666666667 "城区环境评价点" 116.207 40.002
"植物园" 20160220 11.4583333333333 28.8695652173913 0.445833333333333 7.125 73.3333333333333 3.33333333333333 "城区环境评价点" 116.207 40.002
"植物园" 20160104 25.3333333333333 166.782608695652 0.854166666666667 25.7083333333333 52.125 6.625 "城区环境评价点" 116.207 40.002
"植物园" 20160126 15.7826086956522 31.25 0.4375 14.0416666666667 68.25 14.1666666666667 "城区环境评价点" 116.207 40.002
"植物园" 20160210 73.6666666666667 74.5 2.17083333333333 54 45.7083333333333 43.875 "城区环境评价点" 116.207 40.002
"植物园" 20160423 27.1739130434783 54.5652173913044 0.356521739130435 23.0434782608696 71.2173913043478 2.17391304347826 "城区环境评价点" 116.207 40.002
"植物园" 20160322 99.75 151.458333333333 1.22083333333333 61.625 49.0833333333333 22.625 "城区环境评价点" 116.207 40.002
"植物园" 20160224 22.8695652173913 29.7391304347826 0.595652173913043 23.0434782608696 56.8695652173913 12.3478260869565 "城区环境评价点" 116.207 40.002
"植物园" 20160425 75.7222222222222 124.333333333333 0.716666666666667 35.3333333333333 96.875 9.45833333333333 "城区环境评价点" 116.207 40.002
"植物园" 20160826 4.33333333333333 23.2916666666667 0.183333333333333 12.625 71.3333333333333 4.625 "城区环境评价点" 116.207 40.002
"植物园" 20160302 152.25 187.75 2.18333333333333 101.291666666667 33.4583333333333 30.0833333333333 "城区环境评价点" 116.207 40.002
"植物园" 20160502 47.9583333333333 139.458333333333 0.245833333333333 6.45833333333333 81.5416666666667 2.125 "城区环境评价点" 116.207 40.002
"植物园" 20161117 87.9166666666667 112.541666666667 2.21666666666667 61.9583333333333 4 5.25 "城区环境评价点" 116.207 40.002
"植物园" 20160102 178.041666666667 216.260869565217 3.56666666666667 125.625 10 24.625 "城区环境评价点" 116.207 40.002
"植物园" 20160514 36.25 56.4583333333333 0.404166666666667 23.9166666666667 57.0416666666667 2.91666666666667 "城区环境评价点" 116.207 40.002
"植物园" 20160323 16.125 89.25 0.416666666666667 16.0416666666667 70.6666666666667 3.08333333333333 "城区环境评价点" 116.207 40.002
"植物园" 20160624 11.3333333333333 67 0.256521739130435 7.33333333333333 91.5 2.20833333333333 "城区环境评价点" 116.207 40.002
"植物园" 20160109 45.0833333333333 41.5833333333333 1.59583333333333 64.9583333333333 16.375 22.5416666666667 "城区环境评价点" 116.207 40.002
"植物园" 20160131 10.7083333333333 47.2916666666667 0.533333333333333 13.5416666666667 67.5416666666667 8.33333333333333 "城区环境评价点" 116.207 40.002
"植物园" 20160503 14.7083333333333 66.4583333333333 0.283333333333333 5.625 85.2083333333333 2 "城区环境评价点" 116.207 40.002
"植物园" 20160604 84.9583333333333 123.75 1.13636363636364 27.2916666666667 157.916666666667 10.1666666666667 "城区环境评价点" 116.207 40.002
"植物园" 20160915 49.375 80.7083333333333 0.895454545454546 19.4090909090909 98.4090909090909 6.625 "城区环境评价点" 116.207 40.002
"植物园" 20160527 43.5416666666667 59.5416666666667 0.895833333333333 29.5 121.791666666667 11.125 "城区环境评价点" 116.207 40.002
"植物园" 20160221 61.125 38.5 1.1125 39.25 44.5 22.75 "城区环境评价点" 116.207 40.002
"植物园" 20161127 23.5416666666667 168.333333333333 0.433333333333333 19.8181818181818 50.25 3.375 "城区环境评价点" 116.207 40.002
"植物园" 20160110 32.2083333333333 63.304347826087 1.14166666666667 49.875 29.2916666666667 19.3333333333333 "城区环境评价点" 116.207 40.002
"植物园" 20160228 26.9583333333333 46.0833333333333 0.795833333333333 29.375 49.5416666666667 6.04166666666667 "城区环境评价点" 116.207 40.002
"植物园" 20160107 6.375 25.304347826087 0.4 11.7916666666667 59.0416666666667 8.54166666666667 "城区环境评价点" 116.207 40.002
"植物园" 20160504 17.9166666666667 49.9166666666667 0.85 27.7916666666667 85.4166666666667 3.95833333333333 "城区环境评价点" 116.207 40.002
"植物园" 20160815 NA 37.75 0.520833333333333 14.5833333333333 70.75 4.875 "城区环境评价点" 116.207 40.002
"植物园" 20160906 10.6111111111111 29.8235294117647 0.522222222222222 20.1666666666667 54.7222222222222 5.66666666666667 "城区环境评价点" 116.207 40.002
"植物园" 20160313 19.25 95.4166666666667 0.4875 15.625 74.625 7.5 "城区环境评价点" 116.207 40.002
"植物园" 20161128 44.9166666666667 39.2083333333333 1.375 61.4166666666667 7.625 11.75 "城区环境评价点" 116.207 40.002
"植物园" 20160525 6.33333333333333 34.8888888888889 NA 4.55555555555556 110.222222222222 2 "城区环境评价点" 116.207 40.002
"植物园" 20161118 171.4 160.6 3.67 89.9 3 6.35 "城区环境评价点" 116.207 40.002
"植物园" 20160905 21.0833333333333 65.5416666666667 0.566666666666667 13.8333333333333 84.8333333333333 4.95833333333333 "城区环境评价点" 116.207 40.002
"植物园" 20160601 32.5652173913044 68.6086956521739 0.840909090909091 29.9130434782609 108.304347826087 4.56521739130435 "城区环境评价点" 116.207 40.002
"植物园" 20160105 18.7333333333333 21.1875 0.84375 23.6666666666667 42.0625 4.1875 "城区环境评价点" 116.207 40.002
"植物园" 20160625 16.3478260869565 30.5416666666667 0.170833333333333 12.75 95.875 3.95833333333333 "城区环境评价点" 116.207 40.002
"植物园" 20160211 127.666666666667 149.958333333333 2.5125 49.625 40.75 33.875 "城区环境评价点" 116.207 40.002
"植物园" 20160926 46.3181818181818 120.782608695652 0.8625 19.2916666666667 48.9 2 "城区环境评价点" 116.207 40.002
"植物园" 20160531 71.6666666666667 118.3125 1.22222222222222 29.8125 105.6875 6.8125 "城区环境评价点" 116.207 40.002
"植物园" 20160225 20.5 43.0416666666667 0.575 19.875 60.5416666666667 10.0833333333333 "城区环境评价点" 116.207 40.002
"植物园" 20160501 174.666666666667 201.416666666667 1.7875 31.9166666666667 145.5 13.6666666666667 "城区环境评价点" 116.207 40.002
"植物园" 20160827 6.33333333333333 22.5833333333333 0.35 17 60.2272727272727 4.91666666666667 "城区环境评价点" 116.207 40.002
"植物园" 20160303 257.333333333333 232.75 2.54583333333333 110.5 31.2083333333333 42.75 "城区环境评价点" 116.207 40.002
"植物园" 20160614 28.625 50.0833333333333 0.5875 10.7083333333333 89.0416666666667 2 "城区环境评价点" 116.207 40.002
"植物园" 20160111 11.3913043478261 37.7083333333333 0.566666666666667 13.0416666666667 61.7083333333333 6.79166666666667 "城区环境评价点" 116.207 40.002
"植物园" 20160430 132.75 183.708333333333 1.29166666666667 35.7083333333333 148.291666666667 8.125 "城区环境评价点" 116.207 40.002
"植物园" 20160515 16.9583333333333 46.5416666666667 0.570833333333333 10.1666666666667 57.9166666666667 2 "城区环境评价点" 116.207 40.002
"植物园" 20160324 7.85 24.6818181818182 0.4 8.76190476190476 78.1904761904762 2.68181818181818 "城区环境评价点" 116.207 40.002
"植物园" 20160524 15.375 53.25 0.553846153846154 12.8695652173913 90.125 2.73913043478261 "城区环境评价点" 116.207 40.002
"植物园" 20160529 24.75 62.8333333333333 0.460869565217391 15.8333333333333 122.541666666667 3.54166666666667 "城区环境评价点" 116.207 40.002
"植物园" 20160201 9.45833333333333 23.5 0.516666666666667 13.3333333333333 70.4166666666667 7.04166666666667 "城区环境评价点" 116.207 40.002
"植物园" 20161129 85.0833333333333 83.7916666666667 2.34166666666667 32.8888888888889 3.91666666666667 13.2916666666667 "城区环境评价点" 116.207 40.002
"植物园" 20160605 79.5217391304348 111.086956521739 0.752941176470588 34.1304347826087 147.826086956522 9.17391304347826 "城区环境评价点" 116.207 40.002
"植物园" 20160916 110.125 118.291666666667 1.25416666666667 18.0833333333333 131.166666666667 4.29166666666667 "城区环境评价点" 116.207 40.002
"植物园" 20160528 50.5416666666667 84.0416666666667 0.858333333333333 27.0833333333333 130.958333333333 7.79166666666667 "城区环境评价点" 116.207 40.002
"植物园" 20160222 65.2083333333333 118.565217391304 1.05416666666667 34.875 53.9166666666667 14.375 "城区环境评价点" 116.207 40.002
"植物园" 20160817 21.65 53.9166666666667 0.858333333333333 37.4166666666667 26.6666666666667 5.33333333333333 "城区环境评价点" 116.207 40.002
"植物园" 20160626 39.5416666666667 63.4166666666667 0.458333333333333 30.6666666666667 134 6.66666666666667 "城区环境评价点" 116.207 40.002
"植物园" 20160229 34.9166666666667 34.8333333333333 0.7625 33.75 49.5833333333333 11.875 "城区环境评价点" 116.207 40.002
"植物园" 20160413 88.1666666666667 121.708333333333 0.6375 51.2916666666667 57.2083333333333 4.16666666666667 "城区环境评价点" 116.207 40.002
"植物园" 20160505 46.375 57.5833333333333 0.8125 37.9583333333333 84.7916666666667 11.5 "城区环境评价点" 116.207 40.002
"植物园" 20160816 3 43.6666666666667 0.616666666666667 18.0833333333333 82.75 5.33333333333333 "城区环境评价点" 116.207 40.002
"植物园" 20160907 34.7692307692308 70.25 0.75 30.5 101.5 8.21428571428571 "城区环境评价点" 116.207 40.002
"植物园" 20160314 47.1578947368421 50.2608695652174 1.14285714285714 52.85 40.1304347826087 15.9565217391304 "城区环境评价点" 116.207 40.002
"植物园" 20160412 75.0416666666667 99.4166666666667 0.570833333333333 56.6666666666667 39.1666666666667 3.41666666666667 "城区环境评价点" 116.207 40.002
"植物园" 20160526 12.6363636363636 33.9090909090909 0.545454545454545 9.36363636363636 115.7 7.90909090909091 "城区环境评价点" 116.207 40.002
"植物园" 20161119 109.333333333333 192 1.6 49.25 26.125 4.79166666666667 "城区环境评价点" 116.207 40.002
"植物园" 20160928 10.7391304347826 20 0.3125 15.7083333333333 50.0833333333333 2.20833333333333 "城区环境评价点" 116.207 40.002
"植物园" 20160602 43.15 83.15 0.9 29.55 160.95 7.3 "城区环境评价点" 116.207 40.002
"植物园" 20160106 17.0416666666667 41.7916666666667 0.683333333333333 26.25 42.5416666666667 11.9166666666667 "城区环境评价点" 116.207 40.002
"植物园" 20160807 13 61.2 0.621739130434783 6.1304347826087 95 5.17391304347826 "城区环境评价点" 116.207 40.002
"植物园" 20160212 128.5 155.708333333333 1.9875 43.6666666666667 45.9166666666667 10.5833333333333 "城区环境评价点" 116.207 40.002
"植物园" 20160927 18.5833333333333 52.0833333333333 0.5625 11.25 55.375 2.125 "城区环境评价点" 116.207 40.002
"植物园" 20160616 25.5 46.25 0.529166666666667 29.875 86.5 2.45833333333333 "城区环境评价点" 116.207 40.002
"植物园" 20160226 33.2916666666667 41.875 0.645833333333333 22.4166666666667 65.125 12.7083333333333 "城区环境评价点" 116.207 40.002
"植物园" 20160806 86.7826086956522 100.047619047619 0.960869565217391 16.5217391304348 109.608695652174 5.1304347826087 "城区环境评价点" 116.207 40.002
"植物园" 20160828 5.20833333333333 24.75 0.320833333333333 13.7916666666667 71.8333333333333 6.125 "城区环境评价点" 116.207 40.002
"植物园" 20160304 299.708333333333 370.25 3.2875 92.7083333333333 34.1666666666667 30.625 "城区环境评价点" 116.207 40.002
"植物园" 20160615 17 42.7916666666667 0.479166666666667 16.375 107.833333333333 2 "城区环境评价点" 116.207 40.002
"植物园" 20160112 9.05 26.0434782608696 0.504166666666667 10.9166666666667 65.2916666666667 8.91666666666667 "城区环境评价点" 116.207 40.002
"植物园" 20160805 58.8235294117647 95 0.905882352941176 15 122.705882352941 5.88235294117647 "城区环境评价点" 116.207 40.002
"植物园" 20160516 15.3333333333333 31.75 0.7125 23.6666666666667 80 2.29166666666667 "城区环境评价点" 116.207 40.002
"植物园" 20160325 8.95454545454546 25.6190476190476 0.395454545454545 11.2857142857143 80.0909090909091 3.5 "城区环境评价点" 116.207 40.002
"植物园" 20160918 14.0833333333333 35.6818181818182 0.529166666666667 12.4782608695652 37.2916666666667 3.25 "城区环境评价点" 116.207 40.002
"植物园" 20160530 79.9545454545455 99.4545454545455 1.32 39.2727272727273 174.090909090909 13.3181818181818 "城区环境评价点" 116.207 40.002
"植物园" 20160202 22.5416666666667 23.4583333333333 0.808333333333333 33.75 50.8333333333333 14.125 "城区环境评价点" 116.207 40.002
"植物园" 20161130 92.8947368421053 133.631578947368 2.24210526315789 21.25 6.33333333333333 6.36842105263158 "城区环境评价点" 116.207 40.002
"植物园" 20160606 81.6666666666667 107 0.81304347826087 32.0416666666667 145.291666666667 5.25 "城区环境评价点" 116.207 40.002
"植物园" 20160917 33.5833333333333 95.2916666666667 0.825 21.3333333333333 34.0416666666667 2.20833333333333 "城区环境评价点" 116.207 40.002
"植物园" 20160415 48.4583333333333 68.2916666666667 0.916666666666667 61.125 48.7916666666667 12.5416666666667 "城区环境评价点" 116.207 40.002
"植物园" 20160223 8.59090909090909 36.5416666666667 0.31304347826087 6.1304347826087 78.3478260869565 5.41666666666667 "城区环境评价点" 116.207 40.002
"植物园" 20160818 50.625 71.1666666666667 1.55416666666667 17.4166666666667 47.2083333333333 4.91666666666667 "城区环境评价点" 116.207 40.002
"植物园" 20160627 58.2083333333333 73.2083333333333 0.758333333333333 32.1666666666667 103.75 5.79166666666667 "城区环境评价点" 116.207 40.002
"植物园" 20160301 112 100.5 1.63333333333333 80.2916666666667 31.6666666666667 30.875 "城区环境评价点" 116.207 40.002
"植物园" 20160414 31.7391304347826 90.2727272727273 0.391304347826087 24.0869565217391 79.4782608695652 3.21739130434783 "城区环境评价点" 116.207 40.002
"植物园" 20160506 53.7916666666667 163.625 0.216666666666667 2.29166666666667 89.5 2 "城区环境评价点" 116.207 40.002
"植物园" 20161106 59.1666666666667 135 0.9375 42.875 28.5416666666667 5 "城区环境评价点" 116.207 40.002
"植物园" 20160908 7.21739130434783 41.1739130434783 0.443478260869565 17.1739130434783 59.8260869565217 4.65217391304348 "城区环境评价点" 116.207 40.002
"植物园" 20160315 123 106.9 1.555 69.45 28.95 37.6 "城区环境评价点" 116.207 40.002
"植物园" 20160718 113.583333333333 118.666666666667 1.1875 38.6666666666667 90.5416666666667 2 "城区环境评价点" 116.207 40.002
"植物园" 20160725 66.9230769230769 94.3 0.534782608695652 33.3913043478261 57.2608695652174 2.8695652173913 "城区环境评价点" 116.207 40.002
"植物园" 20161120 48.65 112.5 1.35238095238095 34.1428571428571 9.61904761904762 2.04545454545455 "城区环境评价点" 116.207 40.002
"植物园" 20160929 38.7083333333333 36.3333333333333 0.579166666666667 38.3333333333333 53.7083333333333 4.5 "城区环境评价点" 116.207 40.002
"植物园" 20160405 106.083333333333 111.041666666667 0.741666666666667 42.2083333333333 92.0833333333333 15.1666666666667 "城区环境评价点" 116.207 40.002
"植物园" 20161006 69.7083333333333 85.2916666666667 1.69583333333333 43.125 2.91666666666667 2.04166666666667 "城区环境评价点" 116.207 40.002
"植物园" 20160808 27.6111111111111 35.7058823529412 0.75 13.8888888888889 90.3333333333333 5.88888888888889 "城区环境评价点" 116.207 40.002
"植物园" 20160213 10.0416666666667 98.75 0.416666666666667 4.75 69.2916666666667 2.875 "城区环境评价点" 116.207 40.002
"植物园" 20161211 125.416666666667 97.6521739130435 2.64166666666667 89.3333333333333 4.45833333333333 15.4583333333333 "城区环境评价点" 116.207 40.002
"植物园" 20160617 20.4782608695652 39.8695652173913 0.452173913043478 23.6521739130435 80.7826086956522 3.43478260869565 "城区环境评价点" 116.207 40.002
"植物园" 20161218 191.958333333333 215.458333333333 2.96666666666667 95.125 14.2916666666667 13.2916666666667 "城区环境评价点" 116.207 40.002
"植物园" 20161027 24 57 0.766666666666667 41.75 6.66666666666667 2 "城区环境评价点" 116.207 40.002
"植物园" 20160829 12.3333333333333 34.25 0.508333333333333 23.4166666666667 85.3333333333333 6.875 "城区环境评价点" 116.207 40.002
"植物园" 20160305 62.2916666666667 350.916666666667 0.379166666666667 8.79166666666667 76.5 2.375 "城区环境评价点" 116.207 40.002
"植物园" 20160708 93.6666666666667 127.875 1.18333333333333 28.875 107.833333333333 2.375 "城区环境评价点" 116.207 40.002
"植物园" 20160113 14.6 27.6666666666667 0.65 24.125 57.3333333333333 15.0416666666667 "城区环境评价点" 116.207 40.002
"植物园" 20160715 29.5 46.875 0.616666666666667 15 69.4583333333333 2 "城区环境评价点" 116.207 40.002
"植物园" 20160517 49.125 68.2083333333333 0.879166666666667 29.2083333333333 130.208333333333 10.875 "城区环境评价点" 116.207 40.002
"植物园" 20160326 7.5 27.6666666666667 0.2375 5.625 86.7083333333333 2.45833333333333 "城区环境评价点" 116.207 40.002
"植物园" 20160919 5.33333333333333 18.4166666666667 0.295833333333333 17.4166666666667 54.4583333333333 2 "城区环境评价点" 116.207 40.002
"植物园" 20160402 9.04166666666667 50.8333333333333 0.2875 13.1666666666667 70.7916666666667 2 "城区环境评价点" 116.207 40.002
"植物园" 20160203 23.8695652173913 36.5833333333333 0.85 32.875 49.875 16.8333333333333 "城区环境评价点" 116.207 40.002
"植物园" 20161201 71.5 29.5 1.325 38.75 30.5 5.75 "城区环境评价点" 116.207 40.002
"植物园" 20160607 52.4583333333333 93.75 0.694444444444444 18 113.666666666667 2 "城区环境评价点" 116.207 40.002
"植物园" 20161208 78.125 157.347826086957 1.4375 41.5833333333333 40.9166666666667 3.875 "城区环境评价点" 116.207 40.002
"植物园" 20160416 20.0416666666667 70 0.204166666666667 6.54166666666667 75.8333333333333 2.29166666666667 "城区环境评价点" 116.207 40.002
"植物园" 20161017 36.4090909090909 89.7727272727273 0.631818181818182 42.7272727272727 24.1818181818182 2.22727272727273 "城区环境评价点" 116.207 40.002
"植物园" 20160819 10.375 41.2083333333333 0.891666666666667 11.4583333333333 89.6666666666667 5.125 "城区环境评价点" 116.207 40.002
"植物园" 20160628 65.625 82.5416666666667 0.745833333333333 19.75 68.25 2 "城区环境评价点" 116.207 40.002
"植物园" 20161222 31.4090909090909 237 0.770833333333333 23.3333333333333 55.5833333333333 2.29166666666667 "城区环境评价点" 116.207 40.002
"植物园" 20160705 90.7916666666667 129.708333333333 1.04583333333333 26.125 121.333333333333 2.08333333333333 "城区环境评价点" 116.207 40.002
"植物园" 20160507 12.6666666666667 44.8333333333333 0.295833333333333 7.33333333333333 97.5 2.66666666666667 "城区环境评价点" 116.207 40.002
"植物园" 20161107 28.2083333333333 63.25 0.5 20.9583333333333 34.875 2.29166666666667 "城区环境评价点" 116.207 40.002
"植物园" 20160909 8.39130434782609 27.4166666666667 0.466666666666667 20.9166666666667 52.3333333333333 6 "城区环境评价点" 116.207 40.002
"植物园" 20160316 229.083333333333 227.625 2.05833333333333 83.7916666666667 57.7916666666667 37.125 "城区环境评价点" 116.207 40.002
"植物园" 20160719 88.5 141.208333333333 1.23333333333333 31.5217391304348 60.125 2.125 "城区环境评价点" 116.207 40.002
"植物园" 20160726 12.9583333333333 40.5 0.425 12.3333333333333 72.4583333333333 2.66666666666667 "城区环境评价点" 116.207 40.002
"植物园" 20161121 9.70833333333333 32.2916666666667 0.291666666666667 7.04166666666667 50.8333333333333 2.16666666666667 "城区环境评价点" 116.207 40.002
"植物园" 20160930 79.3333333333333 83.4583333333333 0.840909090909091 41.5909090909091 80.4166666666667 3.75 "城区环境评价点" 116.207 40.002
"植物园" 20160406 122 129.652173913043 1.675 59.3333333333333 65 24.875 "城区环境评价点" 116.207 40.002
"植物园" 20161007 27.375 64.0416666666667 1.4875 34.625 13.875 2 "城区环境评价点" 116.207 40.002
"植物园" 20160809 42.6666666666667 84.3333333333333 1.21111111111111 19.5 181.666666666667 12 "城区环境评价点" 116.207 40.002
"植物园" 20160214 7.04166666666667 24.3333333333333 0.533333333333333 3.25 76.0416666666667 2.125 "城区环境评价点" 116.207 40.002
"植物园" 20161212 191.263157894737 217.736842105263 2.38947368421053 98.2631578947368 7.63157894736842 21.1578947368421 "城区环境评价点" 116.207 40.002
"植物园" 20160618 34.9565217391304 67.6086956521739 0.595652173913043 27.7826086956522 129.391304347826 4.30434782608696 "城区环境评价点" 116.207 40.002
"植物园" 20161219 181 246.083333333333 3.12083333333333 99.7083333333333 10.9583333333333 12.5416666666667 "城区环境评价点" 116.207 40.002
"植物园" 20161028 7.33333333333333 30.625 0.2625 8.83333333333333 47.0416666666667 2.16666666666667 "城区环境评价点" 116.207 40.002
"植物园" 20160830 19.8333333333333 58.6666666666667 0.7375 25.6666666666667 115.291666666667 6.29166666666667 "城区环境评价点" 116.207 40.002
"植物园" 20160306 60.5833333333333 129.041666666667 1.15416666666667 51.1666666666667 33.8333333333333 21.0416666666667 "城区环境评价点" 116.207 40.002
"植物园" 20160709 88.625 126.333333333333 0.979166666666667 21.4166666666667 128.833333333333 2 "城区环境评价点" 116.207 40.002
"植物园" 20160114 49.5217391304348 47.4166666666667 0.920833333333333 40.4166666666667 46.75 19.5833333333333 "城区环境评价点" 116.207 40.002
"植物园" 20160716 22.4166666666667 34.5 0.65 12.8333333333333 63.9583333333333 2.70833333333333 "城区环境评价点" 116.207 40.002
"植物园" 20160518 59.0833333333333 84.1666666666667 0.75 24.9166666666667 126.375 9.58333333333333 "城区环境评价点" 116.207 40.002
"植物园" 20160327 10.5416666666667 28.9583333333333 0.291666666666667 17.7916666666667 76.0833333333333 2.91666666666667 "城区环境评价点" 116.207 40.002
"植物园" 20160920 11.125 22.625 0.425 29.2916666666667 46.4166666666667 2.33333333333333 "城区环境评价点" 116.207 40.002
"植物园" 20160403 23.375 32.7058823529412 0.3 15.7058823529412 68.8235294117647 2.05882352941176 "城区环境评价点" 116.207 40.002
"植物园" 20160204 10.4166666666667 28.9166666666667 0.4 9.625 77.0416666666667 8 "城区环境评价点" 116.207 40.002
"植物园" 20161202 72.4583333333333 69.2916666666667 1.95416666666667 74.4583333333333 6.70833333333333 9.79166666666667 "城区环境评价点" 116.207 40.002
"植物园" 20160608 105.631578947368 101.736842105263 1.025 22.8421052631579 115.631578947368 2.05263157894737 "城区环境评价点" 116.207 40.002
"植物园" 20161209 17.5652173913043 40.2857142857143 0.569565217391304 27.8695652173913 33.3913043478261 5.78260869565217 "城区环境评价点" 116.207 40.002
"植物园" 20160417 7.875 39.6190476190476 0.208333333333333 3.66666666666667 92.2916666666667 2 "城区环境评价点" 116.207 40.002
"植物园" 20161018 90.4285714285714 56.5714285714286 1.41428571428571 55.5714285714286 3 2.28571428571429 "城区环境评价点" 116.207 40.002
"植物园" 20160820 41 54.2916666666667 1.0625 19.6666666666667 106.25 5.33333333333333 "城区环境评价点" 116.207 40.002
"植物园" 20160629 105.875 114.541666666667 0.945833333333333 18.6666666666667 100.708333333333 2 "城区环境评价点" 116.207 40.002
"植物园" 20161223 34.1666666666667 35.9375 0.922222222222222 42 18.0555555555556 5.22222222222222 "城区环境评价点" 116.207 40.002
"植物园" 20160706 80.5416666666667 120.583333333333 0.958333333333333 24.2083333333333 145.583333333333 2.20833333333333 "城区环境评价点" 116.207 40.002
"植物园" 20160508 50.2916666666667 64.5416666666667 0.6875 31.9166666666667 83.125 11.0416666666667 "城区环境评价点" 116.207 40.002
"植物园" 20161108 31.1818181818182 25.3333333333333 0.878260869565217 34.304347826087 22.75 3.75 "城区环境评价点" 116.207 40.002
"植物园" 20160910 8.29166666666667 29.6666666666667 0.454166666666667 20.9166666666667 73.125 7.70833333333333 "城区环境评价点" 116.207 40.002
"植物园" 20160317 310.25 335.625 2.1 88.2916666666667 62.125 23.2083333333333 "城区环境评价点" 116.207 40.002
"植物园" 20160720 29.5 83.875 0.733333333333333 7.79166666666667 67.0833333333333 2.54166666666667 "城区环境评价点" 116.207 40.002
"植物园" 20160727 32.7727272727273 71.0833333333333 0.608333333333333 14.9583333333333 134.958333333333 2.875 "城区环境评价点" 116.207 40.002
"植物园" 20161122 7.52173913043478 23.7083333333333 0.2 7.34782608695652 53.125 2.33333333333333 "城区环境评价点" 116.207 40.002
"植物园" 20161001 130.846153846154 130.076923076923 1.29230769230769 51.0769230769231 45.9230769230769 4.61538461538461 "城区环境评价点" 116.207 40.002
"植物园" 20160407 64.0833333333333 171.583333333333 0.633333333333333 18.4583333333333 73.5 3.875 "城区环境评价点" 116.207 40.002
"植物园" 20161008 7 24 0.3 7.95833333333333 49.3181818181818 2 "城区环境评价点" 116.207 40.002
"植物园" 20160810 83.75 79.9166666666667 1.14166666666667 16.1666666666667 154.583333333333 7.66666666666667 "城区环境评价点" 116.207 40.002
"植物园" 20160215 7.40909090909091 28.375 0.3125 2.54545454545455 79.3478260869565 2.91666666666667 "城区环境评价点" 116.207 40.002
"植物园" 20161213 59.1739130434783 178.565217391304 1.09130434782609 48.1739130434783 25.304347826087 5.56521739130435 "城区环境评价点" 116.207 40.002
"植物园" 20160619 51.8333333333333 80 0.658333333333333 29.75 142.083333333333 4.54166666666667 "城区环境评价点" 116.207 40.002
"植物园" 20161220 276 250.521739130435 6.7 127.958333333333 6.70833333333333 6.45833333333333 "城区环境评价点" 116.207 40.002
"植物园" 20161029 17 22.125 0.4625 28.7083333333333 29 4.95833333333333 "城区环境评价点" 116.207 40.002
"植物园" 20160831 9.20833333333333 46.7083333333333 0.4 14.2083333333333 79.5833333333333 5.95833333333333 "城区环境评价点" 116.207 40.002
"植物园" 20160307 29.7916666666667 101.75 0.595833333333333 17.0833333333333 68.7083333333333 7.41666666666667 "城区环境评价点" 116.207 40.002
"植物园" 20160710 94.0909090909091 126.391304347826 0.7625 24 116.291666666667 4.5 "城区环境评价点" 116.207 40.002
"植物园" 20160115 46.9166666666667 66.5833333333333 1.62916666666667 69.375 19.4166666666667 25.75 "城区环境评价点" 116.207 40.002
"植物园" 20160717 60.2916666666667 71.875 1.025 23.5416666666667 131.25 2 "城区环境评价点" 116.207 40.002
"植物园" 20160519 78.4166666666667 103.833333333333 0.966666666666667 27.0833333333333 152.708333333333 9.95833333333333 "城区环境评价点" 116.207 40.002
"植物园" 20160328 53.5454545454545 68.0833333333333 0.520833333333333 57.7916666666667 46.6666666666667 9.08333333333333 "城区环境评价点" 116.207 40.002
"植物园" 20160921 51.5416666666667 52.9583333333333 0.8125 55.125 30.625 4.54166666666667 "城区环境评价点" 116.207 40.002
"植物园" 20160404 74 72.5 0.45 27 107.5 12.8333333333333 "城区环境评价点" 116.207 40.002
"植物园" 20160205 7.54166666666667 27.2083333333333 0.341666666666667 3.70833333333333 84.5416666666667 3.29166666666667 "城区环境评价点" 116.207 40.002
"植物园" 20161203 117.916666666667 121.333333333333 2.62083333333333 90.0416666666667 5.41666666666667 12.9583333333333 "城区环境评价点" 116.207 40.002
"植物园" 20160609 104.529411764706 187.5625 1.1 20.1764705882353 161.941176470588 6.64705882352941 "城区环境评价点" 116.207 40.002
"植物园" 20161210 40.25 44.7083333333333 1.42083333333333 62.125 6.45833333333333 9.29166666666667 "城区环境评价点" 116.207 40.002
"植物园" 20160418 9.8 30.1111111111111 0.275 7.35 92.75 2.4 "城区环境评价点" 116.207 40.002
"植物园" 20161019 207 211.333333333333 2.00833333333333 65.25 38.8333333333333 4.66666666666667 "城区环境评价点" 116.207 40.002
"植物园" 20160821 41.9583333333333 80.2083333333333 0.9625 20.2083333333333 132.708333333333 5.625 "城区环境评价点" 116.207 40.002
"植物园" 20160630 69.75 127.375 0.766666666666667 18.125 114.625 2.125 "城区环境评价点" 116.207 40.002
"植物园" 20161224 108.875 94.75 2.20416666666667 79.7083333333333 5.41666666666667 14.4583333333333 "城区环境评价点" 116.207 40.002
"植物园" 20160707 106.041666666667 116.166666666667 1.23333333333333 27.9583333333333 158.333333333333 2.75 "城区环境评价点" 116.207 40.002
"植物园" 20160509 28.2916666666667 70.2083333333333 0.5 18.25 69.875 3.125 "城区环境评价点" 116.207 40.002
"植物园" 20161109 127.791666666667 99.5833333333333 2.26666666666667 84.125 2.83333333333333 6.16666666666667 "城区环境评价点" 116.207 40.002
"植物园" 20160911 24.625 47.8333333333333 0.8 23.0833333333333 82.8333333333333 4.95833333333333 "城区环境评价点" 116.207 40.002
"植物园" 20160318 188.083333333333 332.791666666667 1.31666666666667 53.25 69.4166666666667 11.625 "城区环境评价点" 116.207 40.002
"植物园" 20160721 16.4166666666667 21.7083333333333 0.745833333333333 7.75 57.3333333333333 2.79166666666667 "城区环境评价点" 116.207 40.002
"植物园" 20160728 48.375 71.8333333333333 0.6875 8.79166666666667 93.6666666666667 2.70833333333333 "城区环境评价点" 116.207 40.002
"植物园" 20161123 12.1666666666667 33.625 0.466666666666667 17.0833333333333 40 5.79166666666667 "城区环境评价点" 116.207 40.002
"植物园" 20161002 156.538461538462 213.923076923077 1.34615384615385 44.0769230769231 87.9230769230769 5.30769230769231 "城区环境评价点" 116.207 40.002
"植物园" 20160408 16.9545454545455 51.4583333333333 0.420833333333333 18.1739130434783 81.5 3.58333333333333 "城区环境评价点" 116.207 40.002
"植物园" 20161009 20.75 25.5 0.4875 34.7083333333333 17.7083333333333 2.20833333333333 "城区环境评价点" 116.207 40.002
"植物园" 20160811 98.7083333333333 115.708333333333 1.15833333333333 21.6666666666667 92.125 5 "城区环境评价点" 116.207 40.002
"植物园" 20160216 6.70833333333333 45.2083333333333 0.216666666666667 2.83333333333333 85.4166666666667 4.16666666666667 "城区环境评价点" 116.207 40.002
"植物园" 20161214 22.6086956521739 33.0869565217391 0.760869565217391 34.4347826086956 31.5217391304348 5.47826086956522 "城区环境评价点" 116.207 40.002
"植物园" 20160620 97.2083333333333 109.458333333333 1.01666666666667 25.875 138.083333333333 3.70833333333333 "城区环境评价点" 116.207 40.002
"植物园" 20161221 352.875 391.083333333333 8.12083333333333 142.333333333333 6.29166666666667 8.41666666666667 "城区环境评价点" 116.207 40.002
"植物园" 20161030 30 53.375 0.6375 35.5416666666667 24.25 3.75 "城区环境评价点" 116.207 40.002
"植物园" 20160901 5.45833333333333 31.9583333333333 0.291666666666667 17.1666666666667 62.25 5.91666666666667 "城区环境评价点" 116.207 40.002
"植物园" 20160308 11.3888888888889 32.4285714285714 0.427777777777778 9.66666666666667 73.6666666666667 4.16666666666667 "城区环境评价点" 116.207 40.002
"植物园" 20160711 80.0833333333333 106.083333333333 0.683333333333333 28.4166666666667 120.166666666667 2.04166666666667 "城区环境评价点" 116.207 40.002
"植物园" 20160116 108.916666666667 115.375 2.52083333333333 76.2083333333333 9.625 34.2916666666667 "城区环境评价点" 116.207 40.002
"植物园" 20161113 83.5 90.125 1.8625 64.75 2.83333333333333 2.875 "城区环境评价点" 116.207 40.002
"植物园" 20160520 89.875 115.333333333333 1.50416666666667 37.4166666666667 153.5 16.0416666666667 "城区环境评价点" 116.207 40.002
"植物园" 20160329 15.6666666666667 93.2380952380952 0.221739130434783 19.8695652173913 74.5217391304348 2.95652173913043 "城区环境评价点" 116.207 40.002
"植物园" 20160922 75.4166666666667 92.0416666666667 0.933333333333333 20.2916666666667 86.4166666666667 5.58333333333333 "城区环境评价点" 116.207 40.002
"植物园" 20160801 76.3333333333333 95.0416666666667 0.904347826086957 11.2380952380952 155.85 3.70833333333333 "城区环境评价点" 116.207 40.002
"植物园" 20160206 11.3333333333333 29.2083333333333 0.504166666666667 9.16666666666667 75.625 6.29166666666667 "城区环境评价点" 116.207 40.002
"植物园" 20161204 164.291666666667 211.25 2.86666666666667 84.4583333333333 16.9166666666667 9.83333333333333 "城区环境评价点" 116.207 40.002
"植物园" 20160610 38.3333333333333 92.7916666666667 NA 10.8333333333333 127.083333333333 2 "城区环境评价点" 116.207 40.002
"植物园" 20161013 106.4 109.826086956522 1.25217391304348 38 42.2608695652174 2.52173913043478 "城区环境评价点" 116.207 40.002
"植物园" 20160419 70.7368421052632 62.7647058823529 1.31052631578947 69.3157894736842 31.7894736842105 18.3684210526316 "城区环境评价点" 116.207 40.002
"植物园" 20161020 75.9583333333333 188.708333333333 1.25416666666667 36.375 22.0416666666667 2.54166666666667 "城区环境评价点" 116.207 40.002
"植物园" 20160822 38.875 62.625 0.954166666666667 21.7083333333333 105.041666666667 7.04166666666667 "城区环境评价点" 116.207 40.002
"植物园" 20160701 13.9545454545455 55.9166666666667 0.4375 11.0833333333333 97.5833333333333 2 "城区环境评价点" 116.207 40.002
"植物园" 20161225 126.307692307692 168.307692307692 2.26923076923077 85.8461538461538 5.69230769230769 19.6153846153846 "城区环境评价点" 116.207 40.002
"植物园" 20161103 143.04347826087 130.869565217391 2.08260869565217 95.8695652173913 3.95652173913043 5.04347826086957 "城区环境评价点" 116.207 40.002
"植物园" 20160510 34.125 53.5833333333333 0.583333333333333 6.29166666666667 99.25 2.70833333333333 "城区环境评价点" 116.207 40.002
"植物园" 20161110 127.708333333333 210.416666666667 1.84583333333333 55.1666666666667 24.2083333333333 4.20833333333333 "城区环境评价点" 116.207 40.002
"植物园" 20160912 32.3333333333333 41.9375 0.8875 24 53 4.625 "城区环境评价点" 116.207 40.002
"植物园" 20160319 54.875 112.375 0.8 32.4166666666667 63.875 12.2916666666667 "城区环境评价点" 116.207 40.002
"植物园" 20160722 57.695652173913 57.6521739130435 1.01739130434783 13.8260869565217 78.0434782608696 2.73913043478261 "城区环境评价点" 116.207 40.002
"植物园" 20160729 131.208333333333 120.791666666667 1.19166666666667 23.5833333333333 137.291666666667 2.625 "城区环境评价点" 116.207 40.002
"植物园" 20161124 52.5416666666667 32.2916666666667 1.16 42.1 22.9 11.8333333333333 "城区环境评价点" 116.207 40.002
"植物园" 20161003 115.416666666667 191.833333333333 1.11666666666667 35.1666666666667 80.0833333333333 2.75 "城区环境评价点" 116.207 40.002
"植物园" 20160409 62.8260869565217 85.5833333333333 0.65 50 57.75 7.45833333333333 "城区环境评价点" 116.207 40.002
"植物园" 20161010 68.25 60.6666666666667 0.879166666666667 64.7916666666667 18.9583333333333 6.125 "城区环境评价点" 116.207 40.002
"植物园" 20160812 118.133333333333 149.846153846154 1.22666666666667 21.0666666666667 58.5333333333333 5 "城区环境评价点" 116.207 40.002
"植物园" 20160217 31.625 29.2916666666667 0.804166666666667 24.875 62.75 12.1666666666667 "城区环境评价点" 116.207 40.002
"植物园" 20161215 16.1666666666667 41.2083333333333 0.729166666666667 24.6666666666667 41.3333333333333 4.79166666666667 "城区环境评价点" 116.207 40.002
"植物园" 20160621 77.8636363636364 115.727272727273 0.827272727272727 21.7727272727273 149.954545454545 2.95454545454545 "城区环境评价点" 116.207 40.002
"植物园" 20161024 34.75 45.9166666666667 0.733333333333333 40.75 3.33333333333333 2.08333333333333 "城区环境评价点" 116.207 40.002
"植物园" 20161031 5.04166666666667 31.75 0.129166666666667 6.95833333333333 54.25 2.20833333333333 "城区环境评价点" 116.207 40.002
"植物园" 20160902 8.83333333333333 37.5416666666667 0.45 27.7083333333333 33.0833333333333 5.45833333333333 "城区环境评价点" 116.207 40.002
"植物园" 20160309 11.125 23.5454545454545 0.408333333333333 7.29166666666667 70.25 3.91666666666667 "城区环境评价点" 116.207 40.002
"植物园" 20160712 27.8095238095238 86.4347826086957 0.531818181818182 20.4090909090909 73.3636363636364 2 "城区环境评价点" 116.207 40.002
"植物园" 20160117 36.8636363636364 105.416666666667 0.958333333333333 22.6666666666667 63.1666666666667 6.5 "城区环境评价点" 116.207 40.002
"植物园" 20161114 29.4782608695652 97.4782608695652 0.652173913043478 19.7391304347826 52.2608695652174 2.17391304347826 "城区环境评价点" 116.207 40.002
"植物园" 20160521 70.625 113 1.09583333333333 29.9583333333333 143.333333333333 15.2916666666667 "城区环境评价点" 116.207 40.002
"植物园" 20160330 26.9583333333333 54.4583333333333 0.466666666666667 39.2916666666667 62.9166666666667 5.95833333333333 "城区环境评价点" 116.207 40.002
"植物园" 20160923 82.3636363636364 98.1363636363636 1.05454545454545 21.9090909090909 105.454545454545 2.77272727272727 "城区环境评价点" 116.207 40.002
"植物园" 20160802 47.3636363636364 91.3 0.677272727272727 12.5 102.136363636364 6.54545454545455 "城区环境评价点" 116.207 40.002
"植物园" 20160207 17.5 35.9166666666667 0.591666666666667 10.375 78.5 9.58333333333333 "城区环境评价点" 116.207 40.002
"植物园" 20161205 49.2916666666667 144.434782608696 0.9 25.8333333333333 39.9583333333333 2.79166666666667 "城区环境评价点" 116.207 40.002
"植物园" 20160611 7.27272727272727 39.0454545454545 NA 7.5 92.8636363636364 2 "城区环境评价点" 116.207 40.002
"植物园" 20161014 209.95652173913 203.260869565217 1.58695652173913 54.8260869565217 42.304347826087 4.52173913043478 "城区环境评价点" 116.207 40.002
"植物园" 20160420 80.8095238095238 110.5625 0.742857142857143 37.6666666666667 81.8571428571429 8.33333333333333 "城区环境评价点" 116.207 40.002
"植物园" 20161021 30.1666666666667 58.0416666666667 0.825 25.0833333333333 21.7916666666667 2 "城区环境评价点" 116.207 40.002
"植物园" 20160823 61.875 66.0833333333333 0.895833333333333 29.875 68.4583333333333 6.95833333333333 "城区环境评价点" 116.207 40.002
"植物园" 20160702 35.7916666666667 51.3333333333333 0.620833333333333 24 111 2.04166666666667 "城区环境评价点" 116.207 40.002
"植物园" 20161226 37.5217391304348 120.260869565217 0.9 33.6521739130435 37.1739130434783 8.17391304347826 "城区环境评价点" 116.207 40.002
"植物园" 20161104 212.583333333333 236 3.16666666666667 111.833333333333 5.375 5.25 "城区环境评价点" 116.207 40.002
"植物园" 20160511 159.208333333333 124.708333333333 1.12916666666667 14.0909090909091 126.416666666667 11.2083333333333 "城区环境评价点" 116.207 40.002
"植物园" 20161111 41.2083333333333 86.7916666666667 1.1625 39.7916666666667 19 5.66666666666667 "城区环境评价点" 116.207 40.002
"植物园" 20160913 NA NA NA NA NA NA "城区环境评价点" 116.207 40.002
"植物园" 20160320 55.5416666666667 79.25 0.766666666666667 52.9166666666667 45.125 7.33333333333333 "城区环境评价点" 116.207 40.002
"植物园" 20160723 110.333333333333 117.083333333333 1.18333333333333 13.9583333333333 115.083333333333 2.66666666666667 "城区环境评价点" 116.207 40.002
"植物园" 20160730 152.809523809524 200.45 1.31904761904762 31.047619047619 69.5714285714286 3 "城区环境评价点" 116.207 40.002
"植物园" 20161125 128.695652173913 120.95652173913 2.5304347826087 83.2608695652174 4.34782608695652 13.7826086956522 "城区环境评价点" 116.207 40.002
"植物园" 20161004 27.1666666666667 82.9583333333333 0.904166666666667 26.0833333333333 16.9583333333333 2 "城区环境评价点" 116.207 40.002
"植物园" 20160410 51.8 127.608695652174 0.660869565217391 30.3913043478261 73.4782608695652 9.26086956521739 "城区环境评价点" 116.207 40.002
"植物园" 20161011 83.7916666666667 110.166666666667 1.17083333333333 48.3333333333333 30.9583333333333 5.41666666666667 "城区环境评价点" 116.207 40.002
"植物园" 20160813 64.4583333333333 78.8333333333333 0.625 27.5 53.4166666666667 5 "城区环境评价点" 116.207 40.002
"植物园" 20160218 11.6666666666667 44.25 0.404166666666667 5.875 85.0833333333333 5.95833333333333 "城区环境评价点" 116.207 40.002
"植物园" 20161216 76.3913043478261 53.8333333333333 1.6875 82.0416666666667 6.875 11.4166666666667 "城区环境评价点" 116.207 40.002
"植物园" 20160622 54.8571428571429 98.3913043478261 0.713636363636364 21.0909090909091 140.318181818182 2.1304347826087 "城区环境评价点" 116.207 40.002
"植物园" 20161025 67.5416666666667 70.2916666666667 1.24583333333333 67.1428571428571 5.91666666666667 2.33333333333333 "城区环境评价点" 116.207 40.002
"植物园" 20161101 29.4583333333333 25.9166666666667 0.75 32.4166666666667 26.9166666666667 5.16666666666667 "城区环境评价点" 116.207 40.002
"植物园" 20160903 16.25 42.7083333333333 0.583333333333333 27.625 72.25 5.66666666666667 "城区环境评价点" 116.207 40.002
"植物园" 20160310 9.54166666666667 31.75 0.3 3.125 78.5833333333333 2 "城区环境评价点" 116.207 40.002
"植物园" 20160713 17.4347826086957 49.5652173913044 0.5 22.9565217391304 108.826086956522 2 "城区环境评价点" 116.207 40.002
"植物园" 20160118 5.86363636363636 29.625 0.441666666666667 8.25 72.625 3.08333333333333 "城区环境评价点" 116.207 40.002
"植物园" 20161115 18.3684210526316 30.6315789473684 0.742857142857143 36.2105263157895 21.8421052631579 9.26315789473684 "城区环境评价点" 116.207 40.002
"植物园" 20160522 47.3333333333333 86.7916666666667 0.891666666666667 31.4166666666667 128.375 6.375 "城区环境评价点" 116.207 40.002
"植物园" 20160331 148.166666666667 120.041666666667 1.21666666666667 82.7083333333333 64.125 32.7916666666667 "城区环境评价点" 116.207 40.002
"植物园" 20160924 103.25 118.041666666667 1.07916666666667 25.7083333333333 99 3.16666666666667 "城区环境评价点" 116.207 40.002
"植物园" 20160803 34.7333333333333 73.1666666666667 0.786666666666667 16.3333333333333 130.6 6.66666666666667 "城区环境评价点" 116.207 40.002
"植物园" 20160208 71.3333333333333 90.1666666666667 0.5375 13.9166666666667 76.875 20 "城区环境评价点" 116.207 40.002
"植物园" 20161206 46.7777777777778 43.9473684210526 1.48947368421053 66.5263157894737 6.68421052631579 9.05263157894737 "城区环境评价点" 116.207 40.002
"植物园" 20160612 57.7368421052632 69.4285714285714 0.8 24.6666666666667 138.904761904762 5.90476190476191 "城区环境评价点" 116.207 40.002
"植物园" 20161015 155.826086956522 242.130434782609 1.62173913043478 56.0434782608696 2.73913043478261 2 "城区环境评价点" 116.207 40.002
"植物园" 20160421 96.4347826086957 115.347826086957 0.773913043478261 38.6521739130435 82.8260869565217 4.43478260869565 "城区环境评价点" 116.207 40.002
"植物园" 20161022 10.0454545454545 26.5909090909091 0.504545454545455 19.4545454545455 22.4545454545455 2.09090909090909 "城区环境评价点" 116.207 40.002
"植物园" 20160824 66.6666666666667 93.4583333333333 1 23.7916666666667 91.25 6.04166666666667 "城区环境评价点" 116.207 40.002
"植物园" 20160703 74.4583333333333 75.1666666666667 0.970833333333333 38.7083333333333 117.291666666667 3.04166666666667 "城区环境评价点" 116.207 40.002
"植物园" 20161227 39.3333333333333 29.5 0.7875 30.3333333333333 34.7083333333333 6.29166666666667 "城区环境评价点" 116.207 40.002
"植物园" 20161105 134.666666666667 226.826086956522 2.975 81.25 16.5416666666667 3.91666666666667 "城区环境评价点" 116.207 40.002
"植物园" 20160512 30.0416666666667 147.833333333333 0.408333333333333 6.82608695652174 88.5 2 "城区环境评价点" 116.207 40.002
"植物园" 20161112 56.375 67.5833333333333 1.44166666666667 43.125 22.4583333333333 5.33333333333333 "城区环境评价点" 116.207 40.002
"植物园" 20160914 84.3809523809524 115.571428571429 1.06190476190476 25.5714285714286 102.333333333333 7.47619047619048 "城区环境评价点" 116.207 40.002
"植物园" 20160321 100.625 100.333333333333 0.925 63.7916666666667 62.6666666666667 14.9583333333333 "城区环境评价点" 116.207 40.002
"植物园" 20160724 49 118.5 0.6875 23.0416666666667 105.958333333333 2.75 "城区环境评价点" 116.207 40.002
"植物园" 20160731 62.5416666666667 141.458333333333 0.795833333333333 20.7083333333333 85.25 2.875 "城区环境评价点" 116.207 40.002
"植物园" 20161126 226.083333333333 237.5 3.1125 104.416666666667 8.54166666666667 11.7083333333333 "城区环境评价点" 116.207 40.002
"植物园" 20161005 37.375 39.875 1.04583333333333 26.4166666666667 41.4166666666667 2 "城区环境评价点" 116.207 40.002
"植物园" 20160411 80.3157894736842 120.421052631579 0.578260869565217 38.3913043478261 62.9565217391304 8.52173913043478 "城区环境评价点" 116.207 40.002
"植物园" 20161012 64.2916666666667 93.75 1.0125 48.7083333333333 15.25 2.20833333333333 "城区环境评价点" 116.207 40.002
"植物园" 20160814 99.5833333333333 77.3333333333333 0.504166666666667 25.695652173913 93.7391304347826 6.75 "城区环境评价点" 116.207 40.002
"植物园" 20160219 15.125 33.5 0.625 15.6666666666667 61.7916666666667 6.5 "城区环境评价点" 116.207 40.002
"植物园" 20161217 130.541666666667 138.25 2.6625 90.4583333333333 8.83333333333333 21.1666666666667 "城区环境评价点" 116.207 40.002
"植物园" 20160623 96.9565217391304 112.086956521739 1.08695652173913 28.6521739130435 131.652173913043 2.52173913043478 "城区环境评价点" 116.207 40.002
"植物园" 20161026 36.4761904761905 79.7368421052632 0.642857142857143 40 23.9047619047619 2.42857142857143 "城区环境评价点" 116.207 40.002
"植物园" 20161102 72 75.4583333333333 1.34583333333333 63.5 11.2916666666667 6.70833333333333 "城区环境评价点" 116.207 40.002
"植物园" 20160904 67.625 72.5 1.00833333333333 33.5 101.083333333333 7.58333333333333 "城区环境评价点" 116.207 40.002
"植物园" 20160311 20.5416666666667 47.625 0.491666666666667 20.9583333333333 66.5833333333333 7.16666666666667 "城区环境评价点" 116.207 40.002
"植物园" 20160714 33.0588235294118 53.2941176470588 0.829411764705882 29 114.352941176471 2 "城区环境评价点" 116.207 40.002
"植物园" 20160119 46.9583333333333 58.4583333333333 1.6375 55.8333333333333 24.4166666666667 22.375 "城区环境评价点" 116.207 40.002
"植物园" 20161116 79.1 86.7777777777778 2.18 73.6 10 13.8 "城区环境评价点" 116.207 40.002
"植物园" 20160523 51.8636363636364 74.1666666666667 0.740909090909091 31.5833333333333 104.166666666667 8.91666666666667 "城区环境评价点" 116.207 40.002
"植物园" 20160401 47.2173913043478 169.5 0.295833333333333 20.1666666666667 73.375 5.04166666666667 "城区环境评价点" 116.207 40.002
"植物园" 20160925 152.75 190.541666666667 1.48333333333333 30.5833333333333 80.7916666666667 3 "城区环境评价点" 116.207 40.002
"植物园" 20160804 NA NA NA NA NA NA "城区环境评价点" 116.207 40.002
"植物园" 20160209 35.5 42.3333333333333 1.06666666666667 26.75 65.9583333333333 19.2083333333333 "城区环境评价点" 116.207 40.002
"植物园" 20161207 90.9545454545455 86.5833333333333 1.22380952380952 59.3809523809524 20 8.16666666666667 "城区环境评价点" 116.207 40.002
"植物园" 20160613 38.2608695652174 64.3913043478261 0.291304347826087 13.2608695652174 102.347826086957 2.21739130434783 "城区环境评价点" 116.207 40.002
"植物园" 20161016 104.208333333333 175.125 0.9125 43.2916666666667 25.875 2.25 "城区环境评价点" 116.207 40.002
"植物园" 20160422 42.4166666666667 104.875 0.3 5.16666666666667 103.583333333333 2 "城区环境评价点" 116.207 40.002
"植物园" 20161023 20.2083333333333 22.125 0.533333333333333 32.7083333333333 19.0416666666667 2.45833333333333 "城区环境评价点" 116.207 40.002
"植物园" 20160825 10.9130434782609 63.0416666666667 0.358333333333333 9.70833333333333 73.1666666666667 5.20833333333333 "城区环境评价点" 116.207 40.002
"植物园" 20160704 121.208333333333 145.333333333333 1.19166666666667 25.5833333333333 122.458333333333 2.08333333333333 "城区环境评价点" 116.207 40.002
"植物园" 20161228 53 93.2083333333333 0.783333333333333 26.4583333333333 35.9583333333333 3.375 "城区环境评价点" 116.207 40.002
