"南三环" 20161028 16.3684210526316 50.1578947368421 0.678947368421053 50.0526315789474 22.8947368421053 5 "交通污染监控点" 116.368 39.856
"南三环" 20160426 100.75 136.708333333333 1.42916666666667 98.1666666666667 35.5833333333333 26.3333333333333 "交通污染监控点" 116.368 39.856
"南三环" 20161027 44.1 68.3181818181818 1.31818181818182 60.6818181818182 5.22727272727273 13 "交通污染监控点" 116.368 39.856
"南三环" 20161029 23.4285714285714 53.2916666666667 0.85 59.875 25.875 12.375 "交通污染监控点" 116.368 39.856
"南三环" 20160212 166.260869565217 204.913043478261 2.90869565217391 79.9565217391304 7.04347826086957 21.7391304347826 "交通污染监控点" 116.368 39.856
"南三环" 20160425 101.291666666667 135.916666666667 0.8 75.1666666666667 54.7083333333333 18.9166666666667 "交通污染监控点" 116.368 39.856
"南三环" 20160929 66.8333333333333 75.5416666666667 0.95 99.9583333333333 NA 13.0416666666667 "交通污染监控点" 116.368 39.856
"南三环" 20160427 98.4761904761905 123.913043478261 1.2375 108.541666666667 28.7916666666667 16.125 "交通污染监控点" 116.368 39.856
"南三环" 20160907 53.5 76.6666666666667 NA 89.5714285714286 58.7142857142857 15.0714285714286 "交通污染监控点" 116.368 39.856
"南三环" 20160314 85 84.0434782608696 1.61304347826087 88.2608695652174 13.6086956521739 28.4782608695652 "交通污染监控点" 116.368 39.856
"南三环" 20160121 141.333333333333 183.166666666667 2.8375 73.0416666666667 2.95833333333333 28.4166666666667 "交通污染监控点" 116.368 39.856
"南三环" 20161030 NA 76.75 0.95 53.625 35.9166666666667 16.2083333333333 "交通污染监控点" 116.368 39.856
"南三环" 20161104 281.25 321.541666666667 3.45416666666667 120.041666666667 8 18.0833333333333 "交通污染监控点" 116.368 39.856
"南三环" 20160120 141.875 161.166666666667 3.87916666666667 90.625 6.83333333333333 57.125 "交通污染监控点" 116.368 39.856
"南三环" 20160908 34.875 67.2916666666667 NA 79.9583333333333 30.75 7.95833333333333 "交通污染监控点" 116.368 39.856
"南三环" 20160315 144.5 137.55 1.87 100.7 9.75 56 "交通污染监控点" 116.368 39.856
"南三环" 20161103 233.875 228.333333333333 2.85833333333333 111.375 18.875 23.125 "交通污染监控点" 116.368 39.856
"南三环" 20161212 237.105263157895 281.157894736842 2.98421052631579 112.368421052632 2.68421052631579 55.2631578947368 "交通污染监控点" 116.368 39.856
"南三环" 20160510 50.9583333333333 73.0833333333333 0.725 82.25 42.9583333333333 7.45833333333333 "交通污染监控点" 116.368 39.856
"南三环" 20161217 237.458333333333 272 3.46666666666667 120.291666666667 2.83333333333333 45.1666666666667 "交通污染监控点" 116.368 39.856
"南三环" 20161004 39.875 113.625 0.941666666666667 50.7083333333333 NA 6.91666666666667 "交通污染监控点" 116.368 39.856
"南三环" 20161102 134.125 128.833333333333 1.77916666666667 94.1666666666667 28.1363636363636 23.625 "交通污染监控点" 116.368 39.856
"南三环" 20161211 209.333333333333 171.347826086957 3.51666666666667 114.75 2.54166666666667 46.0833333333333 "交通污染监控点" 116.368 39.856
"南三环" 20161119 148.083333333333 225.75 2.175 79.75 11.7083333333333 19.5416666666667 "交通污染监控点" 116.368 39.856
"南三环" 20160210 103.130434782609 100.565217391304 2.90434782608696 84.5217391304348 9.08695652173913 54.8260869565217 "交通污染监控点" 116.368 39.856
"南三环" 20161003 123.75 206.625 1.27083333333333 93.2916666666667 NA 13.2083333333333 "交通污染监控点" 116.368 39.856
"南三环" 20161101 59.5 60.375 1.075 70.0833333333333 35.5416666666667 16.0833333333333 "交通污染监控点" 116.368 39.856
"南三环" 20160217 54.625 55.875 1.45833333333333 78.7916666666667 15.75 23.9583333333333 "交通污染监控点" 116.368 39.856
"南三环" 20161210 61.3333333333333 69.625 1.75 79.25 4.04166666666667 21.875 "交通污染监控点" 116.368 39.856
"南三环" 20160214 19.5416666666667 46.5 0.7875 23.75 48.9583333333333 4.79166666666667 "交通污染监控点" 116.368 39.856
"南三环" 20160204 11.875 48 0.679166666666667 44.7083333333333 33.7083333333333 9.125 "交通污染监控点" 116.368 39.856
"南三环" 20160910 23.875 57.5416666666667 NA 77.4583333333333 32.2083333333333 7.45833333333333 "交通污染监控点" 116.368 39.856
"南三环" 20161031 24.8 45.75 0.470833333333333 30.5 54.4347826086956 5.16666666666667 "交通污染监控点" 116.368 39.856
"南三环" 20160110 64.5416666666667 130.95652173913 1.85 74.5833333333333 8.33333333333333 30.9166666666667 "交通污染监控点" 116.368 39.856
"南三环" 20160213 21.0833333333333 133.041666666667 0.766666666666667 26.2916666666667 42.8333333333333 6.29166666666667 "交通污染监控点" 116.368 39.856
"南三环" 20160203 47.125 66.7083333333333 1.7 92.0833333333333 7.54166666666667 26.6666666666667 "交通污染监控点" 116.368 39.856
"南三环" 20160909 24.2608695652174 65.7083333333333 NA 76.75 27.7916666666667 10.4166666666667 "交通污染监控点" 116.368 39.856
"南三环" 20160316 256.791666666667 255.041666666667 2.425 125 19.3333333333333 45.2916666666667 "交通污染监控点" 116.368 39.856
"南三环" 20160215 16.2272727272727 32.7916666666667 0.825 37.5 39.375 8.375 "交通污染监控点" 116.368 39.856
"南三环" 20160511 155.583333333333 133.875 1.14166666666667 89.9166666666667 58.7916666666667 16.2083333333333 "交通污染监控点" 116.368 39.856
"南三环" 20161213 69.0833333333333 202.583333333333 1.45416666666667 71.1666666666667 10.1666666666667 15.9166666666667 "交通污染监控点" 116.368 39.856
"南三环" 20160930 111.666666666667 119.166666666667 1.17083333333333 121.5 NA 18.9583333333333 "交通污染监控点" 116.368 39.856
"南三环" 20160428 95.625 140.75 1.14583333333333 100.833333333333 41.7083333333333 12.25 "交通污染监控点" 116.368 39.856
"南三环" 20161215 39 68.4090909090909 1.25454545454545 67.0909090909091 13.0454545454545 18.9545454545455 "交通污染监控点" 116.368 39.856
"南三环" 20161220 436 428.478260869565 8.93333333333333 154.291666666667 3.04347826086957 13.125 "交通污染监控点" 116.368 39.856
"南三环" 20161120 65.375 138.416666666667 1.3125 50.125 3.375 14.2916666666667 "交通污染监控点" 116.368 39.856
"南三环" 20160221 100.041666666667 81.7916666666667 2.19583333333333 81.2916666666667 13.9166666666667 34.5 "交通污染监控点" 116.368 39.856
"南三环" 20161105 218.083333333333 310.260869565217 3.1875 114 13.0833333333333 14.625 "交通污染监控点" 116.368 39.856
"南三环" 20161214 33.695652173913 50.4166666666667 0.970833333333333 62.25 16.7391304347826 17.7916666666667 "交通污染监控点" 116.368 39.856
"南三环" 20161219 307.347826086957 330.391304347826 5.34782608695652 150.260869565217 2.26086956521739 26.8260869565217 "交通污染监控点" 116.368 39.856
"南三环" 20160914 108.285714285714 131.25 NA 89.6875 45.8125 10.8125 "交通污染监控点" 116.368 39.856
"南三环" 20160928 22.0416666666667 40.1666666666667 0.575 63.8333333333333 NA 2.25 "交通污染监控点" 116.368 39.856
"南三环" 20160205 10.3333333333333 31.4166666666667 0.591666666666667 36.25 39.9166666666667 8.79166666666667 "交通污染监控点" 116.368 39.856
"南三环" 20160404 78.375 81 0.783333333333333 79.7083333333333 34.5833333333333 18.75 "交通污染监控点" 116.368 39.856
"南三环" 20161218 276.95652173913 330.434782608696 3.8 122.130434782609 2.73913043478261 31.2173913043478 "交通污染监控点" 116.368 39.856
"南三环" 20161005 65.5652173913043 66.1739130434783 1.33478260869565 58.1739130434783 67.3333333333333 5.56521739130435 "交通污染监控点" 116.368 39.856
"南三环" 20160817 75.875 71.5 NA 91.3333333333333 55.7083333333333 10.7916666666667 "交通污染监控点" 116.368 39.856
"南三环" 20160807 26.7391304347826 91.9 NA 63.4347826086956 61.7391304347826 6.56521739130435 "交通污染监控点" 116.368 39.856
"南三环" 20160616 37.7272727272727 63.5416666666667 0.758333333333333 92.75 39 9.83333333333333 "交通污染监控点" 116.368 39.856
"南三环" 20160211 155.208333333333 187.166666666667 2.8625 81.2916666666667 2.125 32.1666666666667 "交通污染监控点" 116.368 39.856
"南三环" 20161019 245.4 225.75 2.6952380952381 97.25 15.5416666666667 17.8333333333333 "交通污染监控点" 116.368 39.856
"南三环" 20160512 66 165.125 1.31666666666667 62.4583333333333 30.625 9.875 "交通污染监控点" 116.368 39.856
"南三环" 20160218 18.1666666666667 64.4166666666667 0.6875 50.0416666666667 36.3333333333333 9.16666666666667 "交通污染监控点" 116.368 39.856
"南三环" 20160112 14.9130434782609 30.9090909090909 0.839130434782609 52.6086956521739 24.2173913043478 10.9130434782609 "交通污染监控点" 116.368 39.856
"南三环" 20160509 37.6521739130435 79.1739130434783 0.591304347826087 65.6086956521739 29.695652173913 8.56521739130435 "交通污染监控点" 116.368 39.856
"南三环" 20161216 225.666666666667 154.166666666667 3.5125 126.083333333333 2.91666666666667 40.875 "交通污染监控点" 116.368 39.856
"南三环" 20160911 46.0869565217391 68.3913043478261 NA 71.304347826087 59.5217391304348 9.78260869565217 "交通污染监控点" 116.368 39.856
"南三环" 20160318 213.086956521739 340.875 1.86666666666667 112.333333333333 23.9583333333333 18.7916666666667 "交通污染监控点" 116.368 39.856
"南三环" 20160111 11.2857142857143 50.625 0.658333333333333 42.4166666666667 18.7916666666667 9.08333333333333 "交通污染监控点" 116.368 39.856
"南三环" 20160508 70.3333333333333 87.0833333333333 0.904166666666667 74.0416666666667 46.9583333333333 21.6666666666667 "交通污染监控点" 116.368 39.856
"南三环" 20161123 45.9583333333333 36.625 1.05416666666667 49.625 14.6666666666667 19.625 "交通污染监控点" 116.368 39.856
"南三环" 20161002 203.25 241.041666666667 1.66666666666667 121.5 NA 16.375 "交通污染监控点" 116.368 39.856
"南三环" 20160317 278.541666666667 321.291666666667 2.37916666666667 136.916666666667 16.7083333333333 40.5833333333333 "交通污染监控点" 116.368 39.856
"南三环" 20160216 8.125 52.3333333333333 0.739130434782609 50.875 33.5 8.16666666666667 "交通污染监控点" 116.368 39.856
"南三环" 20160507 26.7916666666667 64.125 0.545833333333333 62.8333333333333 44.5833333333333 4.58333333333333 "交通污染监控点" 116.368 39.856
"南三环" 20161122 9.83333333333333 21 0.508333333333333 29.4583333333333 35.25 9.33333333333333 "交通污染监控点" 116.368 39.856
"南三环" 20161001 174.708333333333 193.458333333333 1.725 134.875 NA 22.5416666666667 "交通污染监控点" 116.368 39.856
"南三环" 20160429 127.625 114.458333333333 1.44583333333333 109.041666666667 44.125 21.5416666666667 "交通污染监控点" 116.368 39.856
"南三环" 20160818 94.0833333333333 136.375 NA 65.0416666666667 45.4166666666667 8.625 "交通污染监控点" 116.368 39.856
"南三环" 20161221 433.291666666667 443.875 8.9375 179.75 3.16666666666667 18.25 "交通污染监控点" 116.368 39.856
"南三环" 20161121 11.4166666666667 56.4583333333333 0.395833333333333 25.4166666666667 44.625 5.33333333333333 "交通污染监控点" 116.368 39.856
"南三环" 20160222 71.5 133.086956521739 1.35 55.5 28.125 16.5833333333333 "交通污染监控点" 116.368 39.856
"南三环" 20161106 80.875 178.75 1.3 70.4583333333333 17.9583333333333 16.6666666666667 "交通污染监控点" 116.368 39.856
"南三环" 20160513 71.3076923076923 88.3846153846154 3.16153846153846 85.5384615384615 5.23076923076923 26 "交通污染监控点" 116.368 39.856
"南三环" 20160130 55.2083333333333 71.4166666666667 1.3625 63.7083333333333 9.5 23.75 "交通污染监控点" 116.368 39.856
"南三环" 20160915 88.5833333333333 119 NA 87.0833333333333 77.5833333333333 10.5833333333333 "交通污染监控点" 116.368 39.856
"南三环" 20160122 20.25 119.333333333333 0.7 35.3333333333333 36.625 8.875 "交通污染监控点" 116.368 39.856
"南三环" 20160206 49.1666666666667 49.7916666666667 1.35416666666667 67 20.1666666666667 26 "交通污染监控点" 116.368 39.856
"南三环" 20160405 122.791666666667 145.416666666667 1.2375 100.833333333333 29.7916666666667 25.3333333333333 "交通污染监控点" 116.368 39.856
"南三环" 20160129 59.8636363636364 126.416666666667 2 67.2916666666667 7.25 37.75 "交通污染监控点" 116.368 39.856
"南三环" 20161006 73.7916666666667 108 1.64166666666667 59.125 63.9583333333333 5.91666666666667 "交通污染监控点" 116.368 39.856
"南三环" 20160220 16.4166666666667 35.7391304347826 0.679166666666667 44 36.875 8.83333333333333 "交通污染监控点" 116.368 39.856
"南三环" 20160808 43.3888888888889 65.1176470588235 NA 71.8888888888889 70.5555555555556 8.27777777777778 "交通污染监控点" 116.368 39.856
"南三环" 20160617 37.75 83.1666666666667 0.708333333333333 82.875 28.75 7.83333333333333 "交通污染监控点" 116.368 39.856
"南三环" 20161126 324.875 318.583333333333 4.55416666666667 119.708333333333 2.66666666666667 39.3333333333333 "交通污染监控点" 116.368 39.856
"南三环" 20161020 102.833333333333 248.333333333333 1.74166666666667 71.7272727272727 25 12.1818181818182 "交通污染监控点" 116.368 39.856
"南三环" 20160219 15.0416666666667 43.6666666666667 0.641666666666667 47.0416666666667 32.6666666666667 7 "交通污染监控点" 116.368 39.856
"南三环" 20160822 59 93 NA 86 137.869565217391 12.2083333333333 "交通污染监控点" 116.368 39.856
"南三环" 20160113 67.4583333333333 60.4583333333333 2.2125 85.9166666666667 8.95833333333333 34.9583333333333 "交通污染监控点" 116.368 39.856
"南三环" 20160829 24.7916666666667 58.2916666666667 NA 83.7083333333333 36.0833333333333 8.45833333333333 "交通污染监控点" 116.368 39.856
"南三环" 20160127 132.541666666667 122.75 3.39583333333333 104.625 7.04166666666667 55.875 "交通污染监控点" 116.368 39.856
"南三环" 20160912 41.375 57.2083333333333 NA 81.4583333333333 41.25 5.79166666666667 "交通污染监控点" 116.368 39.856
"南三环" 20160319 70.375 137 1.1625 70.125 28.0833333333333 21.3333333333333 "交通污染监控点" 116.368 39.856
"南三环" 20161117 107.625 147.708333333333 2.65833333333333 72.4583333333333 2.20833333333333 35.1666666666667 "交通污染监控点" 116.368 39.856
"南三环" 20160926 73.9565217391304 152 1.97142857142857 77.5416666666667 NA 4.875 "交通污染监控点" 116.368 39.856
"南三环" 20161124 90.6666666666667 80.2083333333333 1.875 75.625 5.70833333333333 28.125 "交通污染监控点" 116.368 39.856
"南三环" 20160402 8.95238095238095 64.625 0.458333333333333 44.8333333333333 38.2916666666667 5.04166666666667 "交通污染监控点" 116.368 39.856
"南三环" 20160409 105.583333333333 146.166666666667 0.9875 89.7916666666667 22.1666666666667 18.65 "交通污染监控点" 116.368 39.856
"南三环" 20161201 39.4545454545455 84.6818181818182 0.995454545454545 68.8636363636364 19.9090909090909 11.9545454545455 "交通污染监控点" 116.368 39.856
"南三环" 20161010 107.625 95.875 1.64090909090909 85.4285714285714 14.5416666666667 23.6 "交通污染监控点" 116.368 39.856
"南三环" 20160423 33.3333333333333 57.4583333333333 0.604166666666667 60.875 35.0833333333333 5 "交通污染监控点" 116.368 39.856
"南三环" 20160224 38.9583333333333 45.4583333333333 1.09166666666667 61.5416666666667 22.2083333333333 15.875 "交通污染监控点" 116.368 39.856
"南三环" 20160430 169.083333333333 230.125 1.56666666666667 124.208333333333 59.625 14.9166666666667 "交通污染监控点" 116.368 39.856
"南三环" 20160819 28.7916666666667 75.9166666666667 NA 65.3333333333333 101.583333333333 6.375 "交通污染监控点" 116.368 39.856
"南三环" 20161222 99.6818181818182 340.833333333333 2.10416666666667 66.4166666666667 29.5833333333333 8.95833333333333 "交通污染监控点" 116.368 39.856
"南三环" 20160826 15.125 41.4166666666667 NA 67.9166666666667 36.0416666666667 5.375 "交通污染监控点" 116.368 39.856
"南三环" 20160223 11.625 50.125 0.520833333333333 34.6666666666667 43.5833333333333 6.83333333333333 "交通污染监控点" 116.368 39.856
"南三环" 20161107 48.625 100.208333333333 0.8625 53.9583333333333 42.8333333333333 7.58333333333333 "交通污染监控点" 116.368 39.856
"南三环" 20160514 NA NA NA NA NA NA "交通污染监控点" 116.368 39.856
"南三环" 20160131 40.2916666666667 58.4166666666667 0.983333333333333 57.3333333333333 24.9166666666667 16.8333333333333 "交通污染监控点" 116.368 39.856
"南三环" 20160916 153.125 188.125 NA 85.5 134.888888888889 12.125 "交通污染监控点" 116.368 39.856
"南三环" 20160123 9.66666666666667 49.8333333333333 0.545833333333333 31.2916666666667 37.5 7.29166666666667 "交通污染监控点" 116.368 39.856
"南三环" 20160207 61.2083333333333 83.625 1.27083333333333 70.7083333333333 19.5833333333333 28.2916666666667 "交通污染监控点" 116.368 39.856
"南三环" 20160406 147.125 146 2.12083333333333 108.25 18.8333333333333 36.625 "交通污染监控点" 116.368 39.856
"南三环" 20161128 86.8333333333333 73.125 2.24166666666667 87.5416666666667 4.45833333333333 30.5 "交通污染监控点" 116.368 39.856
"南三环" 20161007 46.4583333333333 75.25 1.81666666666667 54.25 76.125 10.4583333333333 "交通污染监控点" 116.368 39.856
"南三环" 20160527 62.9583333333333 94.7916666666667 0.825 97.625 50.0833333333333 17.2083333333333 "交通污染监控点" 116.368 39.856
"南三环" 20160809 60.9333333333333 69.2666666666667 NA 86.8 96.0666666666667 17.1333333333333 "交通污染监控点" 116.368 39.856
"南三环" 20160618 52.4583333333333 79.7083333333333 0.879166666666667 87.25 72.4583333333333 7.58333333333333 "交通污染监控点" 116.368 39.856
"南三环" 20161127 67.5833333333333 262.041666666667 1.4 61.8333333333333 21.625 11.25 "交通污染监控点" 116.368 39.856
"南三环" 20161021 53.9583333333333 80.875 1.09583333333333 52.875 14.5238095238095 9.45833333333333 "交通污染监控点" 116.368 39.856
"南三环" 20160526 28.7083333333333 70.9166666666667 0.471428571428571 68.7916666666667 46 6.08333333333333 "交通污染监控点" 116.368 39.856
"南三环" 20160823 76.6521739130435 88.695652173913 NA 89.6086956521739 84.695652173913 14.4347826086957 "交通污染监控点" 116.368 39.856
"南三环" 20160114 122.291666666667 140.583333333333 3.77083333333333 108.291666666667 10.4166666666667 54.7083333333333 "交通污染监控点" 116.368 39.856
"南三环" 20160830 40.8636363636364 73.5833333333333 NA 100 65 13.0833333333333 "交通污染监控点" 116.368 39.856
"南三环" 20160128 150.291666666667 205.416666666667 3.04166666666667 103.958333333333 8.45833333333333 55.2083333333333 "交通污染监控点" 116.368 39.856
"南三环" 20160913 92.5 94.5 NA 98.8333333333333 42.1666666666667 11.0434782608696 "交通污染监控点" 116.368 39.856
"南三环" 20160320 70.3333333333333 89.7916666666667 1.15833333333333 93.4583333333333 18 16.7916666666667 "交通污染监控点" 116.368 39.856
"南三环" 20161118 192.5 189.041666666667 4.2875 83.1666666666667 2.33333333333333 41.1666666666667 "交通污染监控点" 116.368 39.856
"南三环" 20160927 36 92.0833333333333 0.770833333333333 44.9166666666667 NA 4.79166666666667 "交通污染监控点" 116.368 39.856
"南三环" 20161125 188.041666666667 192.666666666667 3.1375 96.4166666666667 2.625 41.9583333333333 "交通污染监控点" 116.368 39.856
"南三环" 20160403 19.9583333333333 49.9166666666667 0.5125 54.0833333333333 38.2083333333333 5.125 "交通污染监控点" 116.368 39.856
"南三环" 20160410 103.166666666667 213.333333333333 1.1375 72.75 32.375 NA "交通污染监控点" 116.368 39.856
"南三环" 20161202 147.95652173913 127.347826086957 2.53913043478261 103.869565217391 3.56521739130435 34.7391304347826 "交通污染监控点" 116.368 39.856
"南三环" 20161011 136.416666666667 183 1.67916666666667 90.2916666666667 24.6666666666667 17.0416666666667 "交通污染监控点" 116.368 39.856
"南三环" 20160424 102.695652173913 92.9130434782609 1.03913043478261 83.0434782608696 37.9565217391304 28.9565217391304 "交通污染监控点" 116.368 39.856
"南三环" 20160225 28.625 56.5416666666667 1.07083333333333 54.5833333333333 26.9583333333333 11.2916666666667 "交通污染监控点" 116.368 39.856
"南三环" 20160501 184.833333333333 220.916666666667 1.95416666666667 92.375 70.875 28.375 "交通污染监控点" 116.368 39.856
"南三环" 20160820 74.7083333333333 80.8333333333333 NA 95.4583333333333 104.666666666667 8.95833333333333 "交通污染监控点" 116.368 39.856
"南三环" 20161223 39.3333333333333 46.3125 0.972222222222222 65.8888888888889 13.2777777777778 5.94444444444444 "交通污染监控点" 116.368 39.856
"南三环" 20160827 23 59.25 NA 69.2083333333333 26.875 8.83333333333333 "交通污染监控点" 116.368 39.856
"南三环" 20160125 57.625 72.5416666666667 1.92916666666667 86.625 9.08333333333333 35 "交通污染监控点" 116.368 39.856
"南三环" 20161108 47.4166666666667 53.4583333333333 1.14090909090909 64.1818181818182 20.8095238095238 7.77272727272727 "交通污染监控点" 116.368 39.856
"南三环" 20160515 NA NA NA NA NA NA "交通污染监控点" 116.368 39.856
"南三环" 20160201 21.625 79.125 1.02916666666667 62.3333333333333 19.875 15.7083333333333 "交通污染监控点" 116.368 39.856
"南三环" 20160917 45.1052631578947 118.782608695652 NA 59.7391304347826 NA 11.1739130434783 "交通污染监控点" 116.368 39.856
"南三环" 20160124 16.0833333333333 58.7083333333333 0.8 44.4166666666667 29.9166666666667 12.3333333333333 "交通污染监控点" 116.368 39.856
"南三环" 20160208 289.708333333333 309.75 1.57083333333333 60.4166666666667 25 70.2916666666667 "交通污染监控点" 116.368 39.856
"南三环" 20160407 132.470588235294 239.470588235294 1.74117647058824 88.8823529411765 22.6470588235294 15.1764705882353 "交通污染监控点" 116.368 39.856
"南三环" 20161129 104.04347826087 126.913043478261 2.81304347826087 84.304347826087 2.04347826086957 37.0434782608696 "交通污染监控点" 116.368 39.856
"南三环" 20161008 19.625 63.375 0.629166666666667 46.0833333333333 83.2727272727273 8 "交通污染监控点" 116.368 39.856
"南三环" 20160528 55.3478260869565 99.304347826087 0.721739130434783 72.0434782608696 66.4782608695652 15.7826086956522 "交通污染监控点" 116.368 39.856
"南三环" 20160810 89.6363636363636 104.55 NA 67 63.1363636363636 7.95454545454545 "交通污染监控点" 116.368 39.856
"南三环" 20160619 75.3333333333333 88.2083333333333 0.908333333333333 92.7916666666667 92 12.75 "交通污染监控点" 116.368 39.856
"南三环" 20160101 196.875 181.5 3.59583333333333 112.916666666667 8.45833333333333 35.9166666666667 "交通污染监控点" 116.368 39.856
"南三环" 20161022 21.0416666666667 53.75 0.708333333333333 29.2608695652174 8.75 7.04166666666667 "交通污染监控点" 116.368 39.856
"南三环" 20160505 64.9166666666667 83.125 1.24166666666667 90.1666666666667 34.9583333333333 18.9166666666667 "交通污染监控点" 116.368 39.856
"南三环" 20160824 90.25 115.666666666667 NA 103.208333333333 87.1739130434783 12.0416666666667 "交通污染监控点" 116.368 39.856
"南三环" 20160115 145.25 194.708333333333 3.93333333333333 108.208333333333 9.83333333333333 52.875 "交通污染监控点" 116.368 39.856
"南三环" 20160831 25.2173913043478 71 NA 72.4347826086957 41.304347826087 15.5652173913043 "交通污染监控点" 116.368 39.856
"南三环" 20160603 90.2272727272727 103.333333333333 1.44166666666667 113.291666666667 59.1739130434783 26.5 "交通污染监控点" 116.368 39.856
"南三环" 20161112 84.4583333333333 116.916666666667 1.84583333333333 78.8333333333333 2.73913043478261 17.7083333333333 "交通污染监控点" 116.368 39.856
"南三环" 20160321 140.782608695652 143.521739130435 1.55652173913043 120.652173913043 24.9130434782609 30.3478260869565 "交通污染监控点" 116.368 39.856
"南三环" 20160717 86.6666666666667 89.5416666666667 1.125 94.1666666666667 62.2916666666667 10.0416666666667 "交通污染监控点" 116.368 39.856
"南三环" 20160921 80.125 79.125 NA 112.458333333333 NA 16.3333333333333 "交通污染监控点" 116.368 39.856
"南三环" 20160602 61.0416666666667 89.25 0.945833333333333 101.708333333333 57.9583333333333 14.7916666666667 "交通污染监控点" 116.368 39.856
"南三环" 20160724 81.7777777777778 157.944444444444 1.2 81.9565217391304 54.0833333333333 4.33333333333333 "交通污染监控点" 116.368 39.856
"南三环" 20160411 50.6086956521739 116.894736842105 0.834782608695652 74.6521739130435 24.6086956521739 13.75 "交通污染监控点" 116.368 39.856
"南三环" 20161203 257.333333333333 231.416666666667 3.87916666666667 129.916666666667 2.875 39.8333333333333 "交通污染监控点" 116.368 39.856
"南三环" 20161012 84.5416666666667 127.625 1.28333333333333 85.2916666666667 54.9166666666667 13.25 "交通污染监控点" 116.368 39.856
"南三环" 20160418 38.3333333333333 54.7222222222222 0.545 61.3 39 5.15 "交通污染监控点" 116.368 39.856
"南三环" 20160226 39.3333333333333 57.75 1.02916666666667 64.1666666666667 23.5416666666667 41.1739130434783 "交通污染监控点" 116.368 39.856
"南三环" 20160502 49.0833333333333 149.708333333333 0.329166666666667 44.125 38.1666666666667 4.16666666666667 "交通污染监控点" 116.368 39.856
"南三环" 20160821 72.2916666666667 108 NA 98.25 132.75 9.58333333333333 "交通污染监控点" 116.368 39.856
"南三环" 20161224 121.041666666667 111.791666666667 2.4875 93.9166666666667 4.29166666666667 35.375 "交通污染监控点" 116.368 39.856
"南三环" 20160828 16.5652173913043 56.7826086956522 NA 65.304347826087 41 7.26086956521739 "交通污染监控点" 116.368 39.856
"南三环" 20160126 41.9166666666667 71.2083333333333 1.33333333333333 65.875 20.8333333333333 26.5833333333333 "交通污染监控点" 116.368 39.856
"南三环" 20161109 191.666666666667 153.125 2.675 90.875 13.3333333333333 19 "交通污染监控点" 116.368 39.856
"南三环" 20160516 31.2 67.6 0.58 90.6 45.6 12 "交通污染监控点" 116.368 39.856
"南三环" 20160202 38.375 51.5416666666667 1.40833333333333 80.2916666666667 13.0833333333333 22.7916666666667 "交通污染监控点" 116.368 39.856
"南三环" 20160918 26.6666666666667 48.7272727272727 NA 51.5833333333333 NA 4.66666666666667 "交通污染监控点" 116.368 39.856
"南三环" 20160530 118.625 115.916666666667 1.28333333333333 102.166666666667 68.5833333333333 23.7916666666667 "交通污染监控点" 116.368 39.856
"南三环" 20160209 59.7916666666667 115.875 1.84166666666667 69.8333333333333 19.6666666666667 31.8333333333333 "交通污染监控点" 116.368 39.856
"南三环" 20160408 49.625 46.9 0.66 73.3 42.7 10.9 "交通污染监控点" 116.368 39.856
"南三环" 20161130 100.684210526316 151.421052631579 2.51052631578947 80.2631578947368 9.52631578947368 25.0526315789474 "交通污染监控点" 116.368 39.856
"南三环" 20161009 49.8181818181818 69.0909090909091 1.03181818181818 64.4090909090909 26 11.1363636363636 "交通污染监控点" 116.368 39.856
"南三环" 20160529 65.0434782608696 93.625 0.608333333333333 74 51.6666666666667 9.54166666666667 "交通污染监控点" 116.368 39.856
"南三环" 20160811 88.2083333333333 117.958333333333 NA 69.625 52.75 10.125 "交通污染监控点" 116.368 39.856
"南三环" 20160620 96.7083333333333 128.083333333333 1.14166666666667 90.2916666666667 102.666666666667 14.625 "交通污染监控点" 116.368 39.856
"南三环" 20160102 309.083333333333 302.652173913043 5.9625 148.166666666667 8.83333333333333 42.7083333333333 "交通污染监控点" 116.368 39.856
"南三环" 20161023 39.8 74.1666666666667 0.8375 24.5 16.5 9.125 "交通污染监控点" 116.368 39.856
"南三环" 20160506 82.9583333333333 178.541666666667 0.408333333333333 39.4583333333333 50.9583333333333 2.5 "交通污染监控点" 116.368 39.856
"南三环" 20160825 27.125 92 NA 56.875 98.5 6.16666666666667 "交通污染监控点" 116.368 39.856
"南三环" 20160116 134.333333333333 169.333333333333 2.6375 75.5833333333333 6.16666666666667 43.4166666666667 "交通污染监控点" 116.368 39.856
"南三环" 20160901 13.2916666666667 51.5416666666667 NA 59.1304347826087 32.25 24.7619047619048 "交通污染监控点" 116.368 39.856
"南三环" 20160604 92.4166666666667 128.666666666667 1 86.5416666666667 82.875 22.1666666666667 "交通污染监控点" 116.368 39.856
"南三环" 20161113 108.652173913043 115.434782608696 2.68695652173913 76.6086956521739 3.57142857142857 23 "交通污染监控点" 116.368 39.856
"南三环" 20160322 117.458333333333 189.416666666667 1.725 107.625 10.8333333333333 32.7083333333333 "交通污染监控点" 116.368 39.856
"南三环" 20160718 115 140.208333333333 1.39166666666667 99.9583333333333 33.2083333333333 10.4583333333333 "交通污染监控点" 116.368 39.856
"南三环" 20160922 118.541666666667 126.5 NA 107.041666666667 NA 18.7083333333333 "交通污染监控点" 116.368 39.856
"南三环" 20160420 88.0952380952381 120.8125 0.966666666666667 84 34 14.2857142857143 "交通污染监控点" 116.368 39.856
"南三环" 20160725 52 109.1 1.27391304347826 68 37.2173913043478 5.52173913043478 "交通污染监控点" 116.368 39.856
"南三环" 20160412 90.8666666666667 92.2666666666667 0.893333333333333 76.6 7.4 10.4666666666667 "交通污染监控点" 116.368 39.856
"南三环" 20161204 329.958333333333 403.291666666667 4.375 124.291666666667 2.66666666666667 24.9166666666667 "交通污染监控点" 116.368 39.856
"南三环" 20161013 194.583333333333 179.541666666667 1.95 113.75 136.125 14.6666666666667 "交通污染监控点" 116.368 39.856
"南三环" 20160419 98.7222222222222 96.5625 1.69444444444444 93.3333333333333 11.6111111111111 22.1111111111111 "交通污染监控点" 116.368 39.856
"南三环" 20160227 23.8333333333333 62.4583333333333 0.833333333333333 62.8333333333333 21.4166666666667 13.4166666666667 "交通污染监控点" 116.368 39.856
"南三环" 20160503 28.0434782608696 80.7826086956522 0.504347826086956 54.5652173913044 31.3478260869565 3.95652173913043 "交通污染监控点" 116.368 39.856
"南三环" 20160106 44.4166666666667 97.2083333333333 1.42916666666667 59.125 10.0416666666667 17.5 "交通污染监控点" 116.368 39.856
"南三环" 20161225 168.076923076923 191.384615384615 3.43846153846154 120.076923076923 2 43.6923076923077 "交通污染监控点" 116.368 39.856
"南三环" 20160701 25.5 78.25 0.495833333333333 66.3333333333333 57.6666666666667 8.91666666666667 "交通污染监控点" 116.368 39.856
"南三环" 20160312 109.291666666667 91.6666666666667 1.95833333333333 99.25 10.7916666666667 46.3333333333333 "交通污染监控点" 116.368 39.856
"南三环" 20161110 182.2 259.5 1.85 73.9 12.3 22.7 "交通污染监控点" 116.368 39.856
"南三环" 20160517 52.5714285714286 86.2 0.671428571428571 94.2 16.8571428571429 9.85714285714286 "交通污染监控点" 116.368 39.856
"南三环" 20160524 29.8695652173913 86.304347826087 0.766666666666667 66.304347826087 41 11.2173913043478 "交通污染监控点" 116.368 39.856
"南三环" 20160919 22.4444444444444 36.1304347826087 NA 59.4347826086956 NA 6.39130434782609 "交通污染监控点" 116.368 39.856
"南三环" 20160531 60.3157894736842 152.6 0.955 80.5 31.75 15.9 "交通污染监控点" 116.368 39.856
"南三环" 20160722 94.0869565217391 94.7826086956522 1.47391304347826 84.6086956521739 28.7826086956522 5.47826086956522 "交通污染监控点" 116.368 39.856
"南三环" 20160622 62.3478260869565 108.913043478261 0.78695652173913 75.0434782608696 83.5652173913043 5.95652173913043 "交通污染监控点" 116.368 39.856
"南三环" 20160607 56.3333333333333 88.125 1.05416666666667 60.6666666666667 58.2916666666667 5.66666666666667 "交通污染监控点" 116.368 39.856
"南三环" 20160729 133.875 141.208333333333 0.905263157894737 77.2916666666667 65.0416666666667 5.875 "交通污染监控点" 116.368 39.856
"南三环" 20160614 48.0416666666667 81.0833333333333 0.791666666666667 62.0416666666667 35.8333333333333 9.08333333333333 "交通污染监控点" 116.368 39.856
"南三环" 20160812 91.3333333333333 121.615384615385 NA 62.5333333333333 26.4666666666667 9.93333333333333 "交通污染监控点" 116.368 39.856
"南三环" 20160621 112.458333333333 130.375 1.0375 77.5833333333333 96.7083333333333 6.33333333333333 "交通污染监控点" 116.368 39.856
"南三环" 20160103 255.291666666667 372.5 3.12916666666667 85.6666666666667 6.54166666666667 19.6666666666667 "交通污染监控点" 116.368 39.856
"南三环" 20161024 NA 70.2173913043478 1.45652173913043 37.5909090909091 17.3913043478261 11.9130434782609 "交通污染监控点" 116.368 39.856
"南三环" 20160628 85.2083333333333 95.4583333333333 0.908333333333333 72.75 35.0416666666667 6.66666666666667 "交通污染监控点" 116.368 39.856
"南三环" 20160324 18.3333333333333 40.6666666666667 0.654166666666667 61 29.4166666666667 6.66666666666667 "交通污染监控点" 116.368 39.856
"南三环" 20160117 38.25 122.458333333333 0.741666666666667 45.0833333333333 28.5833333333333 11.4583333333333 "交通污染监控点" 116.368 39.856
"南三环" 20160902 27.3 59.2 NA 70.5 5.1 2 "交通污染监控点" 116.368 39.856
"南三环" 20160605 84.6666666666667 119.083333333333 0.970833333333333 83.2083333333333 63.3333333333333 17.7083333333333 "交通污染监控点" 116.368 39.856
"南三环" 20161114 51.5416666666667 139.833333333333 1.19166666666667 54.5 15.2083333333333 7.75 "交通污染监控点" 116.368 39.856
"南三环" 20160323 23.25 103.041666666667 0.625 54.3333333333333 31.375 6.41666666666667 "交通污染监控点" 116.368 39.856
"南三环" 20160719 121.125 156.625 1.63333333333333 70.3333333333333 11.6666666666667 6.5 "交通污染监控点" 116.368 39.856
"南三环" 20160923 136.095238095238 162.761904761905 NA 103.095238095238 NA 10.0952380952381 "交通污染监控点" 116.368 39.856
"南三环" 20160421 124.227272727273 149.954545454545 1.10909090909091 103.545454545455 29.5 13 "交通污染监控点" 116.368 39.856
"南三环" 20160726 29.0869565217391 60.8260869565217 0.752173913043478 68.4782608695652 77.3913043478261 4.82608695652174 "交通污染监控点" 116.368 39.856
"南三环" 20160413 NA NA NA NA NA NA "交通污染监控点" 116.368 39.856
"南三环" 20161205 51.25 209.04347826087 1.225 61.5833333333333 17.5416666666667 9.95833333333333 "交通污染监控点" 116.368 39.856
"南三环" 20161014 321.375 295.235294117647 2.45294117647059 130.176470588235 483.5 16.2352941176471 "交通污染监控点" 116.368 39.856
"南三环" 20160703 100.708333333333 97.875 1.12916666666667 92.25 60.4583333333333 15.875 "交通污染监控点" 116.368 39.856
"南三环" 20160228 36.5416666666667 62.5833333333333 0.983333333333333 50.2916666666667 27.0416666666667 9.45833333333333 "交通污染监控点" 116.368 39.856
"南三环" 20160504 49.875 100 0.754166666666667 90.1666666666667 27.2916666666667 9.54166666666667 "交通污染监控点" 116.368 39.856
"南三环" 20160107 13.9583333333333 33.695652173913 0.779166666666667 48.8333333333333 10.8333333333333 10.0833333333333 "交通污染监控点" 116.368 39.856
"南三环" 20161226 49.304347826087 153.826086956522 1.19130434782609 65.695652173913 14.9130434782609 24.5652173913043 "交通污染监控点" 116.368 39.856
"南三环" 20160702 58 71.1666666666667 0.695833333333333 76.0416666666667 60.25 10.375 "交通污染监控点" 116.368 39.856
"南三环" 20160313 31.625 106.958333333333 0.8125 54.9166666666667 37.2083333333333 13 "交通污染监控点" 116.368 39.856
"南三环" 20161111 80.3636363636364 199.25 1.825 81 2.1 19.25 "交通污染监控点" 116.368 39.856
"南三环" 20160518 NA 49.8125 NA 77.3125 NA NA "交通污染监控点" 116.368 39.856
"南三环" 20160525 18.6666666666667 66.625 NA 69.2916666666667 45.375 8.58333333333333 "交通污染监控点" 116.368 39.856
"南三环" 20160920 30.875 43.7083333333333 NA 80.5833333333333 NA 9.29166666666667 "交通污染监控点" 116.368 39.856
"南三环" 20160601 40.695652173913 89.6086956521739 0.878260869565217 89.3913043478261 39.7826086956522 10.304347826087 "交通污染监控点" 116.368 39.856
"南三环" 20160723 149.875 157.25 1.62083333333333 89.9166666666667 41.4583333333333 6.41666666666667 "交通污染监控点" 116.368 39.856
"南三环" 20160623 86.8695652173913 103.217391304348 1.26521739130435 89.9565217391304 56.695652173913 13.3913043478261 "交通污染监控点" 116.368 39.856
"南三环" 20160608 156.791666666667 142.541666666667 1.5625 83.0416666666667 65.625 8.5 "交通污染监控点" 116.368 39.856
"南三环" 20160730 155 204.526315789474 5.33888888888889 60.35 38.95 3.75 "交通污染监控点" 116.368 39.856
"南三环" 20160615 32.2083333333333 55.75 0.7125 73.5416666666667 48.9583333333333 7.29166666666667 "交通污染监控点" 116.368 39.856
"南三环" 20160813 35.75 68.2916666666667 NA 65.9166666666667 33.9583333333333 8.5 "交通污染监控点" 116.368 39.856
"南三环" 20160119 83.7083333333333 77.25 2.02916666666667 79.7916666666667 9.95833333333333 32.5 "交通污染监控点" 116.368 39.856
"南三环" 20160104 67.9583333333333 206.826086956522 1.39583333333333 58.125 9.75 11.2916666666667 "交通污染监控点" 116.368 39.856
"南三环" 20161025 NA 102.357142857143 1.80714285714286 95.4285714285714 9 12.3571428571429 "交通污染监控点" 116.368 39.856
"南三环" 20160629 133.916666666667 153.708333333333 1.08333333333333 74.5 42.4166666666667 6.125 "交通污染监控点" 116.368 39.856
"南三环" 20160325 21.9545454545455 54.0476190476191 0.777272727272727 68.9545454545455 27.3181818181818 8.27272727272727 "交通污染监控点" 116.368 39.856
"南三环" 20160118 11.7272727272727 54.7916666666667 0.575 37.625 32.5 8.45833333333333 "交通污染监控点" 116.368 39.856
"南三环" 20160903 NA NA NA NA NA NA "交通污染监控点" 116.368 39.856
"南三环" 20160606 96.8823529411765 105.5 0.991666666666667 81.4166666666667 70.25 13.875 "交通污染监控点" 116.368 39.856
"南三环" 20161115 44.2916666666667 49.75 1.7 72.0416666666667 8.54545454545454 13.5833333333333 "交通污染监控点" 116.368 39.856
"南三环" 20160415 66.4210526315789 103.75 1.44583333333333 96.875 22.695652173913 26.0434782608696 "交通污染监控点" 116.368 39.856
"南三环" 20160720 40.304347826087 115.608695652174 0.752173913043478 40.0434782608696 31.0434782608696 6.34782608695652 "交通污染监控点" 116.368 39.856
"南三环" 20160924 145.375 178.5 NA 110.75 NA 11 "交通污染监控点" 116.368 39.856
"南三环" 20160422 29 109.666666666667 0.520833333333333 55.7916666666667 46.625 3.79166666666667 "交通污染监控点" 116.368 39.856
"南三环" 20160727 71.8695652173913 84.9166666666667 0.927272727272727 68.2083333333333 79.2916666666667 6.875 "交通污染监控点" 116.368 39.856
"南三环" 20160414 41.6428571428571 96.0714285714286 0.685714285714286 60.5714285714286 48.7857142857143 7.14285714285714 "交通污染监控点" 116.368 39.856
"南三环" 20161206 104.916666666667 78.6666666666667 2.52083333333333 100.833333333333 3.41666666666667 30.7083333333333 "交通污染监控点" 116.368 39.856
"南三环" 20161015 195.846153846154 268.307692307692 2.29230769230769 116.615384615385 21.0769230769231 13.3846153846154 "交通污染监控点" 116.368 39.856
"南三环" 20160704 142.791666666667 182.583333333333 1.3125 88.2916666666667 63.3333333333333 8.95833333333333 "交通污染监控点" 116.368 39.856
"南三环" 20160229 39.0833333333333 47.25 1.05833333333333 65.6666666666667 19.5833333333333 17.0833333333333 "交通污染监控点" 116.368 39.856
"南三环" 20160626 50.4166666666667 73.625 0.8 82.5294117647059 63.9473684210526 12.5555555555556 "交通污染监控点" 116.368 39.856
"南三环" 20160108 46.625 41.375 1.2625 64 9.29166666666667 20.9583333333333 "交通污染监控点" 116.368 39.856
"南三环" 20161227 44.2916666666667 40.9166666666667 1.07916666666667 63.3333333333333 13.8333333333333 14.25 "交通污染监控点" 116.368 39.856
"南三环" 20160802 83.9523809523809 134.2 NA 86.9047619047619 58.2380952380952 5.90476190476191 "交通污染监控点" 116.368 39.856
"南三环" 20160329 25.0869565217391 111.095238095238 0.660869565217391 64.304347826087 33.695652173913 9.95652173913044 "交通污染监控点" 116.368 39.856
"南三环" 20160710 92.4166666666667 130.826086956522 0.833333333333333 68.9166666666667 69.2916666666667 10.625 "交通污染监控点" 116.368 39.856
"南三环" 20160519 121.375 118.5 0.957142857142857 104.357142857143 119.285714285714 22.3571428571429 "交通污染监控点" 116.368 39.856
"南三环" 20160610 59.0833333333333 103.75 0.654166666666667 53.5 83.7083333333333 8.20833333333333 "交通污染监控点" 116.368 39.856
"南三环" 20160801 88.875 108.375 NA 73.3333333333333 46.4166666666667 9.95833333333333 "交通污染监控点" 116.368 39.856
"南三环" 20160328 89.1666666666667 99.9166666666667 1.10416666666667 92.875 21.7916666666667 29.5 "交通污染监控点" 116.368 39.856
"南三环" 20160815 32.5416666666667 78 NA 73.875 101.208333333333 5.625 "交通污染监控点" 116.368 39.856
"南三环" 20160624 23.5 86.25 0.525 61.625 35.9166666666667 6.125 "交通污染监控点" 116.368 39.856
"南三环" 20160609 103.52380952381 198.75 1.13809523809524 65.9523809523809 96.2380952380952 15.4285714285714 "交通污染监控点" 116.368 39.856
"南三环" 20160731 74.3913043478261 132.521739130435 14.7769230769231 57.4347826086956 42.4347826086956 8.82608695652174 "交通污染监控点" 116.368 39.856
"南三环" 20160716 47.9583333333333 59.0833333333333 0.954166666666667 79.75 32.75 9.875 "交通污染监控点" 116.368 39.856
"南三环" 20160814 33.25 67.25 NA 87.875 91.875 8.79166666666667 "交通污染监控点" 116.368 39.856
"南三环" 20160905 42.8333333333333 61.8571428571429 NA 92.5714285714286 66 10.1428571428571 "交通污染监控点" 116.368 39.856
"南三环" 20160105 47.2916666666667 45.8333333333333 1.2375 56.9166666666667 10.5833333333333 19.125 "交通污染监控点" 116.368 39.856
"南三环" 20161026 NA 92.4210526315789 1.08095238095238 61.0476190476191 15.1 5.61904761904762 "交通污染监控点" 116.368 39.856
"南三环" 20160630 100.25 161.583333333333 1.02083333333333 89.25 64.0416666666667 7.08333333333333 "交通污染监控点" 116.368 39.856
"南三环" 20160326 16.8333333333333 56.9583333333333 0.6375 57.75 34.0833333333333 6.41666666666667 "交通污染监控点" 116.368 39.856
"南三环" 20161209 30.5217391304348 62.2380952380952 0.88695652173913 54.3478260869565 22.0434782608696 11.1304347826087 "交通污染监控点" 116.368 39.856
"南三环" 20160904 NA NA NA NA NA NA "交通污染监控点" 116.368 39.856
"南三环" 20160311 21.9565217391304 60.695652173913 0.791304347826087 60.4782608695652 27.2608695652174 10.1739130434783 "交通污染监控点" 116.368 39.856
"南三环" 20161116 108.347826086957 112.409090909091 2.46521739130435 88.7272727272727 4.82608695652174 25.2608695652174 "交通污染监控点" 116.368 39.856
"南三环" 20160416 52.1 133.736842105263 0.38421052631579 46.8421052631579 32 3.84210526315789 "交通污染监控点" 116.368 39.856
"南三环" 20160721 32.7916666666667 38.2916666666667 1.10416666666667 51.3333333333333 15 4.58333333333333 "交通污染监控点" 116.368 39.856
"南三环" 20160925 191.791666666667 241.583333333333 NA 99 NA 9.20833333333333 "交通污染监控点" 116.368 39.856
"南三环" 20160310 12.375 49.2083333333333 0.6375 40.3333333333333 39.7916666666667 5.625 "交通污染监控点" 116.368 39.856
"南三环" 20160728 59.125 77.0416666666667 0.9125 64.5 53.0416666666667 6.95833333333333 "交通污染监控点" 116.368 39.856
"南三环" 20160713 29.7083333333333 56.8333333333333 0.716666666666667 74.5416666666667 55.5833333333333 6.70833333333333 "交通污染监控点" 116.368 39.856
"南三环" 20161207 164.826086956522 184.695652173913 3.31304347826087 123.695652173913 2.78260869565217 36.304347826087 "交通污染监控点" 116.368 39.856
"南三环" 20161016 124.166666666667 216.875 1.10833333333333 76.75 15.7083333333333 12.875 "交通污染监控点" 116.368 39.856
"南三环" 20160804 112.125 124.291666666667 NA 86.5833333333333 83.625 10.375 "交通污染监控点" 116.368 39.856
"南三环" 20160301 130.541666666667 113.625 2.2375 98.7083333333333 12.25 35.625 "交通污染监控点" 116.368 39.856
"南三环" 20160627 69.1666666666667 87.5833333333333 0.933333333333333 87.1666666666667 69.0833333333333 15.5833333333333 "交通污染监控点" 116.368 39.856
"南三环" 20160109 110.291666666667 111 2.24166666666667 89.75 8.125 30.9166666666667 "交通污染监控点" 116.368 39.856
"南三环" 20161228 82.625 126.083333333333 1.33333333333333 56.4583333333333 18.25 15.5833333333333 "交通污染监控点" 116.368 39.856
"南三环" 20160803 77.7142857142857 101.888888888889 NA 97.3333333333333 99.7142857142857 4.52380952380952 "交通污染监控点" 116.368 39.856
"南三环" 20160330 30.875 73.875 0.825 73.125 30.2083333333333 12.7916666666667 "交通污染监控点" 116.368 39.856
"南三环" 20160711 94.0833333333333 114.041666666667 0.804166666666667 68.1666666666667 69.25 11.2916666666667 "交通污染监控点" 116.368 39.856
"南三环" 20160520 NA 100.142857142857 1.07857142857143 117.214285714286 40.9285714285714 15.6428571428571 "交通污染监控点" 116.368 39.856
"南三环" 20160611 19.5416666666667 55.2916666666667 0.491666666666667 55.7083333333333 47.625 5 "交通污染监控点" 116.368 39.856
"南三环" 20160307 45.875 149.583333333333 1.42916666666667 54.0416666666667 34.0833333333333 15.6666666666667 "交通污染监控点" 116.368 39.856
"南三环" 20160708 97.4583333333333 135 1.3 82.8333333333333 55.9166666666667 12.9583333333333 "交通污染监控点" 116.368 39.856
"南三环" 20160816 34.7916666666667 56.875 NA 75.8333333333333 97.625 7.41666666666667 "交通污染监控点" 116.368 39.856
"南三环" 20160625 23.2083333333333 47.7083333333333 0.479166666666667 58.4166666666667 45.4166666666667 7.54166666666667 "交通污染监控点" 116.368 39.856
"南三环" 20160417 23.2307692307692 56.7142857142857 0.454166666666667 41.625 50.625 2.625 "交通污染监控点" 116.368 39.856
"南三环" 20160306 81.6666666666667 153.833333333333 1.85833333333333 85.5416666666667 7.125 33.5 "交通污染监控点" 116.368 39.856
"南三环" 20161018 135.875 120.791666666667 1.92083333333333 85.0833333333333 15.0416666666667 15.6666666666667 "交通污染监控点" 116.368 39.856
"南三环" 20160521 NA 88.6 0.92 94 21.4 11.6 "交通污染监控点" 116.368 39.856
"南三环" 20160906 27.1111111111111 65.8823529411765 NA 75.5 24.0555555555556 9.27777777777778 "交通污染监控点" 116.368 39.856
"南三环" 20160709 84 121.083333333333 0.85 71.5 58 9.16666666666667 "交通污染监控点" 116.368 39.856
"南三环" 20160305 59.9583333333333 290.25 0.591666666666667 35.6666666666667 41.1666666666667 5.91666666666667 "交通污染监控点" 116.368 39.856
"南三环" 20161017 79.5416666666667 132.208333333333 1.10416666666667 78.5416666666667 33.625 8 "交通污染监控点" 116.368 39.856
"南三环" 20160327 23.7083333333333 56.4583333333333 0.741666666666667 71.875 24.25 9.5 "交通污染监控点" 116.368 39.856
"南三环" 20160302 198.416666666667 234.416666666667 3.2625 140.666666666667 10.0416666666667 46.0416666666667 "交通污染监控点" 116.368 39.856
"南三环" 20160401 38.5833333333333 163.625 0.55 60.7916666666667 31.0416666666667 11.2083333333333 "交通污染监控点" 116.368 39.856
"南三环" 20160522 NA 69.3333333333333 NA 101.444444444444 89.1111111111111 16.6666666666667 "交通污染监控点" 116.368 39.856
"南三环" 20160715 41.5 65.375 0.883333333333333 74.625 26.125 7.41666666666667 "交通污染监控点" 116.368 39.856
"南三环" 20160309 10.6086956521739 31.3809523809524 0.595652173913043 35.5652173913044 41.0869565217391 5.39130434782609 "交通污染监控点" 116.368 39.856
"南三环" 20160331 154.208333333333 135.083333333333 1.59583333333333 110.833333333333 23.875 43.0416666666667 "交通污染监控点" 116.368 39.856
"南三环" 20160712 40.3333333333333 97.5833333333333 0.695833333333333 65.9166666666667 36.8333333333333 9.58333333333333 "交通污染监控点" 116.368 39.856
"南三环" 20160707 117.666666666667 128.125 1.3375 91 90 14.8333333333333 "交通污染监控点" 116.368 39.856
"南三环" 20160303 282.083333333333 259.291666666667 3.54583333333333 128.875 6.625 49.4583333333333 "交通污染监控点" 116.368 39.856
"南三环" 20160714 38.6521739130435 71.2173913043478 0.995652173913044 89.6086956521739 44.5217391304348 9.21739130434783 "交通污染监控点" 116.368 39.856
"南三环" 20161208 114.333333333333 224.173913043478 2.12083333333333 71.9583333333333 22.5416666666667 22.5416666666667 "交通污染监控点" 116.368 39.856
"南三环" 20160523 69.0714285714286 104.958333333333 0.4 94.1666666666667 42.7916666666667 26.7916666666667 "交通污染监控点" 116.368 39.856
"南三环" 20160706 77.6190476190476 116.95652173913 1.01304347826087 94.6521739130435 71.8695652173913 12.6521739130435 "交通污染监控点" 116.368 39.856
"南三环" 20160805 73.1666666666667 120.166666666667 NA 77.5833333333333 54.375 10.1666666666667 "交通污染监控点" 116.368 39.856
"南三环" 20160308 11.3888888888889 53.2857142857143 0.594444444444444 35 45.6666666666667 4.83333333333333 "交通污染监控点" 116.368 39.856
"南三环" 20160705 108.913043478261 155.304347826087 1.06086956521739 84.1304347826087 71.695652173913 12.7391304347826 "交通污染监控点" 116.368 39.856
"南三环" 20160304 295.681818181818 371.458333333333 4.325 123.291666666667 3.75 48.5 "交通污染监控点" 116.368 39.856
"南三环" 20160613 62 88.4583333333333 0.833333333333333 68.2083333333333 50.875 8.875 "交通污染监控点" 116.368 39.856
"南三环" 20160612 76.0833333333333 78.5833333333333 1.03333333333333 82.5416666666667 74.9583333333333 11.4583333333333 "交通污染监控点" 116.368 39.856
"南三环" 20160806 116.130434782609 132.238095238095 NA 77.8695652173913 60.1304347826087 9.82608695652174 "交通污染监控点" 116.368 39.856
