"丰台花园" 20161111 172.857142857143 214 2.65714285714286 67 2 2.14285714285714 "城区环境评价点" 116.279 39.863
"丰台花园" 20161019 248.208333333333 250.958333333333 2.05833333333333 85.2083333333333 11.625 2 "城区环境评价点" 116.279 39.863
"丰台花园" 20161110 172.291666666667 244.833333333333 1.89583333333333 70.4583333333333 4.625 2.29166666666667 "城区环境评价点" 116.279 39.863
"丰台花园" 20161109 174.75 142.041666666667 2.72083333333333 96.5 2.91666666666667 6.29166666666667 "城区环境评价点" 116.279 39.863
"丰台花园" 20161113 101.869565217391 94.7083333333333 2.24583333333333 79.8333333333333 2.70833333333333 2 "城区环境评价点" 116.279 39.863
"丰台花园" 20161021 46.0416666666667 70 0.95 48.5416666666667 9.91666666666667 2 "城区环境评价点" 116.279 39.863
"丰台花园" 20160519 88.3333333333333 106.833333333333 0.8375 49.125 136.875 17.8333333333333 "城区环境评价点" 116.279 39.863
"丰台花园" 20161116 108.217391304348 101.590909090909 2.39565217391304 89.2608695652174 6.39130434782609 5.69565217391304 "城区环境评价点" 116.279 39.863
"丰台花园" 20161112 NA 46.3333333333333 1.83333333333333 92.3333333333333 2.66666666666667 2 "城区环境评价点" 116.279 39.863
"丰台花园" 20161020 89 233.291666666667 1.475 58.0416666666667 12.75 2.33333333333333 "城区环境评价点" 116.279 39.863
"丰台花园" 20161118 196.916666666667 181.291666666667 4.2375 93.3333333333333 2.125 4.75 "城区环境评价点" 116.279 39.863
"丰台花园" 20161120 62.6666666666667 140.041666666667 1.4125 70.25 2.625 4.33333333333333 "城区环境评价点" 116.279 39.863
"丰台花园" 20161125 187 196.333333333333 3.53333333333333 109.041666666667 4.33333333333333 10.2083333333333 "城区环境评价点" 116.279 39.863
"丰台花园" 20160508 77 83.5416666666667 0.783333333333333 50.25 74.7916666666667 17.7083333333333 "城区环境评价点" 116.279 39.863
"丰台花园" 20160507 25.1 60.625 0.375 41.125 70.125 3.66666666666667 "城区环境评价点" 116.279 39.863
"丰台花园" 20161117 103.791666666667 150.291666666667 2.5375 72.625 3.125 2.08333333333333 "城区环境评价点" 116.279 39.863
"丰台花园" 20160509 42.625 80.4583333333333 0.654166666666667 44.3333333333333 50.9166666666667 4.95833333333333 "城区环境评价点" 116.279 39.863
"丰台花园" 20160512 41.9166666666667 153 0.516666666666667 41.8333333333333 44.4166666666667 2.04166666666667 "城区环境评价点" 116.279 39.863
"丰台花园" 20161114 50.4583333333333 133.875 1.17083333333333 50.1666666666667 26.5833333333333 3.47826086956522 "城区环境评价点" 116.279 39.863
"丰台花园" 20160511 161.272727272727 153.565217391304 1.19130434782609 45.695652173913 108.04347826087 14 "城区环境评价点" 116.279 39.863
"丰台花园" 20161121 10.6666666666667 49.2083333333333 0.425 26 37.2916666666667 2 "城区环境评价点" 116.279 39.863
"丰台花园" 20161124 103.25 86.8333333333333 1.875 78.4583333333333 10.0833333333333 9.95833333333333 "城区环境评价点" 116.279 39.863
"丰台花园" 20160513 32.9166666666667 62.7916666666667 0.533333333333333 52.7916666666667 56.625 5.45833333333333 "城区环境评价点" 116.279 39.863
"丰台花园" 20161022 14.7083333333333 43.3333333333333 0.6 36.0416666666667 13.0833333333333 2 "城区环境评价点" 116.279 39.863
"丰台花园" 20160510 64.6 73.3913043478261 0.682608695652174 52.7826086956522 71.2608695652174 4 "城区环境评价点" 116.279 39.863
"丰台花园" 20160505 60.9583333333333 69.125 1.03333333333333 52.2083333333333 76.2083333333333 16.0416666666667 "城区环境评价点" 116.279 39.863
"丰台花园" 20160929 57.3333333333333 60.625 0.716666666666667 71.4166666666667 39.875 3.08333333333333 "城区环境评价点" 116.279 39.863
"丰台花园" 20160831 18.2083333333333 58.3333333333333 0.554166666666667 67 44.75 2.75 "城区环境评价点" 116.279 39.863
"丰台花园" 20160907 39.4285714285714 69.4166666666667 0.671428571428571 46.2857142857143 88.7142857142857 2.71428571428571 "城区环境评价点" 116.279 39.863
"丰台花园" 20160115 99.2083333333333 154.416666666667 3.35416666666667 86.7083333333333 8.79166666666667 39.7083333333333 "城区环境评价点" 116.279 39.863
"丰台花园" 20161119 153.208333333333 237.125 2.26666666666667 78.8333333333333 11.5416666666667 6.125 "城区环境评价点" 116.279 39.863
"丰台花园" 20160928 17.7916666666667 27.6666666666667 0.325 45.5 27.3333333333333 2 "城区环境评价点" 116.279 39.863
"丰台花园" 20160717 72.75 80.625 1.00833333333333 52.5416666666667 97.375 2.33333333333333 "城区环境评价点" 116.279 39.863
"丰台花园" 20160526 28.75 60.9583333333333 0.370833333333333 48.5 70.0416666666667 2.70833333333333 "城区环境评价点" 116.279 39.863
"丰台花园" 20161126 332.041666666667 320.208333333333 4.38333333333333 128.291666666667 6.95833333333333 9.54166666666667 "城区环境评价点" 116.279 39.863
"丰台花园" 20160518 62.5833333333333 87.25 0.645833333333333 46.1666666666667 108.416666666667 11.125 "城区环境评价点" 116.279 39.863
"丰台花园" 20160927 27.25 74.9583333333333 0.704166666666667 33.9583333333333 35.2916666666667 2 "城区环境评价点" 116.279 39.863
"丰台花园" 20160520 89.875 120.166666666667 1.0875 56.375 137.333333333333 22.0416666666667 "城区环境评价点" 116.279 39.863
"丰台花园" 20161210 71.0833333333333 77.875 2.22083333333333 78.0833333333333 7.125 6.20833333333333 "城区环境评价点" 116.279 39.863
"丰台花园" 20160212 162.916666666667 212.916666666667 2.71666666666667 65.4583333333333 8.58333333333333 22.0833333333333 "城区环境评价点" 116.279 39.863
"丰台花园" 20160517 61.375 87.6666666666667 0.7625 64.2916666666667 103 11.25 "城区环境评价点" 116.279 39.863
"丰台花园" 20160926 58.3333333333333 130.04347826087 1.34583333333333 60.7916666666667 41.2083333333333 2 "城区环境评价点" 116.279 39.863
"丰台花园" 20161026 50.2857142857143 116.736842105263 0.947619047619048 56.3809523809524 15.6666666666667 3 "城区环境评价点" 116.279 39.863
"丰台花园" 20160828 12.625 45.3333333333333 0.35 41.0416666666667 46.875 2.41666666666667 "城区环境评价点" 116.279 39.863
"丰台花园" 20160304 313.75 390.125 4.425 116 13.0416666666667 48.5416666666667 "城区环境评价点" 116.279 39.863
"丰台花园" 20160516 26.5652173913043 65.9130434782609 0.530434782608696 49.6521739130435 61.5652173913044 3.30434782608696 "城区环境评价点" 116.279 39.863
"丰台花园" 20160904 68.4583333333333 78.125 0.916666666666667 55.75 85.75 3.25 "城区环境评价点" 116.279 39.863
"丰台花园" 20160911 34.25 61.4583333333333 0.825 48.5833333333333 71.0416666666667 2 "城区环境评价点" 116.279 39.863
"丰台花园" 20160119 89.6666666666667 65.875 2.16666666666667 70 9.75 37.1666666666667 "城区环境评价点" 116.279 39.863
"丰台花园" 20160523 66.4782608695652 87.0434782608696 0.956521739130435 54.0869565217391 77.1739130434783 17.1739130434783 "城区环境评价点" 116.279 39.863
"丰台花园" 20160807 12.7826086956522 70.9 0.682608695652174 30.8260869565217 81.5652173913043 2 "城区环境评价点" 116.279 39.863
"丰台花园" 20161002 188 237.708333333333 1.5375 101.75 46.1666666666667 3.04166666666667 "城区环境评价点" 116.279 39.863
"丰台花园" 20160515 37.6666666666667 66.0416666666667 0.583333333333333 41.7916666666667 34.5416666666667 2.54166666666667 "城区环境评价点" 116.279 39.863
"丰台花园" 20161115 38.6666666666667 41.625 1.45833333333333 70.0416666666667 8.29166666666667 9.04166666666667 "城区环境评价点" 116.279 39.863
"丰台花园" 20160522 53.0416666666667 90.1666666666667 0.745833333333333 74.375 102.75 10.375 "城区环境评价点" 116.279 39.863
"丰台花园" 20161122 8.79166666666667 18.25 0.4625 30.7083333333333 35.8333333333333 2.16666666666667 "城区环境评价点" 116.279 39.863
"丰台花园" 20161001 174.541666666667 190.375 1.52083333333333 111.875 44.7916666666667 6.75 "城区环境评价点" 116.279 39.863
"丰台花园" 20160514 41.9166666666667 62.7916666666667 0.554166666666667 41.6666666666667 42.375 2.29166666666667 "城区环境评价点" 116.279 39.863
"丰台花园" 20161023 36.1666666666667 44.0833333333333 0.666666666666667 50.2916666666667 15.6666666666667 2.83333333333333 "城区环境评价点" 116.279 39.863
"丰台花园" 20160521 73.5416666666667 114.416666666667 0.925 52 126.958333333333 22.5 "城区环境评价点" 116.279 39.863
"丰台花园" 20160506 72.7916666666667 170.666666666667 0.329166666666667 24.0833333333333 68.8333333333333 2.125 "城区环境评价点" 116.279 39.863
"丰台花园" 20160930 107.541666666667 112.458333333333 1.1 91.75 65.25 3.75 "城区环境评价点" 116.279 39.863
"丰台花园" 20160901 9.375 37.8333333333333 0.395238095238095 42.2222222222222 38.7916666666667 2.5 "城区环境评价点" 116.279 39.863
"丰台花园" 20160908 22.7916666666667 55.7083333333333 0.595833333333333 55.625 51.0416666666667 2 "城区环境评价点" 116.279 39.863
"丰台花园" 20160116 136.416666666667 155.916666666667 2.43333333333333 71.75 5.375 44.8333333333333 "城区环境评价点" 116.279 39.863
"丰台花园" 20160315 152.4 144.4 1.575 78.95 24.65 55.8 "城区环境评价点" 116.279 39.863
"丰台花园" 20160123 9.70833333333333 20.4583333333333 0.454166666666667 24.6666666666667 51.4583333333333 5 "城区环境评价点" 116.279 39.863
"丰台花园" 20160718 110.375 127.791666666667 1.19583333333333 60.7916666666667 74.5833333333333 2.625 "城区环境评价点" 116.279 39.863
"丰台花园" 20160527 51.1666666666667 77.2916666666667 0.683333333333333 67.9583333333333 84.2916666666667 12.4166666666667 "城区环境评价点" 116.279 39.863
"丰台花园" 20161127 61.2916666666667 274.125 1.325 59.5 25.7916666666667 5.25 "城区环境评价点" 116.279 39.863
"丰台花园" 20160314 86.8260869565217 82.0434782608696 1.5 75 26.8260869565217 24.7826086956522 "城区环境评价点" 116.279 39.863
"丰台花园" 20160122 18.0833333333333 112.666666666667 0.616666666666667 28 48.75 5.91666666666667 "城区环境评价点" 116.279 39.863
"丰台花园" 20160808 30.2222222222222 52.8823529411765 0.833333333333333 41.0555555555556 64.5 2 "城区环境评价点" 116.279 39.863
"丰台花园" 20161211 178.75 156.04347826087 3.53333333333333 102.083333333333 6.875 4.91666666666667 "城区环境评价点" 116.279 39.863
"丰台花园" 20160213 8.58333333333333 111.708333333333 0.325 13.7916666666667 49.5833333333333 6 "城区环境评价点" 116.279 39.863
"丰台花园" 20161005 56.4166666666667 54.2916666666667 1.24583333333333 51.6666666666667 19.0416666666667 2 "城区环境评价点" 116.279 39.863
"丰台花园" 20160602 50.875 81.5 0.8125 66.9583333333333 101.458333333333 9.33333333333333 "城区环境评价点" 116.279 39.863
"丰台花园" 20161027 32.2083333333333 55.2916666666667 1.025 58.0416666666667 3.04166666666667 2.04166666666667 "城区环境评价点" 116.279 39.863
"丰台花园" 20160829 21.5833333333333 54.3333333333333 0.526086956521739 60.1304347826087 39.3809523809524 3 "城区环境评价点" 116.279 39.863
"丰台花园" 20160305 63.7916666666667 290.541666666667 0.4 26.25 57.125 3.875 "城区环境评价点" 116.279 39.863
"丰台花园" 20160113 66.0434782608696 45.875 1.65833333333333 67.25 11.4166666666667 28.8333333333333 "城区环境评价点" 116.279 39.863
"丰台花园" 20160905 31.0416666666667 69.875 0.625 43.625 74.75 2 "城区环境评价点" 116.279 39.863
"丰台花园" 20160912 38.625 53.75 0.870833333333333 43.7083333333333 68.3333333333333 2 "城区环境评价点" 116.279 39.863
"丰台花园" 20160120 136.5 158.958333333333 3.88333333333333 89.2916666666667 2.04166666666667 62.9583333333333 "城区环境评价点" 116.279 39.863
"丰台花园" 20160524 24.25 66.0833333333333 0.395833333333333 40 73.7916666666667 3.20833333333333 "城区环境评价点" 116.279 39.863
"丰台花园" 20160112 13.3333333333333 21.695652173913 0.608333333333333 40.0416666666667 26.2083333333333 5.91666666666667 "城区环境评价点" 116.279 39.863
"丰台花园" 20161003 113.666666666667 191.875 1.20416666666667 68.9583333333333 48.8333333333333 2.20833333333333 "城区环境评价点" 116.279 39.863
"丰台花园" 20160531 40.1304347826087 97.75 0.679166666666667 35.0833333333333 81.0833333333333 8.45833333333333 "城区环境评价点" 116.279 39.863
"丰台花园" 20161201 47.25 81.2916666666667 0.983333333333333 68 19.2916666666667 4.95833333333333 "城区环境评价点" 116.279 39.863
"丰台花园" 20161010 96.9166666666667 85.1666666666667 1.29166666666667 82.9583333333333 9.08333333333333 4.29166666666667 "城区环境评价点" 116.279 39.863
"丰台花园" 20161123 46.4583333333333 37.1666666666667 0.95 54.2916666666667 17.875 6.45833333333333 "城区环境评价点" 116.279 39.863
"丰台花园" 20161017 64.0833333333333 113.666666666667 0.829166666666667 59.125 23.7083333333333 2 "城区环境评价点" 116.279 39.863
"丰台花园" 20160423 21.2916666666667 64.5833333333333 0.270833333333333 40.5833333333333 62.5833333333333 2.91666666666667 "城区环境评价点" 116.279 39.863
"丰台花园" 20161024 71.5833333333333 74.75 1.23333333333333 61.4166666666667 2.20833333333333 2.75 "城区环境评价点" 116.279 39.863
"丰台花园" 20160103 269.458333333333 370.708333333333 3.575 84.875 6.91666666666667 16.9166666666667 "城区环境评价点" 116.279 39.863
"丰台花园" 20160430 160.958333333333 218.5 1.55 79.875 112.583333333333 12.2916666666667 "城区环境评价点" 116.279 39.863
"丰台花园" 20161031 19.1666666666667 37.7916666666667 0.308333333333333 29.75 34.0416666666667 2.16666666666667 "城区环境评价点" 116.279 39.863
"丰台花园" 20160902 14.625 49.2083333333333 0.575 43.4166666666667 17 2.125 "城区环境评价点" 116.279 39.863
"丰台花园" 20160909 20.6363636363636 52.3333333333333 0.558333333333333 61 29.375 2.33333333333333 "城区环境评价点" 116.279 39.863
"丰台花园" 20160117 39.1666666666667 125.708333333333 0.758333333333333 37.5833333333333 34.6666666666667 7.875 "城区环境评价点" 116.279 39.863
"丰台花园" 20160316 268.863636363636 260.791666666667 2.69583333333333 98.9166666666667 52.9583333333333 44.25 "城区环境评价点" 116.279 39.863
"丰台花园" 20160124 13.4166666666667 22.125 0.604166666666667 37.375 40.8333333333333 7.45833333333333 "城区环境评价点" 116.279 39.863
"丰台花园" 20160719 103.833333333333 143.208333333333 1.49166666666667 53.0833333333333 27.0833333333333 2 "城区环境评价点" 116.279 39.863
"丰台花园" 20160528 47.25 80.4166666666667 0.670833333333333 52.2916666666667 100.291666666667 9.79166666666667 "城区环境评价点" 116.279 39.863
"丰台花园" 20161128 87.7916666666667 89.2083333333333 2.325 89.5416666666667 9.91666666666667 10.75 "城区环境评价点" 116.279 39.863
"丰台花园" 20161007 37.75 69.6666666666667 1.62083333333333 49.25 8.5 2 "城区环境评价点" 116.279 39.863
"丰台花园" 20160604 83.0833333333333 120.208333333333 0.866666666666667 41.1666666666667 140 18.9166666666667 "城区环境评价点" 116.279 39.863
"丰台花园" 20160809 38.8666666666667 72.2666666666667 1.14666666666667 33.6 121.266666666667 4.73333333333333 "城区环境评价点" 116.279 39.863
"丰台花园" 20161212 231.263157894737 262.263157894737 2.83157894736842 108.210526315789 4.89473684210526 7.10526315789474 "城区环境评价点" 116.279 39.863
"丰台花园" 20160214 6.66666666666667 18 0.304166666666667 16.0833333333333 52.2916666666667 3.70833333333333 "城区环境评价点" 116.279 39.863
"丰台花园" 20161006 71.4782608695652 99 1.53913043478261 59.8695652173913 5.82608695652174 2 "城区环境评价点" 116.279 39.863
"丰台花园" 20160603 84.4583333333333 94.2916666666667 1.22083333333333 75.875 110.75 21.125 "城区环境评价点" 116.279 39.863
"丰台花园" 20161028 17.2 40.5 0.575 46.7083333333333 17.2916666666667 2 "城区环境评价点" 116.279 39.863
"丰台花园" 20160830 32.3913043478261 68.2083333333333 0.766666666666667 69.9090909090909 83.5416666666667 2.95833333333333 "城区环境评价点" 116.279 39.863
"丰台花园" 20160306 78.7083333333333 135.416666666667 1.7875 74.4583333333333 14.2083333333333 29.5 "城区环境评价点" 116.279 39.863
"丰台花园" 20160114 142.958333333333 162.166666666667 4.45833333333333 95.4166666666667 9.25 47.7083333333333 "城区环境评价点" 116.279 39.863
"丰台花园" 20160906 20.5555555555556 59.6470588235294 0.661538461538462 57.5 30 2.38888888888889 "城区环境评价点" 116.279 39.863
"丰台花园" 20160913 77.1666666666667 79.2083333333333 0.983333333333333 71.4166666666667 61.7083333333333 2.33333333333333 "城区环境评价点" 116.279 39.863
"丰台花园" 20160121 143.916666666667 185.333333333333 2.88333333333333 74.625 2.66666666666667 31.2916666666667 "城区环境评价点" 116.279 39.863
"丰台花园" 20160525 13.1739130434783 50.6086956521739 0.317391304347826 35.6521739130435 82.9565217391304 2 "城区环境评价点" 116.279 39.863
"丰台花园" 20160128 133.416666666667 202.333333333333 3.0625 93.3333333333333 10.125 60.6666666666667 "城区环境评价点" 116.279 39.863
"丰台花园" 20161004 33.25 101.458333333333 0.941666666666667 41.7916666666667 17.4166666666667 2 "城区环境评价点" 116.279 39.863
"丰台花园" 20160601 33.875 69.4166666666667 0.654166666666667 52.375 82.4583333333333 5.33333333333333 "城区环境评价点" 116.279 39.863
"丰台花园" 20161202 138.5 126.666666666667 3.20833333333333 100.875 7.83333333333333 8.91666666666667 "城区环境评价点" 116.279 39.863
"丰台花园" 20161011 121.333333333333 159.166666666667 1.625 74.0416666666667 22.875 3.875 "城区环境评价点" 116.279 39.863
"丰台花园" 20160127 132.041666666667 118.208333333333 3.75833333333333 94.3333333333333 9.79166666666667 56.4583333333333 "城区环境评价点" 116.279 39.863
"丰台花园" 20161018 136.75 117 1.62083333333333 79.4166666666667 7.125 2 "城区环境评价点" 116.279 39.863
"丰台花园" 20160424 98.625 91.4583333333333 0.933333333333333 63.4166666666667 63.375 24.7916666666667 "城区环境评价点" 116.279 39.863
"丰台花园" 20161025 110.041666666667 122.333333333333 1.6 77.5833333333333 3.41666666666667 3.75 "城区环境评价点" 116.279 39.863
"丰台花园" 20160104 59.0833333333333 203.869565217391 1.34583333333333 45.375 26.9166666666667 7.08333333333333 "城区环境评价点" 116.279 39.863
"丰台花园" 20160501 175.291666666667 212.5 1.9375 50.6666666666667 127.541666666667 25.4166666666667 "城区环境评价点" 116.279 39.863
"丰台花园" 20161101 59.0416666666667 55.375 1.06666666666667 68.0416666666667 12.6666666666667 4.25 "城区环境评价点" 116.279 39.863
"丰台花园" 20160903 25.875 55.5 0.629166666666667 42.5416666666667 67.125 2.25 "城区环境评价点" 116.279 39.863
"丰台花园" 20160910 17.875 47.5416666666667 0.479166666666667 58.3333333333333 38.375 2.125 "城区环境评价点" 116.279 39.863
"丰台花园" 20160118 11.125 35.7916666666667 0.604166666666667 33.7083333333333 36.1666666666667 3.58333333333333 "城区环境评价点" 116.279 39.863
"丰台花园" 20160317 297.291666666667 334.458333333333 2.225 107 47.625 37.7083333333333 "城区环境评价点" 116.279 39.863
"丰台花园" 20160125 55.7916666666667 53.9166666666667 1.74166666666667 71.4166666666667 13.4583333333333 28.6666666666667 "城区环境评价点" 116.279 39.863
"丰台花园" 20160720 34.375 100 0.779166666666667 19.8333333333333 47 2 "城区环境评价点" 116.279 39.863
"丰台花园" 20160529 37.375 74.5 0.5 43.8333333333333 85.5833333333333 4.04166666666667 "城区环境评价点" 116.279 39.863
"丰台花园" 20161129 124.291666666667 140.291666666667 3.51666666666667 98.5833333333333 6.125 7.79166666666667 "城区环境评价点" 116.279 39.863
"丰台花园" 20161008 14 36.7083333333333 0.445833333333333 39.125 30.8333333333333 2.125 "城区环境评价点" 116.279 39.863
"丰台花园" 20160605 75.5 111 0.929166666666667 37.625 126.125 14.25 "城区环境评价点" 116.279 39.863
"丰台花园" 20160810 74.6818181818182 83 0.945454545454545 28.1818181818182 90.1818181818182 2 "城区环境评价点" 116.279 39.863
"丰台花园" 20161213 84.8333333333333 215.541666666667 1.85 71.1666666666667 12.125 3.17391304347826 "城区环境评价点" 116.279 39.863
"丰台花园" 20160215 5.66666666666667 27.5416666666667 0.3375 22.9583333333333 45.7916666666667 3.20833333333333 "城区环境评价点" 116.279 39.863
"丰台花园" 20160101 212.291666666667 186.125 4.47083333333333 120.166666666667 3.54166666666667 39.1666666666667 "城区环境评价点" 116.279 39.863
"丰台花园" 20160428 89.5 133.333333333333 1.1625 57.7916666666667 82.5833333333333 9.75 "城区环境评价点" 116.279 39.863
"丰台花园" 20161029 NA 46.125 0.6875 56.8333333333333 13.625 2.25 "城区环境评价点" 116.279 39.863
"丰台花园" 20160108 48.9583333333333 32.8333333333333 1.19166666666667 55.4583333333333 16.4166666666667 20.375 "城区环境评价点" 116.279 39.863
"丰台花园" 20160307 63.5 125.875 1.01666666666667 39.75 49.5 9.79166666666667 "城区环境评价点" 116.279 39.863
"丰台花园" 20161105 210.25 300.391304347826 3.21666666666667 108.541666666667 13.5833333333333 3.875 "城区环境评价点" 116.279 39.863
"丰台花园" 20160710 85.0416666666667 122.304347826087 0.891666666666667 33.875 100.833333333333 3.95833333333333 "城区环境评价点" 116.279 39.863
"丰台花园" 20160914 102.125 125.458333333333 1.10833333333333 66 76.4166666666667 2.91666666666667 "城区环境评价点" 116.279 39.863
"丰台花园" 20161204 272.041666666667 341.75 4.79583333333333 117.5 6.625 7.125 "城区环境评价点" 116.279 39.863
"丰台花园" 20160321 139.25 155.791666666667 1.41666666666667 98.125 42 26.0416666666667 "城区环境评价点" 116.279 39.863
"丰台花园" 20160129 57.9545454545455 111.291666666667 1.525 56.0833333333333 12.625 34.0833333333333 "城区环境评价点" 116.279 39.863
"丰台花园" 20160404 88.7083333333333 82.7083333333333 0.6375 53.6666666666667 51.0416666666667 14.5416666666667 "城区环境评价点" 116.279 39.863
"丰台花园" 20160328 86.5833333333333 98.375 0.866666666666667 71.875 33.5416666666667 18.7083333333333 "城区环境评价点" 116.279 39.863
"丰台花园" 20161203 211.583333333333 213.041666666667 4.30416666666667 122.125 6.83333333333333 8.54166666666667 "城区环境评价点" 116.279 39.863
"丰台花园" 20161012 73.8333333333333 114.416666666667 1.15 59.4166666666667 28.5416666666667 3.66666666666667 "城区环境评价点" 116.279 39.863
"丰台花园" 20160609 100.047619047619 202.1 1.17142857142857 35.8095238095238 128.380952380952 5.90476190476191 "城区环境评价点" 116.279 39.863
"丰台花园" 20160616 35.4285714285714 51.7916666666667 0.641666666666667 68.1666666666667 63.4166666666667 3.16666666666667 "城区环境评价点" 116.279 39.863
"丰台花园" 20160425 83.2083333333333 124.791666666667 0.729166666666667 37.2916666666667 97.7083333333333 18.75 "城区环境评价点" 116.279 39.863
"丰台花园" 20160219 21.7727272727273 44.1666666666667 0.866666666666667 17.625 33.9166666666667 11.0416666666667 "城区环境评价点" 116.279 39.863
"丰台花园" 20160105 44.7272727272727 33.75 1.15 48.625 13.8333333333333 16.7083333333333 "城区环境评价点" 116.279 39.863
"丰台花园" 20160502 45.8333333333333 139.375 0.35 27.9166666666667 52.4166666666667 2.875 "城区环境评价点" 116.279 39.863
"丰台花园" 20161102 124.041666666667 121 1.62916666666667 90.0833333333333 10.1666666666667 5.625 "城区环境评价点" 116.279 39.863
"丰台花园" 20160707 110.227272727273 118.125 1.25 38.1666666666667 143.541666666667 6.79166666666667 "城区环境评价点" 116.279 39.863
"丰台花园" 20160311 25.8333333333333 53.75 0.6375 46.125 39.8333333333333 10.2916666666667 "城区环境评价点" 116.279 39.863
"丰台花园" 20160203 65.3333333333333 88.3333333333333 2.7 78.8333333333333 11.7916666666667 31.4166666666667 "城区环境评价点" 116.279 39.863
"丰台花园" 20160318 212.75 349.833333333333 1.8125 86.1666666666667 48.8333333333333 16.9583333333333 "城区环境评价点" 116.279 39.863
"丰台花园" 20160126 42.5416666666667 60.9583333333333 1.09583333333333 57.2916666666667 25 24.4583333333333 "城区环境评价点" 116.279 39.863
"丰台花园" 20160721 23.2083333333333 24.1666666666667 0.9 34.4166666666667 32.8333333333333 2 "城区环境评价点" 116.279 39.863
"丰台花园" 20160530 86.2083333333333 104.666666666667 1.18333333333333 55.7916666666667 137.791666666667 16.8333333333333 "城区环境评价点" 116.279 39.863
"丰台花园" 20161130 112.791666666667 172.916666666667 2.69166666666667 85.75 11.0833333333333 7.79166666666667 "城区环境评价点" 116.279 39.863
"丰台花园" 20161009 37.2083333333333 59.4166666666667 0.75 55.8333333333333 11.125 2.45833333333333 "城区环境评价点" 116.279 39.863
"丰台花园" 20160606 102.083333333333 109.208333333333 0.975 40.5416666666667 123.541666666667 8.625 "城区环境评价点" 116.279 39.863
"丰台花园" 20160811 77.9166666666667 102.666666666667 1.02083333333333 31.5416666666667 76.625 2 "城区环境评价点" 116.279 39.863
"丰台花园" 20161214 34.875 51 0.904166666666667 56.9166666666667 21.4583333333333 10.3333333333333 "城区环境评价点" 116.279 39.863
"丰台花园" 20160216 5.66666666666667 45.3333333333333 0.35 25.4583333333333 48.9166666666667 3.375 "城区环境评价点" 116.279 39.863
"丰台花园" 20160102 275.291666666667 306.434782608696 5.57083333333333 136.791666666667 4.45833333333333 42.875 "城区环境评价点" 116.279 39.863
"丰台花园" 20160429 115.75 104.333333333333 1.2625 79.5833333333333 78 17.1666666666667 "城区环境评价点" 116.279 39.863
"丰台花园" 20161030 NA 66.6666666666667 0.854166666666667 52.9166666666667 16.2083333333333 2.04166666666667 "城区环境评价点" 116.279 39.863
"丰台花园" 20160109 108.916666666667 115.75 3.0375 85.7916666666667 4.79166666666667 31.6666666666667 "城区环境评价点" 116.279 39.863
"丰台花园" 20160308 12.7692307692308 40.6428571428571 0.344444444444444 19.6666666666667 67.5 2.33333333333333 "城区环境评价点" 116.279 39.863
"丰台花园" 20161106 77.4166666666667 170.041666666667 1.04583333333333 63 19.4166666666667 4.79166666666667 "城区环境评价点" 116.279 39.863
"丰台花园" 20160711 87.625 106.375 0.779166666666667 32.0416666666667 102.458333333333 5.33333333333333 "城区环境评价点" 116.279 39.863
"丰台花园" 20160915 80.5833333333333 106 0.954166666666667 53.9166666666667 88.2916666666667 2.5 "城区环境评价点" 116.279 39.863
"丰台花园" 20161205 56.125 194.695652173913 1.42916666666667 59.25 17.75 2.95833333333333 "城区环境评价点" 116.279 39.863
"丰台花园" 20160322 118.375 188.875 1.52083333333333 86.375 25.8333333333333 29.8333333333333 "城区环境评价点" 116.279 39.863
"丰台花园" 20160130 66.375 80.0416666666667 1.72083333333333 58.7916666666667 10.9583333333333 27.5416666666667 "城区环境评价点" 116.279 39.863
"丰台花园" 20160405 116.888888888889 156.875 1.05416666666667 58.2083333333333 69.625 21.3333333333333 "城区环境评价点" 116.279 39.863
"丰台花园" 20160329 23.952380952381 108.090909090909 0.416666666666667 42.7916666666667 49.3333333333333 7.58333333333333 "城区环境评价点" 116.279 39.863
"丰台花园" 20160221 84.0833333333333 66.375 1.93333333333333 62.625 23.125 30.9583333333333 "城区环境评价点" 116.279 39.863
"丰台花园" 20161013 161.666666666667 141.25 1.76666666666667 80.8333333333333 26.8333333333333 4.8695652173913 "城区环境评价点" 116.279 39.863
"丰台花园" 20160610 84.1578947368421 111.458333333333 0.595833333333333 26.2083333333333 117.291666666667 2 "城区环境评价点" 116.279 39.863
"丰台花园" 20160617 33.7391304347826 60.9130434782609 0.7 69.0434782608696 43.2608695652174 4 "城区环境评价点" 116.279 39.863
"丰台花园" 20160426 73.1666666666667 108.5 1.22916666666667 47.2083333333333 91.9583333333333 23.3333333333333 "城区环境评价点" 116.279 39.863
"丰台花园" 20160220 15.9583333333333 33.0434782608696 0.508333333333333 29.5 54.375 6.75 "城区环境评价点" 116.279 39.863
"丰台花园" 20160106 53.8333333333333 101.083333333333 2.00833333333333 50.9166666666667 13.4583333333333 15.7083333333333 "城区环境评价点" 116.279 39.863
"丰台花园" 20160503 21.2083333333333 77.0416666666667 0.291666666666667 44.625 44.1666666666667 2 "城区环境评价点" 116.279 39.863
"丰台花园" 20161103 206.875 209.875 2.725 103.333333333333 6.79166666666667 4.66666666666667 "城区环境评价点" 116.279 39.863
"丰台花园" 20160708 93.7083333333333 125.5 1.175 37.5833333333333 105.083333333333 4.04166666666667 "城区环境评价点" 116.279 39.863
"丰台花园" 20160312 130.708333333333 111.666666666667 1.79166666666667 81.875 21.6666666666667 43.7083333333333 "城区环境评价点" 116.279 39.863
"丰台花园" 20160204 11.2083333333333 49.1666666666667 0.479166666666667 29.6666666666667 49.7083333333333 8.79166666666667 "城区环境评价点" 116.279 39.863
"丰台花园" 20160319 63.5833333333333 131.25 0.833333333333333 40.625 58.625 17.75 "城区环境评价点" 116.279 39.863
"丰台花园" 20160919 12.5 30.625 0.416666666666667 41.2083333333333 28.6666666666667 2 "城区环境评价点" 116.279 39.863
"丰台花园" 20160722 71.375 74.875 1.13333333333333 42.7916666666667 71.6666666666667 2 "城区环境评价点" 116.279 39.863
"丰台花园" 20160326 16.1666666666667 52.8333333333333 0.458333333333333 52.5 38.375 6.04166666666667 "城区环境评价点" 116.279 39.863
"丰台花园" 20160218 16.7391304347826 62.304347826087 0.5 23.4782608695652 45.1739130434783 6.26086956521739 "城区环境评价点" 116.279 39.863
"丰台花园" 20160409 75.1764705882353 116.541666666667 0.816666666666667 57.625 48.375 12.625 "城区环境评价点" 116.279 39.863
"丰台花园" 20160607 68.5 115.833333333333 0.916666666666667 24.0833333333333 94.8260869565217 2 "城区环境评价点" 116.279 39.863
"丰台花园" 20160812 80.8666666666667 108.230769230769 0.946666666666667 40.0666666666667 34.8 2.26666666666667 "城区环境评价点" 116.279 39.863
"丰台花园" 20161215 43.4090909090909 70.75 1.28333333333333 67.8333333333333 21.875 11 "城区环境评价点" 116.279 39.863
"丰台花园" 20160217 59.875 49.4166666666667 1.3875 57.5833333333333 24.875 21.2916666666667 "城区环境评价点" 116.279 39.863
"丰台花园" 20160621 100.125 121.958333333333 0.9875 43.2083333333333 140.541666666667 2.5 "城区环境评价点" 116.279 39.863
"丰台花园" 20160826 10.625 26.4166666666667 0.258333333333333 31.2083333333333 52.7083333333333 2 "城区环境评价点" 116.279 39.863
"丰台花园" 20160224 37.4166666666667 45.4166666666667 1.29166666666667 53.5714285714286 24.1 15.3333333333333 "城区环境评价点" 116.279 39.863
"丰台花园" 20160110 66.4166666666667 130.478260869565 1.97083333333333 73.125 8.25 29.375 "城区环境评价点" 116.279 39.863
"丰台花园" 20160309 14.952380952381 28 0.379166666666667 21.6666666666667 54.4166666666667 2.625 "城区环境评价点" 116.279 39.863
"丰台花园" 20161107 41.9583333333333 94.5 0.866666666666667 52.7916666666667 17.25 2.75 "城区环境评价点" 116.279 39.863
"丰台花园" 20160712 32 88.6666666666667 0.583333333333333 36.7916666666667 59 2.91666666666667 "城区环境评价点" 116.279 39.863
"丰台花园" 20160916 142.173913043478 176.347826086957 1.27826086956522 50.7391304347826 89.8260869565217 2.26086956521739 "城区环境评价点" 116.279 39.863
"丰台花园" 20161206 95.4090909090909 71.9166666666667 2.52916666666667 95.875 8 10.875 "城区环境评价点" 116.279 39.863
"丰台花园" 20160323 21.7083333333333 93.3333333333333 0.4625 34.8333333333333 52.8333333333333 4.25 "城区环境评价点" 116.279 39.863
"丰台花园" 20160131 43.125 62.7083333333333 0.891666666666667 44.875 33.625 15.125 "城区环境评价点" 116.279 39.863
"丰台花园" 20160406 145.666666666667 160.260869565217 1.90833333333333 71.5833333333333 49.9166666666667 33.2916666666667 "城区环境评价点" 116.279 39.863
"丰台花园" 20160330 29.4583333333333 63.625 0.5875 46.625 51.8333333333333 10.0833333333333 "城区环境评价点" 116.279 39.863
"丰台花园" 20160222 75.0416666666667 133.95652173913 1.3125 47.4583333333333 41.7916666666667 18.9166666666667 "城区环境评价点" 116.279 39.863
"丰台花园" 20161014 252.869565217391 268.869565217391 2.34347826086957 96.2173913043478 24.0434782608696 4.8695652173913 "城区环境评价点" 116.279 39.863
"丰台花园" 20160611 8.25 72.9583333333333 0.329166666666667 36.0416666666667 70 2.125 "城区环境评价点" 116.279 39.863
"丰台花园" 20160618 53.75 71.5416666666667 0.820833333333333 61.75 94.5833333333333 5.25 "城区环境评价点" 116.279 39.863
"丰台花园" 20160427 88.375 102.434782608696 1.1 70.7083333333333 62.9166666666667 9.20833333333333 "城区环境评价点" 116.279 39.863
"丰台花园" 20161219 271.166666666667 296.958333333333 4.85833333333333 126.041666666667 10.0833333333333 18.7083333333333 "城区环境评价点" 116.279 39.863
"丰台花园" 20160107 11.75 31.4347826086957 0.590909090909091 36.1666666666667 21.7083333333333 9.875 "城区环境评价点" 116.279 39.863
"丰台花园" 20160504 38.3333333333333 77.9583333333333 0.5875 62.4166666666667 54.9583333333333 4.70833333333333 "城区环境评价点" 116.279 39.863
"丰台花园" 20161104 267.416666666667 300.041666666667 3.69583333333333 121.25 4.875 4.58333333333333 "城区环境评价点" 116.279 39.863
"丰台花园" 20160709 79.5833333333333 118.5 0.854166666666667 37.0416666666667 98.5833333333333 2.5 "城区环境评价点" 116.279 39.863
"丰台花园" 20160313 31.7083333333333 114 0.616666666666667 40.5416666666667 54.3333333333333 11.5833333333333 "城区环境评价点" 116.279 39.863
"丰台花园" 20160205 9.375 28.875 0.404166666666667 25.1666666666667 58.5833333333333 5.54166666666667 "城区环境评价点" 116.279 39.863
"丰台花园" 20160320 86.25 90.375 1.0625 80.125 28.0416666666667 13.375 "城区环境评价点" 116.279 39.863
"丰台花园" 20160920 20.8333333333333 50.125 0.533333333333333 52.3333333333333 42.7916666666667 2 "城区环境评价点" 116.279 39.863
"丰台花园" 20160723 134.333333333333 137.681818181818 2.35909090909091 40.2272727272727 88.1818181818182 2.13636363636364 "城区环境评价点" 116.279 39.863
"丰台花园" 20160327 20 44.875 0.466666666666667 52.6666666666667 41.125 4.66666666666667 "城区环境评价点" 116.279 39.863
"丰台花园" 20160418 28.45 45.8888888888889 0.32 38.3 63 2.45 "城区环境评价点" 116.279 39.863
"丰台花园" 20160410 75.3478260869565 165.5 0.858333333333333 45.8333333333333 61.0416666666667 13.7083333333333 "城区环境评价点" 116.279 39.863
"丰台花园" 20160608 160.416666666667 146.291666666667 1.35416666666667 44.375 101.833333333333 2 "城区环境评价点" 116.279 39.863
"丰台花园" 20160813 20.6666666666667 56.5416666666667 0.8375 44.25 26.875 2 "城区环境评价点" 116.279 39.863
"丰台花园" 20161216 207.5 157.75 3.6 121.416666666667 10.5416666666667 28.6666666666667 "城区环境评价点" 116.279 39.863
"丰台花园" 20160615 23.9166666666667 52.875 0.529166666666667 39.5416666666667 84.5416666666667 2.5 "城区环境评价点" 116.279 39.863
"丰台花园" 20160622 54.0833333333333 103 0.691666666666667 37.25 122.833333333333 2.29166666666667 "城区环境评价点" 116.279 39.863
"丰台花园" 20160827 16.8333333333333 57.875 0.4625 49.125 30.7083333333333 2.33333333333333 "城区环境评价点" 116.279 39.863
"丰台花园" 20160225 31.9166666666667 54.75 0.829166666666667 38.6666666666667 42.8333333333333 14.6666666666667 "城区环境评价点" 116.279 39.863
"丰台花园" 20160111 10.304347826087 54.3333333333333 0.516666666666667 34 32.3333333333333 6.16666666666667 "城区环境评价点" 116.279 39.863
"丰台花园" 20160310 11.7083333333333 37.4166666666667 0.366666666666667 23.875 57.125 2.29166666666667 "城区环境评价点" 116.279 39.863
"丰台花园" 20161108 46.8333333333333 44.3333333333333 1.02083333333333 61.75 12.25 5.16666666666667 "城区环境评价点" 116.279 39.863
"丰台花园" 20160713 19.5416666666667 52.0416666666667 0.6 37.0833333333333 93.4166666666667 2.70833333333333 "城区环境评价点" 116.279 39.863
"丰台花园" 20160917 45.625 115.208333333333 0.891666666666667 41.0416666666667 45.4166666666667 2 "城区环境评价点" 116.279 39.863
"丰台花园" 20161207 158.875 168.541666666667 3.4 116.166666666667 7.375 10.8333333333333 "城区环境评价点" 116.279 39.863
"丰台花园" 20160324 12.7083333333333 29.2916666666667 0.391666666666667 39.6666666666667 52.5 2.45833333333333 "城区环境评价点" 116.279 39.863
"丰台花园" 20160201 26.375 66.9166666666667 1.2125 58.5833333333333 18.5833333333333 15.2916666666667 "城区环境评价点" 116.279 39.863
"丰台花园" 20160407 87 206.875 1.1625 56.2083333333333 42.9166666666667 6.04166666666667 "城区环境评价点" 116.279 39.863
"丰台花园" 20160331 153.782608695652 138.875 1.45833333333333 83 52.4166666666667 37.375 "城区环境评价点" 116.279 39.863
"丰台花园" 20160223 10.3333333333333 47.0833333333333 0.329166666666667 21.0833333333333 69.9166666666667 4.91666666666667 "城区环境评价点" 116.279 39.863
"丰台花园" 20161015 214.625 295.416666666667 2.29166666666667 99.4166666666667 2 2.91666666666667 "城区环境评价点" 116.279 39.863
"丰台花园" 20160612 68.75 79.5 0.895833333333333 39.125 117 5.79166666666667 "城区环境评价点" 116.279 39.863
"丰台花园" 20160619 74.1666666666667 93.625 0.8375 59.875 121.125 3.70833333333333 "城区环境评价点" 116.279 39.863
"丰台花园" 20161220 505.625 441.782608695652 8.95416666666667 156.666666666667 9.95833333333333 9 "城区环境评价点" 116.279 39.863
"丰台花园" 20160421 41.8 93.5 1.48181818181818 35.5833333333333 106.583333333333 6.41666666666667 "城区环境评价点" 116.279 39.863
"丰台花园" 20160626 85.0416666666667 86.1666666666667 0.683333333333333 54.9583333333333 100.083333333333 5.625 "城区环境评价点" 116.279 39.863
"丰台花园" 20161227 46.375 51.875 0.829166666666667 56 22.7083333333333 11.3333333333333 "城区环境评价点" 116.279 39.863
"丰台花园" 20160229 43.75 50.2083333333333 1.04736842105263 50.1818181818182 37.7083333333333 14.4761904761905 "城区环境评价点" 116.279 39.863
"丰台花园" 20160703 84.25 91.5833333333333 1 52.4166666666667 112.416666666667 6.375 "城区环境评价点" 116.279 39.863
"丰台花园" 20161224 144.166666666667 133.958333333333 2.97083333333333 94.5833333333333 11.0833333333333 31.875 "城区环境评价点" 116.279 39.863
"丰台花园" 20160206 50.0909090909091 50.4166666666667 1.14166666666667 47.9583333333333 34.375 26.625 "城区环境评价点" 116.279 39.863
"丰台花园" 20160412 74 89.9166666666667 0.829166666666667 66.375 28.8333333333333 6.75 "城区环境评价点" 116.279 39.863
"丰台花园" 20160921 75.25 75.2916666666667 1.09583333333333 95.1666666666667 22.625 3.08333333333333 "城区环境评价点" 116.279 39.863
"丰台花园" 20160724 64.2105263157895 133.277777777778 4.92916666666667 33.7083333333333 106.541666666667 2 "城区环境评价点" 116.279 39.863
"丰台花园" 20161218 241.652173913043 295.086956521739 4.41739130434783 116.478260869565 11.5652173913043 23.8260869565217 "城区环境评价点" 116.279 39.863
"丰台花园" 20160419 81.6666666666667 83.625 1.42222222222222 75.1111111111111 23.0555555555556 19.0555555555556 "城区环境评价点" 116.279 39.863
"丰台花园" 20160411 44.4285714285714 104.315789473684 0.647826086956522 47.3478260869565 53.1739130434783 9.34782608695652 "城区环境评价点" 116.279 39.863
"丰台花园" 20161225 156.933333333333 203.357142857143 2.96666666666667 110.733333333333 5.26666666666667 36.9333333333333 "城区环境评价点" 116.279 39.863
"丰台花园" 20160814 18.5217391304348 51.7826086956522 0.695652173913043 52 73.8695652173913 2.26086956521739 "城区环境评价点" 116.279 39.863
"丰台花园" 20161217 227.375 257.208333333333 4.02083333333333 120.166666666667 9.45833333333333 34.2916666666667 "城区环境评价点" 116.279 39.863
"丰台花园" 20160401 35.4583333333333 171.541666666667 0.408333333333333 35.375 50.7083333333333 5.54166666666667 "城区环境评价点" 116.279 39.863
"丰台花园" 20160623 92.5454545454545 115.416666666667 1.05 50.45 101.208333333333 3.91666666666667 "城区环境评价点" 116.279 39.863
"丰台花园" 20161016 107.208333333333 200.958333333333 0.908333333333333 62.9166666666667 21.125 2 "城区环境评价点" 116.279 39.863
"丰台花园" 20160226 43.8333333333333 52.7916666666667 0.883333333333333 48.1666666666667 40.0833333333333 18.2916666666667 "城区环境评价点" 116.279 39.863
"丰台花园" 20160630 85.6666666666667 139.208333333333 0.966666666666667 52.0833333333333 105.041666666667 2.04166666666667 "城区环境评价点" 116.279 39.863
"丰台花园" 20160211 162.833333333333 190.375 3.375 78.8333333333333 2 36.0833333333333 "城区环境评价点" 116.279 39.863
"丰台花园" 20160417 10.9130434782609 51.8571428571429 0.2 30.2083333333333 66.6666666666667 2 "城区环境评价点" 116.279 39.863
"丰台花园" 20160714 28.7083333333333 56.9166666666667 0.85 41.5416666666667 83.9166666666667 4.45833333333333 "城区环境评价点" 116.279 39.863
"丰台花园" 20160918 21.8333333333333 45.0909090909091 0.625 42.2916666666667 19.2083333333333 2 "城区环境评价点" 116.279 39.863
"丰台花园" 20161208 118.25 228.782608695652 2.075 75.3333333333333 22.5416666666667 3.83333333333333 "城区环境评价点" 116.279 39.863
"丰台花园" 20160325 16.7727272727273 43.5714285714286 0.422727272727273 46.4545454545455 48.1363636363636 5.95454545454545 "城区环境评价点" 116.279 39.863
"丰台花园" 20160202 41.625 38.7916666666667 1.375 70.5416666666667 15.7916666666667 25.5833333333333 "城区环境评价点" 116.279 39.863
"丰台花园" 20160408 21.5833333333333 56.4166666666667 0.329166666666667 38.25 59.75 4.29166666666667 "城区环境评价点" 116.279 39.863
"丰台花园" 20160413 125.583333333333 150.75 0.991666666666667 74.6190476190476 51.75 9.25 "城区环境评价点" 116.279 39.863
"丰台花园" 20160922 108.434782608696 118.608695652174 1.28260869565217 85.7391304347826 49.7391304347826 3.30434782608696 "城区环境评价点" 116.279 39.863
"丰台花园" 20160725 41.5 89.4444444444444 4.77727272727273 28.6818181818182 61.4090909090909 2 "城区环境评价点" 116.279 39.863
"丰台花园" 20160613 66.9166666666667 82.4583333333333 0.729166666666667 44.5416666666667 81 2.45833333333333 "城区环境评价点" 116.279 39.863
"丰台花园" 20160620 102.458333333333 130.333333333333 1.01666666666667 45.9166666666667 142.1875 3.19047619047619 "城区环境评价点" 116.279 39.863
"丰台花园" 20161221 448.083333333333 472.916666666667 8.8 167.208333333333 7.125 11.6666666666667 "城区环境评价点" 116.279 39.863
"丰台花园" 20160422 27.0416666666667 102.208333333333 0.2875 42.3809523809524 62.5454545454545 2.04166666666667 "城区环境评价点" 116.279 39.863
"丰台花园" 20160627 112.764705882353 101.125 0.754166666666667 46.25 114 4.625 "城区环境评价点" 116.279 39.863
"丰台花园" 20161228 86.2173913043478 130.583333333333 1.20833333333333 49.5 25.7916666666667 7.25 "城区环境评价点" 116.279 39.863
"丰台花园" 20160301 135.875 115.875 2.00833333333333 87.4166666666667 24.875 34.375 "城区环境评价点" 116.279 39.863
"丰台花园" 20160704 148.833333333333 119.625 1.05416666666667 35.3333333333333 122.875 2.33333333333333 "城区环境评价点" 116.279 39.863
"丰台花园" 20160716 34.25 44.5416666666667 0.75 43.9583333333333 59.5416666666667 2 "城区环境评价点" 116.279 39.863
"丰台花园" 20160207 70 90.2083333333333 1.57083333333333 59.2916666666667 27.5416666666667 34.5416666666667 "城区环境评价点" 116.279 39.863
"丰台花园" 20160701 13.6470588235294 74.6666666666667 0.408333333333333 38 84.0416666666667 2.25 "城区环境评价点" 116.279 39.863
"丰台花园" 20161222 64.7083333333333 316.5 1.40416666666667 59.9166666666667 39 4.75 "城区环境评价点" 116.279 39.863
"丰台花园" 20160802 60.8636363636364 110.1 1.20454545454545 51.8636363636364 80 2 "城区环境评价点" 116.279 39.863
"丰台花园" 20160715 31.2083333333333 51.5833333333333 0.708333333333333 43.4583333333333 48.9166666666667 2 "城区环境评价点" 116.279 39.863
"丰台花园" 20160420 91.4 114.6 1.13 59.5 30.8 16.7 "城区环境评价点" 116.279 39.863
"丰台花园" 20160625 28 32.2916666666667 0.483333333333333 43.4166666666667 57.25 2.375 "城区环境评价点" 116.279 39.863
"丰台花园" 20161226 52 149.791666666667 1.025 56.875 23.75 19.7083333333333 "城区环境评价点" 116.279 39.863
"丰台花园" 20160815 11.3333333333333 58.375 0.591666666666667 47.9166666666667 45.9583333333333 2 "城区环境评价点" 116.279 39.863
"丰台花园" 20160702 38.6666666666667 60.6666666666667 0.6125 53.7083333333333 85.2083333333333 3.25 "城区环境评价点" 116.279 39.863
"丰台花园" 20161223 46.3888888888889 42 0.922222222222222 61.2222222222222 19.9444444444444 8.77777777777778 "城区环境评价点" 116.279 39.863
"丰台花园" 20160624 17.2777777777778 85.375 0.483333333333333 44.75 49.9583333333333 2.125 "城区环境评价点" 116.279 39.863
"丰台花园" 20160614 54.5217391304348 89 0.670833333333333 42.1666666666667 52.375 2 "城区环境评价点" 116.279 39.863
"丰台花园" 20160227 24.875 61.0416666666667 0.7875 45.2083333333333 39.4583333333333 13.1666666666667 "城区环境评价点" 116.279 39.863
"丰台花园" 20160819 12.7083333333333 51.7083333333333 1.05833333333333 31.5 66.0416666666667 2 "城区环境评价点" 116.279 39.863
"丰台花园" 20160824 92.1666666666667 116.666666666667 1.025 55 62.25 2 "城区环境评价点" 116.279 39.863
"丰台花园" 20160706 74.75 94.3333333333333 0.95 46.8333333333333 119.958333333333 5.54166666666667 "城区环境评价点" 116.279 39.863
"丰台花园" 20160628 117.833333333333 47.75 0.733333333333333 39.625 59.7916666666667 2 "城区环境评价点" 116.279 39.863
"丰台花园" 20160730 120.904761904762 165.55 NA 45.6190476190476 59.9523809523809 2 "城区环境评价点" 116.279 39.863
"丰台花园" 20161209 33.1304347826087 60.1428571428571 0.88695652173913 54.9565217391304 21.5217391304348 3.08695652173913 "城区环境评价点" 116.279 39.863
"丰台花园" 20160705 61 89.9166666666667 0.954166666666667 36.4166666666667 119.75 3.29166666666667 "城区环境评价点" 116.279 39.863
"丰台花园" 20160801 76.5 86.9583333333333 1.76153846153846 39 94.3333333333333 2 "城区环境评价点" 116.279 39.863
"丰台花园" 20160402 6.08695652173913 55 0.239130434782609 25.7391304347826 53.9565217391304 2.04347826086957 "城区环境评价点" 116.279 39.863
"丰台花园" 20160414 29.695652173913 110.727272727273 0.38695652173913 25.3478260869565 76.9130434782609 3.91304347826087 "城区环境评价点" 116.279 39.863
"丰台花园" 20160923 111.95652173913 136.173913043478 1.19130434782609 57.9130434782609 100.95652173913 2 "城区环境评价点" 116.279 39.863
"丰台花园" 20160726 15.9166666666667 50.2083333333333 2.35217391304348 27.9166666666667 87.875 3.29166666666667 "城区环境评价点" 116.279 39.863
"丰台花园" 20160303 306 282.666666666667 4.42083333333333 127.416666666667 20.2916666666667 50 "城区环境评价点" 116.279 39.863
"丰台花园" 20160416 20.5833333333333 84.875 0.308333333333333 34.7083333333333 45.5416666666667 3.125 "城区环境评价点" 116.279 39.863
"丰台花园" 20160925 171.625 224.041666666667 1.57916666666667 65.5416666666667 69.9166666666667 2 "城区环境评价点" 116.279 39.863
"丰台花园" 20160805 58.75 100.916666666667 0.9125 32.4166666666667 90.2083333333333 2.04166666666667 "城区环境评价点" 116.279 39.863
"丰台花园" 20160816 17.5 42.2916666666667 0.716666666666667 40.6666666666667 61.8333333333333 2 "城区环境评价点" 116.279 39.863
"丰台花园" 20160302 199.708333333333 234.583333333333 3.57083333333333 122.333333333333 27.375 41.625 "城区环境评价点" 116.279 39.863
"丰台花园" 20160924 132.166666666667 155.375 1.27083333333333 79.4166666666667 69 2 "城区环境评价点" 116.279 39.863
"丰台花园" 20160804 94.5833333333333 103.833333333333 1.425 34.4583333333333 125.166666666667 2 "城区环境评价点" 116.279 39.863
"丰台花园" 20160727 54.4782608695652 79.9166666666667 0.958333333333333 48.5416666666667 101.041666666667 9.70833333333333 "城区环境评价点" 116.279 39.863
"丰台花园" 20160208 273.375 314.041666666667 1.42083333333333 48.5833333333333 34.2083333333333 64.9583333333333 "城区环境评价点" 116.279 39.863
"丰台花园" 20160820 59.625 68.0833333333333 1.27916666666667 52.5833333333333 94.5833333333333 2 "城区环境评价点" 116.279 39.863
"丰台花园" 20160729 112.916666666667 111.541666666667 NA 49.5833333333333 110.041666666667 3.08333333333333 "城区环境评价点" 116.279 39.863
"丰台花园" 20160803 60.5238095238095 93.8333333333333 1.11904761904762 45.8095238095238 132.666666666667 2 "城区环境评价点" 116.279 39.863
"丰台花园" 20160731 53.5416666666667 103.666666666667 NA 42.5416666666667 66.9583333333333 2 "城区环境评价点" 116.279 39.863
"丰台花园" 20160822 43.1666666666667 70.9166666666667 0.991666666666667 44.3181818181818 92.2631578947368 2.68181818181818 "城区环境评价点" 116.279 39.863
"丰台花园" 20160415 54.5833333333333 76.6666666666667 1.12916666666667 65 47.7083333333333 18.7916666666667 "城区环境评价点" 116.279 39.863
"丰台花园" 20160825 20.5833333333333 80.9166666666667 0.3625 29.375 44.2916666666667 2 "城区环境评价点" 116.279 39.863
"丰台花园" 20160728 44.6666666666667 65.9166666666667 0.746666666666667 45 79.0833333333333 14.2083333333333 "城区环境评价点" 116.279 39.863
"丰台花园" 20160403 17.2916666666667 37.7916666666667 0.254166666666667 32.3333333333333 53.4166666666667 2.41666666666667 "城区环境评价点" 116.279 39.863
"丰台花园" 20160210 102.083333333333 98.125 2.86666666666667 76.3333333333333 15.2916666666667 55.3333333333333 "城区环境评价点" 116.279 39.863
"丰台花园" 20160821 53.7916666666667 91.0833333333333 1.08333333333333 57.7916666666667 104.958333333333 2 "城区环境评价点" 116.279 39.863
"丰台花园" 20160806 97.8260869565217 111.571428571429 0.978260869565217 37.7826086956522 94.2173913043478 2 "城区环境评价点" 116.279 39.863
"丰台花园" 20160228 34.6666666666667 59.4583333333333 0.970833333333333 41.5416666666667 40.0416666666667 7.45833333333333 "城区环境评价点" 116.279 39.863
"丰台花园" 20160209 63.4166666666667 113.5 2 51.625 37.3333333333333 33.7916666666667 "城区环境评价点" 116.279 39.863
"丰台花园" 20160818 75.75 109.958333333333 1.7625 53.0416666666667 16.875 2 "城区环境评价点" 116.279 39.863
"丰台花园" 20160629 129.5 155.791666666667 0.9875 47.25 73.625 2 "城区环境评价点" 116.279 39.863
"丰台花园" 20160823 70.9545454545455 71.2083333333333 0.941666666666667 48.6666666666667 99.9285714285714 2.70833333333333 "城区环境评价点" 116.279 39.863
"丰台花园" 20160817 56.25 59.7916666666667 1.17083333333333 76.9583333333333 17.0416666666667 2 "城区环境评价点" 116.279 39.863
