"永定门内" 20160922 116.434782608696 125.391304347826 1.14347826086957 94.2608695652174 44.695652173913 13.9565217391304 "交通污染监控点" 116.394 39.876
"永定门内" 20161203 249.083333333333 221.666666666667 3.55833333333333 130.583333333333 7.47826086956522 41.5833333333333 "交通污染监控点" 116.394 39.876
"永定门内" 20160527 52.5833333333333 69.9166666666667 0.670833333333333 86.6666666666667 85.1666666666667 17.125 "交通污染监控点" 116.394 39.876
"永定门内" 20160907 43.7142857142857 65.3333333333333 0.621428571428571 61.3571428571429 84.9285714285714 10.5714285714286 "交通污染监控点" 116.394 39.876
"永定门内" 20161127 57.8333333333333 245.5 1.1 56.375 55.7083333333333 12.4166666666667 "交通污染监控点" 116.394 39.876
"永定门内" 20160105 40.5416666666667 33.4583333333333 1.14166666666667 47.0833333333333 20.8260869565217 18.625 "交通污染监控点" 116.394 39.876
"永定门内" 20160923 131.545454545455 162.045454545455 1.22727272727273 90.0909090909091 82.0909090909091 7.36363636363636 "交通污染监控点" 116.394 39.876
"永定门内" 20160927 30.875 84.7083333333333 0.6875 36.125 38.9583333333333 3.79166666666667 "交通污染监控点" 116.394 39.876
"永定门内" 20160909 22.5833333333333 54.7083333333333 0.425 61.1666666666667 39.25 7.20833333333333 "交通污染监控点" 116.394 39.876
"永定门内" 20160908 26.3333333333333 57.4583333333333 0.616666666666667 57.75 47.25 5.29166666666667 "交通污染监控点" 116.394 39.876
"永定门内" 20160106 39.25 79.75 1.40833333333333 44.2916666666667 20.5833333333333 13.4583333333333 "交通污染监控点" 116.394 39.876
"永定门内" 20161105 199.75 285 3.025 101.333333333333 37.2083333333333 10.875 "交通污染监控点" 116.394 39.876
"永定门内" 20160108 41.2916666666667 29.4583333333333 0.9625 52.875 24.2916666666667 25.75 "交通污染监控点" 116.394 39.876
"永定门内" 20161103 215.083333333333 213.25 2.79583333333333 102.041666666667 17.75 21.6666666666667 "交通污染监控点" 116.394 39.876
"永定门内" 20160603 86.5833333333333 87.9583333333333 1.24583333333333 97.25 105.625 31.2916666666667 "交通污染监控点" 116.394 39.876
"永定门内" 20160919 15.2727272727273 31.5833333333333 0.4125 51.2916666666667 28.625 3.91666666666667 "交通污染监控点" 116.394 39.876
"永定门内" 20160104 52.4782608695652 187.434782608696 0.991666666666667 49.7916666666667 35.5416666666667 9.375 "交通污染监控点" 116.394 39.876
"永定门内" 20161204 317.958333333333 393 4.17083333333333 125.708333333333 23.8260869565217 20.0416666666667 "交通污染监控点" 116.394 39.876
"永定门内" 20161218 267.625 326.5 3.65833333333333 124.708333333333 24 26.5 "交通污染监控点" 116.394 39.876
"永定门内" 20161027 34.75 56.875 1.2125 60.2916666666667 12.6521739130435 15.4166666666667 "交通污染监控点" 116.394 39.876
"永定门内" 20161202 130.583333333333 111.791666666667 2.14583333333333 101.708333333333 7.43478260869565 32.5833333333333 "交通污染监控点" 116.394 39.876
"永定门内" 20160103 247 389.541666666667 2.85416666666667 94.5416666666667 8.45833333333333 21 "交通污染监控点" 116.394 39.876
"永定门内" 20160910 19.2083333333333 45.7083333333333 0.416666666666667 62.6666666666667 42.0833333333333 5.79166666666667 "交通污染监控点" 116.394 39.876
"永定门内" 20160925 189.565217391304 238 1.62608695652174 86.4347826086957 56.0434782608696 12.0869565217391 "交通污染监控点" 116.394 39.876
"永定门内" 20160924 139.541666666667 168.333333333333 1.16666666666667 94.625 65.5833333333333 8.375 "交通污染监控点" 116.394 39.876
"永定门内" 20161201 36.4166666666667 75.25 0.720833333333333 63.25 46.9166666666667 5.75 "交通污染监控点" 116.394 39.876
"永定门内" 20161129 101.416666666667 119.625 2.54583333333333 87.6666666666667 21.5 45.2083333333333 "交通污染监控点" 116.394 39.876
"永定门内" 20160529 37.0833333333333 67.25 0.429166666666667 53.7916666666667 101.208333333333 16.25 "交通污染监控点" 116.394 39.876
"永定门内" 20160528 41.7916666666667 71.125 0.55 57.7083333333333 112.083333333333 21.75 "交通污染监控点" 116.394 39.876
"永定门内" 20161106 75 168.375 1.075 63 16.304347826087 15.0416666666667 "交通污染监控点" 116.394 39.876
"永定门内" 20160109 101.833333333333 101.875 1.82916666666667 85.6666666666667 7.33333333333333 29.0416666666667 "交通污染监控点" 116.394 39.876
"永定门内" 20161128 76.3333333333333 66 1.82916666666667 85.6666666666667 17 29.5416666666667 "交通污染监控点" 116.394 39.876
"永定门内" 20160604 88.2083333333333 122.791666666667 0.7875 60.75 137.208333333333 24.125 "交通污染监控点" 116.394 39.876
"永定门内" 20160505 53.375 66.3333333333333 1.04583333333333 72.7083333333333 71.4166666666667 24.625 "交通污染监控点" 116.394 39.876
"永定门内" 20160725 48.1538461538462 104.9 0.778260869565217 58.8695652173913 35.5217391304348 6.39130434782609 "交通污染监控点" 116.394 39.876
"永定门内" 20161205 49.0416666666667 204.695652173913 1.05 55.5833333333333 36.9583333333333 5.625 "交通污染监控点" 116.394 39.876
"永定门内" 20161219 288.782608695652 314.826086956522 4.78260869565217 154.304347826087 12.1428571428571 26.9130434782609 "交通污染监控点" 116.394 39.876
"永定门内" 20161028 14.2083333333333 43.875 0.6 43.125 18.6666666666667 7.5 "交通污染监控点" 116.394 39.876
"永定门内" 20160928 22.1428571428571 30.0869565217391 0.465217391304348 52.6363636363636 32.0869565217391 2.73913043478261 "交通污染监控点" 116.394 39.876
"永定门内" 20160123 8.41666666666667 38.375 0.429166666666667 21.5 49.3333333333333 11.5416666666667 "交通污染监控点" 116.394 39.876
"永定门内" 20161104 248.75 293.125 3.27916666666667 113.25 20.6190476190476 13.625 "交通污染监控点" 116.394 39.876
"永定门内" 20160107 11.304347826087 28.6818181818182 0.521739130434783 34.2608695652174 32.2173913043478 13.1304347826087 "交通污染监控点" 116.394 39.876
"永定门内" 20160511 149.208333333333 132.666666666667 1.0625 62.7916666666667 118.541666666667 15.8333333333333 "交通污染监控点" 116.394 39.876
"永定门内" 20160913 87.6521739130435 87.9565217391304 1.00869565217391 77.9130434782609 58.7826086956522 9.36363636363636 "交通污染监控点" 116.394 39.876
"永定门内" 20161225 166.066666666667 198.714285714286 3 108.6 7.53333333333333 46.6666666666667 "交通污染监控点" 116.394 39.876
"永定门内" 20160525 13.5416666666667 53.0416666666667 0.291666666666667 48.3333333333333 85.4583333333333 6.25 "交通污染监控点" 116.394 39.876
"永定门内" 20160920 25.9166666666667 53.8333333333333 0.654166666666667 73 30.4166666666667 6.5 "交通污染监控点" 116.394 39.876
"永定门内" 20160510 49.25 60.0833333333333 0.608333333333333 59.5 80.75 4.83333333333333 "交通污染监控点" 116.394 39.876
"永定门内" 20160926 68.5416666666667 146.260869565217 1.4 64.5416666666667 32.0833333333333 6.45833333333333 "交通污染监控点" 116.394 39.876
"永定门内" 20160715 39.2083333333333 54.6666666666667 0.604166666666667 62 34.4166666666667 8.65217391304348 "交通污染监控点" 116.394 39.876
"永定门内" 20161102 127.458333333333 119.833333333333 1.69166666666667 91.7916666666667 13.8695652173913 22.6666666666667 "交通污染监控点" 116.394 39.876
"永定门内" 20161209 27.2272727272727 54.55 0.690909090909091 50.1904761904762 29.8181818181818 4.31818181818182 "交通污染监控点" 116.394 39.876
"永定门内" 20161003 122.375 206.375 1.20833333333333 82.1666666666667 55.75 8.91666666666667 "交通污染监控点" 116.394 39.876
"永定门内" 20160911 42.1666666666667 65 0.8375 47.25 65.0833333333333 6.79166666666667 "交通污染监控点" 116.394 39.876
"永定门内" 20160127 115.217391304348 108.521739130435 2.95652173913043 88.1304347826087 6.65217391304348 43.695652173913 "交通污染监控点" 116.394 39.876
"永定门内" 20161101 49.7916666666667 46.375 0.970833333333333 58.2083333333333 9.25 14.9166666666667 "交通污染监控点" 116.394 39.876
"永定门内" 20161208 107.541666666667 212.521739130435 1.85 66.8333333333333 34.9130434782609 20.625 "交通污染监控点" 116.394 39.876
"永定门内" 20161130 99 143.47619047619 2.3 84.3809523809524 24.1 22.7142857142857 "交通污染监控点" 116.394 39.876
"永定门内" 20160530 89.5416666666667 93.375 1.1625 91.25 110.125 23.875 "交通污染监控点" 116.394 39.876
"永定门内" 20161108 45.7083333333333 47.875 1.2 64.5454545454545 14.45 21.2727272727273 "交通污染监控点" 116.394 39.876
"永定门内" 20161031 7.625 36.3333333333333 0.245833333333333 18.75 46.8260869565217 4.70833333333333 "交通污染监控点" 116.394 39.876
"永定门内" 20161207 158.913043478261 182 3.10869565217391 111.521739130435 21.5217391304348 42.1739130434783 "交通污染监控点" 116.394 39.876
"永定门内" 20160224 32.4583333333333 43.375 0.833333333333333 48.375 36.4583333333333 18.2916666666667 "交通污染监控点" 116.394 39.876
"永定门内" 20160507 18.9565217391304 60.1666666666667 0.366666666666667 50.625 77.2916666666667 5.75 "交通污染监控点" 116.394 39.876
"永定门内" 20161107 43.7916666666667 90.9166666666667 0.708333333333333 50.5416666666667 11.2083333333333 4.83333333333333 "交通污染监控点" 116.394 39.876
"永定门内" 20160110 60.1666666666667 121.826086956522 1.52083333333333 72.75 7.95833333333333 28.0416666666667 "交通污染监控点" 116.394 39.876
"永定门内" 20161206 99.7083333333333 71.4583333333333 2.19583333333333 97.2916666666667 14.2608695652174 30.2916666666667 "交通污染监控点" 116.394 39.876
"永定门内" 20160605 74.3636363636364 112.227272727273 0.777272727272727 61.8636363636364 107.181818181818 22.7272727272727 "交通污染监控点" 116.394 39.876
"永定门内" 20160506 78.3157894736842 179.333333333333 0.216666666666667 21.7083333333333 94.5416666666667 5.125 "交通污染监控点" 116.394 39.876
"永定门内" 20160726 21.75 43.7916666666667 0.429166666666667 47.0416666666667 89.0833333333333 7.33333333333333 "交通污染监控点" 116.394 39.876
"永定门内" 20160124 20.6666666666667 54.9166666666667 1.275 41.5416666666667 38.375 14.0833333333333 "交通污染监控点" 116.394 39.876
"永定门内" 20161220 397.375 404.260869565217 8.44583333333333 154.125 13.2173913043478 18.5 "交通污染监控点" 116.394 39.876
"永定门内" 20161029 28.75 46.625 0.829166666666667 55.5833333333333 30.4347826086957 11.5833333333333 "交通污染监控点" 116.394 39.876
"永定门内" 20160929 65.125 70.125 0.783333333333333 84.8333333333333 31.875 11.9166666666667 "交通污染监控点" 116.394 39.876
"永定门内" 20161227 44.25 37.25 0.795833333333333 58.2083333333333 25 6.33333333333333 "交通污染监控点" 116.394 39.876
"永定门内" 20160831 22.875 60.25 0.495833333333333 61.2083333333333 46.9166666666667 5.66666666666667 "交通污染监控点" 116.394 39.876
"永定门内" 20160229 36.7916666666667 41.7083333333333 0.745833333333333 59.75 30.2916666666667 16.1666666666667 "交通污染监控点" 116.394 39.876
"永定门内" 20160512 44.4545454545455 145.666666666667 0.558333333333333 49.7826086956522 65.7916666666667 4.08333333333333 "交通污染监控点" 116.394 39.876
"永定门内" 20160914 104.583333333333 133.916666666667 1.02916666666667 67.5833333333333 72.1666666666667 11.25 "交通污染监控点" 116.394 39.876
"永定门内" 20161226 47.4090909090909 156.409090909091 0.959090909090909 65.5909090909091 22.5714285714286 17.0454545454545 "交通污染监控点" 116.394 39.876
"永定门内" 20160526 23.2083333333333 60.6666666666667 0.316666666666667 58.5833333333333 83.0833333333333 5.125 "交通污染监控点" 116.394 39.876
"永定门内" 20160921 77.3333333333333 75.875 1.10833333333333 110.875 22.6666666666667 10.4583333333333 "交通污染监控点" 116.394 39.876
"永定门内" 20161005 62.375 60.7916666666667 1.22083333333333 49.5 28.125 4.41666666666667 "交通污染监控点" 116.394 39.876
"永定门内" 20160602 47.6666666666667 72.9583333333333 0.808333333333333 81.9166666666667 92.4583333333333 19.125 "交通污染监控点" 116.394 39.876
"永定门内" 20160716 45.7916666666667 56.5 0.675 71.75 37.8333333333333 11.1666666666667 "交通污染监控点" 116.394 39.876
"永定门内" 20161012 82.7083333333333 110.375 1.31666666666667 82.0833333333333 20.2608695652174 13.9166666666667 "交通污染监控点" 116.394 39.876
"永定门内" 20161210 56.3636363636364 62.7727272727273 1.35 74.8181818181818 22.7142857142857 16.8636363636364 "交通污染监控点" 116.394 39.876
"永定门内" 20161004 33.7083333333333 106.458333333333 0.870833333333333 43.0416666666667 50.0416666666667 5.125 "交通污染监控点" 116.394 39.876
"永定门内" 20160912 35.8260869565217 45.6521739130435 0.708695652173913 58.695652173913 45.2173913043478 4.82608695652174 "交通污染监控点" 116.394 39.876
"永定门内" 20160128 161.75 207.041666666667 3.45416666666667 91.4583333333333 8.29166666666667 53.1666666666667 "交通污染监控点" 116.394 39.876
"永定门内" 20160524 20.9166666666667 63.4166666666667 0.366666666666667 52.875 70.1666666666667 9.04166666666667 "交通污染监控点" 116.394 39.876
"永定门内" 20160828 14.7391304347826 50.4782608695652 0.330434782608696 55.2608695652174 48.7826086956522 6.56521739130435 "交通污染监控点" 116.394 39.876
"永定门内" 20160226 36.8333333333333 48.75 0.833333333333333 49.9583333333333 38.7916666666667 22.7083333333333 "交通污染监控点" 116.394 39.876
"永定门内" 20160531 42.6842105263158 107.45 0.83 59.95 65.55 14.4 "交通污染监控点" 116.394 39.876
"永定门内" 20161109 177.916666666667 144.75 2.60416666666667 86.25 4.33333333333333 34.0833333333333 "交通污染监控点" 116.394 39.876
"永定门内" 20161010 90 79.3888888888889 3.16666666666667 117.666666666667 14.9333333333333 11 "交通污染监控点" 116.394 39.876
"永定门内" 20160827 20.3333333333333 53.625 0.541666666666667 59.75 44.1666666666667 16.125 "交通污染监控点" 116.394 39.876
"永定门内" 20160225 24.6666666666667 50.125 0.808333333333333 44.2083333333333 38.125 17.5416666666667 "交通污染监控点" 116.394 39.876
"永定门内" 20160508 78.2916666666667 84.375 0.8 61.6666666666667 78.2916666666667 26.1666666666667 "交通污染监控点" 116.394 39.876
"永定门内" 20160728 57.5416666666667 73.3333333333333 0.626666666666667 56.5833333333333 60.0416666666667 2.04166666666667 "交通污染监控点" 116.394 39.876
"永定门内" 20160111 11.2173913043478 47.4583333333333 0.508333333333333 34.6666666666667 38.7083333333333 8.95833333333333 "交通污染监控点" 116.394 39.876
"永定门内" 20160826 13.3913043478261 36.4347826086956 0.295652173913043 58.0434782608696 46.6086956521739 13.2173913043478 "交通污染监控点" 116.394 39.876
"永定门内" 20160606 101.380952380952 108.708333333333 0.866666666666667 60.125 118.708333333333 17.875 "交通污染监控点" 116.394 39.876
"永定门内" 20161001 171.75 191.708333333333 1.60416666666667 120.5 44 16.5833333333333 "交通污染监控点" 116.394 39.876
"永定门内" 20160727 67.9583333333333 70.5833333333333 0.7875 61.5833333333333 83.3333333333333 2.375 "交通污染监控点" 116.394 39.876
"永定门内" 20160125 59.7083333333333 63.8333333333333 3.88333333333333 68.8333333333333 16.0416666666667 25.8333333333333 "交通污染监控点" 116.394 39.876
"永定门内" 20161221 411.333333333333 426 8.61666666666667 176.708333333333 10.8333333333333 25.4166666666667 "交通污染监控点" 116.394 39.876
"永定门内" 20161030 51.4583333333333 68.2083333333333 0.958333333333333 52.5416666666667 28.9166666666667 14.0416666666667 "交通污染监控点" 116.394 39.876
"永定门内" 20160930 109.625 114.875 1.03333333333333 107.458333333333 45.5833333333333 14.875 "交通污染监控点" 116.394 39.876
"永定门内" 20161228 78.5 122.5 1.10833333333333 51.625 28.9130434782609 13.25 "交通污染监控点" 116.394 39.876
"永定门内" 20160901 9.08333333333333 40.8333333333333 0.316666666666667 42.375 43.4583333333333 3.75 "交通污染监控点" 116.394 39.876
"永定门内" 20160301 128.666666666667 111.5 2.0125 96.5416666666667 15.1666666666667 39.6666666666667 "交通污染监控点" 116.394 39.876
"永定门内" 20160513 49.25 70.9583333333333 0.879166666666667 93.6666666666667 57.8333333333333 5.70833333333333 "交通污染监控点" 116.394 39.876
"永定门内" 20160915 88.3333333333333 111.75 0.870833333333333 70.0833333333333 69.7916666666667 8.41666666666667 "交通污染监控点" 116.394 39.876
"永定门内" 20160718 112.958333333333 139.333333333333 1.225 91.7083333333333 48 9.79166666666667 "交通污染监控点" 116.394 39.876
"永定门内" 20161120 61.5833333333333 126.291666666667 1.15833333333333 51.75 8.60869565217391 10.5833333333333 "交通污染监控点" 116.394 39.876
"永定门内" 20161212 233.210526315789 273.052631578947 2.81052631578947 111.888888888889 9.44444444444444 52 "交通污染监控点" 116.394 39.876
"永定门内" 20161006 68.75 103 1.525 55.8333333333333 22.4166666666667 8.83333333333333 "交通污染监控点" 116.394 39.876
"永定门内" 20160801 83.6086956521739 104.652173913043 1.64166666666667 62.1363636363636 30.6086956521739 7.95652173913043 "交通污染监控点" 116.394 39.876
"永定门内" 20160717 86.5416666666667 88.0833333333333 0.966666666666667 82.375 83.7083333333333 8.875 "交通污染监控点" 116.394 39.876
"永定门内" 20161013 177.125 167.625 1.79166666666667 94.875 22.0833333333333 9.54166666666667 "交通污染监控点" 116.394 39.876
"永定门内" 20161211 199.625 161.652173913043 3.22916666666667 111.208333333333 19.1666666666667 45.8333333333333 "交通污染监控点" 116.394 39.876
"永定门内" 20160815 26.7083333333333 67.1666666666667 0.508333333333333 46.75 58.375 6.66666666666667 "交通污染监控点" 116.394 39.876
"永定门内" 20160624 19.1666666666667 74.7083333333333 0.383333333333333 51.5416666666667 55.9583333333333 8.16666666666667 "交通污染监控点" 116.394 39.876
"永定门内" 20160129 61.8695652173913 129.958333333333 2.22916666666667 56.5416666666667 10.5833333333333 41 "交通污染监控点" 116.394 39.876
"永定门内" 20160822 52 86.0833333333333 0.8625 53.7083333333333 84.5 12.2083333333333 "交通污染监控点" 116.394 39.876
"永定门内" 20160829 21.25 49.9583333333333 0.45 68.4166666666667 44.375 4.95238095238095 "交通污染监控点" 116.394 39.876
"永定门内" 20160227 22.2916666666667 56.3333333333333 0.608333333333333 50.875 34.4583333333333 18.875 "交通污染监控点" 116.394 39.876
"永定门内" 20160601 29.5 66.7916666666667 0.645833333333333 68.6666666666667 74.2083333333333 14.8333333333333 "交通污染监控点" 116.394 39.876
"永定门内" 20161110 158.458333333333 235.875 1.53333333333333 68.7083333333333 20.0869565217391 13.4166666666667 "交通污染监控点" 116.394 39.876
"永定门内" 20161011 110.636363636364 177.833333333333 2.53333333333333 85.3333333333333 9.09090909090909 19.4545454545455 "交通污染监控点" 116.394 39.876
"永定门内" 20161117 108.208333333333 148.083333333333 2.45 76.25 23.0869565217391 30.25 "交通污染监控点" 116.394 39.876
"永定门内" 20160120 140 155.916666666667 3.3125 82.6666666666667 2 63 "交通污染监控点" 116.394 39.876
"永定门内" 20160509 39.7916666666667 78.75 0.579166666666667 60.125 52.7391304347826 13.625 "交通污染监控点" 116.394 39.876
"永定门内" 20160729 133.173913043478 138 NA 26.0434782608696 57.6086956521739 3.91304347826087 "交通污染监控点" 116.394 39.876
"永定门内" 20160112 14.5416666666667 29.9130434782609 0.629166666666667 43.125 31.625 10.625 "交通污染监控点" 116.394 39.876
"永定门内" 20160805 69.875 114.875 0.8 46.2083333333333 111.708333333333 9.83333333333333 "交通污染监控点" 116.394 39.876
"永定门内" 20160607 65.9130434782609 111.304347826087 0.908695652173913 44.4782608695652 85.9565217391304 4.30434782608696 "交通污染监控点" 116.394 39.876
"永定门内" 20161002 202.833333333333 238.416666666667 1.54583333333333 115.875 32.6666666666667 12.2916666666667 "交通污染监控点" 116.394 39.876
"永定门内" 20161017 76.7916666666667 127.5 1.07916666666667 69.4583333333333 36.1666666666667 5.58333333333333 "交通污染监控点" 116.394 39.876
"永定门内" 20160126 49.304347826087 74.625 2.525 46.2083333333333 30.5833333333333 28.375 "交通污染监控点" 116.394 39.876
"永定门内" 20161222 154.166666666667 414.416666666667 3.33333333333333 76.4166666666667 32 9.08333333333333 "交通污染监控点" 116.394 39.876
"永定门内" 20160628 78.5 85.4583333333333 0.745833333333333 63.3333333333333 51.5833333333333 7.91666666666667 "交通污染监控点" 116.394 39.876
"永定门内" 20160621 107.333333333333 123.458333333333 0.879166666666667 66.0416666666667 128.666666666667 9.29166666666667 "交通污染监控点" 116.394 39.876
"永定门内" 20160705 104.52380952381 147.375 0.8875 63.9166666666667 115.708333333333 10.25 "交通污染监控点" 116.394 39.876
"永定门内" 20160902 17.125 48.9583333333333 0.429166666666667 46.625 29.3333333333333 2.91666666666667 "交通污染监控点" 116.394 39.876
"永定门内" 20161214 30.6818181818182 37.6666666666667 0.725 52.7916666666667 22.7272727272727 13.2083333333333 "交通污染监控点" 116.394 39.876
"永定门内" 20160514 41.25 60.875 0.570833333333333 58.25 50.2083333333333 5.91666666666667 "交通污染监控点" 116.394 39.876
"永定门内" 20160916 154.375 187.791666666667 1.10416666666667 69.7083333333333 61.7916666666667 10.1666666666667 "交通污染监控点" 116.394 39.876
"永定门内" 20160719 120.75 155.75 1.42083333333333 69.7916666666667 18.375 6.45833333333333 "交通污染监控点" 116.394 39.876
"永定门内" 20161121 10 45.5416666666667 0.291666666666667 21.9583333333333 58.8333333333333 2.08333333333333 "交通污染监控点" 116.394 39.876
"永定门内" 20161213 65.2727272727273 195.909090909091 1.34545454545455 66.5909090909091 26.1363636363636 4.63636363636364 "交通污染监控点" 116.394 39.876
"永定门内" 20161007 44.75 71.125 1.64583333333333 49.7083333333333 20.7916666666667 6.70833333333333 "交通污染监控点" 116.394 39.876
"永定门内" 20160802 74.5909090909091 126.6 1.24545454545455 63 63.6363636363636 7.09090909090909 "交通污染监控点" 116.394 39.876
"永定门内" 20160101 195.5 181.708333333333 3.7 137.869565217391 2.58333333333333 39.625 "交通污染监控点" 116.394 39.876
"永定门内" 20161014 256.739130434783 281.173913043478 2.37391304347826 110.565217391304 17.6086956521739 11 "交通污染监控点" 116.394 39.876
"永定门内" 20160703 94.875 92.875 0.9625 87.75 81.6666666666667 13.2916666666667 "交通污染监控点" 116.394 39.876
"永定门内" 20160816 28.6666666666667 40.375 0.5375 46.5 63.625 7.70833333333333 "交通污染监控点" 116.394 39.876
"永定门内" 20160625 17.304347826087 34.25 0.291666666666667 46.2916666666667 65.6666666666667 6.91666666666667 "交通污染监控点" 116.394 39.876
"永定门内" 20161112 82.625 115.625 1.66666666666667 75.125 29.7826086956522 12.7916666666667 "交通污染监控点" 116.394 39.876
"永定门内" 20160823 72.7826086956522 73.6521739130435 0.821739130434783 67.1739130434783 61.2173913043478 16.3913043478261 "交通污染监控点" 116.394 39.876
"永定门内" 20160830 35.1666666666667 64.5833333333333 0.6625 68.2916666666667 88.1666666666667 7.33333333333333 "交通污染监控点" 116.394 39.876
"永定门内" 20160228 34.7916666666667 54.4583333333333 0.841666666666667 44.8333333333333 35.5 11.75 "交通污染监控点" 116.394 39.876
"永定门内" 20160709 79.75 114.833333333333 0.675 55.875 71.7083333333333 14.1666666666667 "交通污染监控点" 116.394 39.876
"永定门内" 20161111 114.227272727273 182.166666666667 2.20416666666667 74.75 40.75 12.75 "交通污染监控点" 116.394 39.876
"永定门内" 20160114 103.208333333333 113.166666666667 3.0625 97.3333333333333 10.5416666666667 44.1666666666667 "交通污染监控点" 116.394 39.876
"永定门内" 20161118 185.791666666667 186.958333333333 3.98333333333333 90.1666666666667 10.1304347826087 40.8333333333333 "交通污染监控点" 116.394 39.876
"永定门内" 20160121 135.666666666667 176.541666666667 2.58333333333333 73.5 2.5 32.625 "交通污染监控点" 116.394 39.876
"永定门内" 20160708 91.7916666666667 130.541666666667 1.1 63.6666666666667 77.625 11.5833333333333 "交通污染监控点" 116.394 39.876
"永定门内" 20160730 154.35 201.263157894737 NA 30.65 16.95 2.35 "交通污染监控点" 116.394 39.876
"永定门内" 20160113 50.5 49 1.7375 73.75 13.2083333333333 27.1666666666667 "交通污染监控点" 116.394 39.876
"永定门内" 20160806 112.869565217391 129.142857142857 0.8 54.304347826087 73.7826086956522 8.82608695652174 "交通污染监控点" 116.394 39.876
"永定门内" 20160608 151.166666666667 138 1.39166666666667 70.2083333333333 97.6666666666667 5.29166666666667 "交通污染监控点" 116.394 39.876
"永定门内" 20160722 84.375 86.875 1.02916666666667 57.25 41.625 4.875 "交通污染监控点" 116.394 39.876
"永定门内" 20161018 131.25 116.125 1.75 81.5416666666667 18.7083333333333 11.5833333333333 "交通污染监控点" 116.394 39.876
"永定门内" 20160904 76.7916666666667 82.4583333333333 0.866666666666667 69.7083333333333 76.1666666666667 11.0833333333333 "交通污染监控点" 116.394 39.876
"永定门内" 20161223 82.1666666666667 65 1.31666666666667 88.5 6 25 "交通污染监控点" 116.394 39.876
"永定门内" 20160629 124.166666666667 140.791666666667 0.908333333333333 65.9166666666667 59.5416666666667 10.1666666666667 "交通污染监控点" 116.394 39.876
"永定门内" 20160622 57.75 104.875 0.6625 63.4166666666667 125.666666666667 8.5 "交通污染监控点" 116.394 39.876
"永定门内" 20160706 69.125 108.958333333333 0.845833333333333 70.6666666666667 125.583333333333 11.7916666666667 "交通污染监控点" 116.394 39.876
"永定门内" 20160903 25.0833333333333 44.0833333333333 0.4875 54.25 62.875 4.83333333333333 "交通污染监控点" 116.394 39.876
"永定门内" 20161215 32.7391304347826 62.7826086956522 0.973913043478261 53 16.9565217391304 13.2173913043478 "交通污染监控点" 116.394 39.876
"永定门内" 20160515 37.7916666666667 64.3333333333333 0.658333333333333 49.375 37.9166666666667 7.70833333333333 "交通污染监控点" 116.394 39.876
"永定门内" 20160917 45.0833333333333 122.458333333333 0.783333333333333 50.5416666666667 35.0833333333333 7.29166666666667 "交通污染监控点" 116.394 39.876
"永定门内" 20160720 39.0833333333333 114.25 0.5875 32.0833333333333 41.7916666666667 6.375 "交通污染监控点" 116.394 39.876
"永定门内" 20161122 10.7391304347826 21.4782608695652 0.421739130434783 22.304347826087 53.5 5.60869565217391 "交通污染监控点" 116.394 39.876
"永定门内" 20160302 193.708333333333 228.833333333333 3.14583333333333 133.541666666667 11.75 43.0833333333333 "交通污染监控点" 116.394 39.876
"永定门内" 20161008 13.2916666666667 41.625 0.475 33 52.3913043478261 3.08333333333333 "交通污染监控点" 116.394 39.876
"永定门内" 20160803 74.0952380952381 97.2777777777778 0.928571428571429 60.2857142857143 95.8095238095238 7.28571428571429 "交通污染监控点" 116.394 39.876
"永定门内" 20160102 301.125 300.304347826087 5.4875 206.791666666667 2 38.4583333333333 "交通污染监控点" 116.394 39.876
"永定门内" 20161015 187.791666666667 270.416666666667 2.20833333333333 99.4583333333333 6.08333333333333 10.4583333333333 "交通污染监控点" 116.394 39.876
"永定门内" 20160704 147.666666666667 185.375 1.21666666666667 73.25 87.8333333333333 7.91666666666667 "交通污染监控点" 116.394 39.876
"永定门内" 20160817 72 61.0833333333333 1.025 78.6666666666667 18.9166666666667 13.2083333333333 "交通污染监控点" 116.394 39.876
"永定门内" 20160626 43.875 63.875 0.525 77.3 73.3888888888889 8.57894736842105 "交通污染监控点" 116.394 39.876
"永定门内" 20161113 106.545454545455 109.727272727273 2.59090909090909 76.5909090909091 19.8181818181818 11.8 "交通污染监控点" 116.394 39.876
"永定门内" 20160824 89.4583333333333 111.916666666667 0.995833333333333 81.875 45 8.16666666666667 "交通污染监控点" 116.394 39.876
"永定门内" 20160520 91.8333333333333 117.291666666667 1.10416666666667 89.875 117.5 27.6666666666667 "交通污染监控点" 116.394 39.876
"永定门内" 20160611 12.25 52.9583333333333 0.391666666666667 54.4583333333333 64.2916666666667 6.08333333333333 "交通污染监控点" 116.394 39.876
"永定门内" 20160710 86.0833333333333 124.04347826087 0.645833333333333 46.9583333333333 84.5833333333333 15.875 "交通污染监控点" 116.394 39.876
"永定门内" 20160130 68.5833333333333 90.2916666666667 2.67083333333333 58.625 13.9166666666667 27.25 "交通污染监控点" 116.394 39.876
"永定门内" 20160115 136.375 173.583333333333 3.64583333333333 105.5 6.33333333333333 46.0833333333333 "交通污染监控点" 116.394 39.876
"永定门内" 20161119 136.625 216.083333333333 1.95416666666667 73.6666666666667 37.6666666666667 16.2916666666667 "交通污染监控点" 116.394 39.876
"永定门内" 20160122 17.7083333333333 112.583333333333 0.5375 25.375 52.5 10.375 "交通污染监控点" 116.394 39.876
"永定门内" 20160724 79.3333333333333 153.666666666667 0.879166666666667 66.4166666666667 41.1666666666667 2.54166666666667 "交通污染监控点" 116.394 39.876
"永定门内" 20160731 71.5833333333333 130.333333333333 NA 80.2608695652174 32.8333333333333 7.79166666666667 "交通污染监控点" 116.394 39.876
"永定门内" 20160220 14.2916666666667 30.3478260869565 0.454166666666667 29.0833333333333 53 7.625 "交通污染监控点" 116.394 39.876
"永定门内" 20160807 23.9565217391304 82.4 0.51304347826087 43.5652173913044 75.6086956521739 8.21739130434783 "交通污染监控点" 116.394 39.876
"永定门内" 20160609 100.952380952381 194.55 0.971428571428571 58.8095238095238 118.238095238095 9.38095238095238 "交通污染监控点" 116.394 39.876
"永定门内" 20160723 144.666666666667 149.125 1.27083333333333 73.5 38.5416666666667 4.16666666666667 "交通污染监控点" 116.394 39.876
"永定门内" 20161019 221 184.958333333333 2.40416666666667 92.7083333333333 13.4583333333333 13.5454545454545 "交通污染监控点" 116.394 39.876
"永定门内" 20160905 31.9166666666667 74.5 0.45 47.7916666666667 83.2083333333333 4.83333333333333 "交通污染监控点" 116.394 39.876
"永定门内" 20161224 128.125 120.541666666667 2.3 91.3333333333333 12.7826086956522 40.125 "交通污染监控点" 116.394 39.876
"永定门内" 20160630 89.125 148.5 0.816666666666667 75.375 88.1666666666667 10.875 "交通污染监控点" 116.394 39.876
"永定门内" 20160623 78.125 95.9166666666667 1.025 70.125 94.0416666666667 14.0833333333333 "交通污染监控点" 116.394 39.876
"永定门内" 20160707 115.791666666667 123.375 1.1625 62.0833333333333 120.791666666667 12.625 "交通污染监控点" 116.394 39.876
"永定门内" 20161124 81.75 65.4166666666667 1.5375 75.9166666666667 24.4782608695652 28.375 "交通污染监控点" 116.394 39.876
"永定门内" 20161216 190.583333333333 123.958333333333 2.82083333333333 116.458333333333 23.6086956521739 35.0416666666667 "交通污染监控点" 116.394 39.876
"永定门内" 20160516 36.6111111111111 65.2777777777778 0.544444444444444 66.2777777777778 55.8333333333333 9.16666666666667 "交通污染监控点" 116.394 39.876
"永定门内" 20160918 24.125 47.1363636363636 0.566666666666667 45.5833333333333 18 3.625 "交通污染监控点" 116.394 39.876
"永定门内" 20160721 31.3809523809524 37.0416666666667 0.8625 56.625 19.6086956521739 4.58333333333333 "交通污染监控点" 116.394 39.876
"永定门内" 20161123 32.875 30.2916666666667 0.683333333333333 41.2083333333333 37.875 13.25 "交通污染监控点" 116.394 39.876
"永定门内" 20160303 292.791666666667 264.666666666667 3.7375 136.458333333333 8.70833333333333 48.8333333333333 "交通污染监控点" 116.394 39.876
"永定门内" 20161009 41.5 53.4166666666667 0.875 61.625 13.625 10.2083333333333 "交通污染监控点" 116.394 39.876
"永定门内" 20160804 109.739130434783 120.708333333333 1.30416666666667 59.375 104.083333333333 11.0833333333333 "交通污染监控点" 116.394 39.876
"永定门内" 20161115 48.9130434782609 42.6086956521739 1.78260869565217 73.6521739130435 7.21739130434783 10 "交通污染监控点" 116.394 39.876
"永定门内" 20161016 119.666666666667 205 0.870833333333333 67.0833333333333 35.0833333333333 7.70833333333333 "交通污染监控点" 116.394 39.876
"永定门内" 20160522 51.125 86.875 0.6875 89.0416666666667 97.7916666666667 17.7083333333333 "交通污染监控点" 116.394 39.876
"永定门内" 20160818 90.2083333333333 130.875 1.64583333333333 58.3333333333333 13.1666666666667 5.91666666666667 "交通污染监控点" 116.394 39.876
"永定门内" 20160627 61.695652173913 74.4166666666667 0.704166666666667 73.8260869565217 89.0416666666667 15.125 "交通污染监控点" 116.394 39.876
"永定门内" 20161114 50.5833333333333 136.208333333333 1.14583333333333 46.75 40.1428571428571 4.54166666666667 "交通污染监控点" 116.394 39.876
"永定门内" 20160825 24.0416666666667 83.4166666666667 0.354166666666667 37.625 40.7083333333333 2.75 "交通污染监控点" 116.394 39.876
"永定门内" 20160521 76.7916666666667 116.5 0.908333333333333 81.9166666666667 102.25 25.8333333333333 "交通污染监控点" 116.394 39.876
"永定门内" 20160612 69.5 74.7916666666667 0.883333333333333 66.625 111.166666666667 12.5 "交通污染监控点" 116.394 39.876
"永定门内" 20160711 89.7391304347826 105.791666666667 0.554166666666667 50.625 86.7083333333333 14.75 "交通污染监控点" 116.394 39.876
"永定门内" 20160131 48.2173913043478 74.0833333333333 1.4695652173913 38 39.2916666666667 16.25 "交通污染监控点" 116.394 39.876
"永定门内" 20160116 131.208333333333 163.75 2.58333333333333 75.7083333333333 4.95833333333333 52.75 "交通污染监控点" 116.394 39.876
"永定门内" 20160809 55.7333333333333 66.8 1.21333333333333 56.2666666666667 122.066666666667 14.6666666666667 "交通污染监控点" 116.394 39.876
"永定门内" 20160428 91.0416666666667 135.125 1.10416666666667 84.9583333333333 75.375 16.75 "交通污染监控点" 116.394 39.876
"永定门内" 20160413 146.291666666667 169.125 1.05 88.6666666666667 44.3333333333333 17.2083333333333 "交通污染监控点" 116.394 39.876
"永定门内" 20161021 49.1666666666667 72.6666666666667 0.895833333333333 48.7142857142857 28.0416666666667 4.125 "交通污染监控点" 116.394 39.876
"永定门内" 20160221 94.8333333333333 75.875 1.87083333333333 75.2083333333333 16.5416666666667 30.75 "交通污染监控点" 116.394 39.876
"永定门内" 20160808 40.8888888888889 51.9411764705882 0.8 53.4444444444444 56.9444444444444 6.77777777777778 "交通污染监控点" 116.394 39.876
"永定门内" 20160610 55.9583333333333 100.625 0.5125 40.25 101.166666666667 4.125 "交通污染监控点" 116.394 39.876
"永定门内" 20160412 82.375 88.8333333333333 0.8125 84.625 28.2916666666667 13.9583333333333 "交通污染监控点" 116.394 39.876
"永定门内" 20161020 89.75 223.5 1.55 63.1428571428571 18 25.5416666666667 "交通污染监控点" 116.394 39.876
"永定门内" 20160906 23.2777777777778 57.5294117647059 0.483333333333333 63 39.3333333333333 6.38888888888889 "交通污染监控点" 116.394 39.876
"永定门内" 20160419 55 61.5714285714286 0.757142857142857 83.1428571428571 33 19 "交通污染监控点" 116.394 39.876
"永定门内" 20160701 17.9166666666667 67.0833333333333 0.325 52.0833333333333 81.3333333333333 7.70833333333333 "交通污染监控点" 116.394 39.876
"永定门内" 20160205 9.625 28.3333333333333 0.458333333333333 26.5833333333333 53.4583333333333 7.16666666666667 "交通污染监控点" 116.394 39.876
"永定门内" 20160503 21.6818181818182 77.3181818181818 0.395454545454545 44.3181818181818 49.4545454545455 9.36363636363636 "交通污染监控点" 116.394 39.876
"永定门内" 20161125 175.791666666667 177.666666666667 2.76666666666667 101.5 25.3333333333333 46.5 "交通污染监控点" 116.394 39.876
"永定门内" 20161217 234.916666666667 257.083333333333 3.2625 118.083333333333 16.7391304347826 48.75 "交通污染监控点" 116.394 39.876
"永定门内" 20160517 62.5 83.5416666666667 0.725 80.7916666666667 103.416666666667 18.375 "交通污染监控点" 116.394 39.876
"永定门内" 20160204 11.375 40.2083333333333 0.5 34.5 47.4583333333333 8.83333333333333 "交通污染监控点" 116.394 39.876
"永定门内" 20160425 94.0416666666667 124.083333333333 0.708333333333333 53.1666666666667 102.958333333333 24.5833333333333 "交通污染监控点" 116.394 39.876
"永定门内" 20160813 30.625 59.25 0.725 48.125 15.3333333333333 10.7916666666667 "交通污染监控点" 116.394 39.876
"永定门内" 20160304 303.434782608696 380.083333333333 4.30833333333333 127.541666666667 3.25 55.125 "交通污染监控点" 116.394 39.876
"永定门内" 20160402 6.33333333333333 46.5416666666667 0.270833333333333 23.9166666666667 62.0833333333333 10.8333333333333 "交通污染监控点" 116.394 39.876
"永定门内" 20160203 43.6666666666667 62.9166666666667 1.45 77.5833333333333 10.1666666666667 25.875 "交通污染监控点" 116.394 39.876
"永定门内" 20161116 109.260869565217 116.818181818182 2.49130434782609 91.1739130434783 32.5909090909091 19.304347826087 "交通污染监控点" 116.394 39.876
"永定门内" 20160812 85.6 114.615384615385 0.666666666666667 43.3333333333333 17.3333333333333 11.6 "交通污染监控点" 116.394 39.876
"永定门内" 20160523 69.75 86.875 0.970833333333333 67.9583333333333 87.1666666666667 29.375 "交通污染监控点" 116.394 39.876
"永定门内" 20160819 25.2916666666667 65.875 0.9 43.5 54.9166666666667 3.20833333333333 "交通污染监控点" 116.394 39.876
"永定门内" 20161024 72.0416666666667 70 1.2125 64.3333333333333 5.5 9.75 "交通污染监控点" 116.394 39.876
"永定门内" 20160202 34.3333333333333 35.25 1.15416666666667 66.6666666666667 20.5652173913043 23.875 "交通污染监控点" 116.394 39.876
"永定门内" 20160118 9.95454545454546 40.1666666666667 0.541666666666667 29.2916666666667 47.875 8.70833333333333 "交通污染监控点" 116.394 39.876
"永定门内" 20160811 83.0833333333333 111.666666666667 0.695833333333333 40 61.9166666666667 9.75 "交通污染监控点" 116.394 39.876
"永定门内" 20160613 54.7083333333333 79.375 0.645833333333333 64.9166666666667 71.1666666666667 8.5 "交通污染监控点" 116.394 39.876
"永定门内" 20160712 36.1818181818182 90.1818181818182 0.409090909090909 59.1818181818182 50.8636363636364 10.8636363636364 "交通污染监控点" 116.394 39.876
"永定门内" 20160201 13.0416666666667 56.2916666666667 0.7 38.0833333333333 33.9583333333333 13.125 "交通污染监控点" 116.394 39.876
"永定门内" 20160117 38.75 122.583333333333 0.666666666666667 35.375 40.3333333333333 13.625 "交通污染监控点" 116.394 39.876
"永定门内" 20160810 85.0454545454545 99.25 0.677272727272727 39.3181818181818 75.2272727272727 6.95454545454545 "交通污染监控点" 116.394 39.876
"永定门内" 20160429 125.75 106.916666666667 1.39166666666667 99 70.125 28.7083333333333 "交通污染监控点" 116.394 39.876
"永定门内" 20160414 34.1739130434783 115.454545454545 0.378260869565217 41.5217391304348 76.695652173913 9.30434782608696 "交通污染监控点" 116.394 39.876
"永定门内" 20161022 16.625 47.4583333333333 0.529166666666667 39.2083333333333 30.9166666666667 2 "交通污染监控点" 116.394 39.876
"永定门内" 20160222 68.875 129.434782608696 1.2 50.4583333333333 36.8333333333333 26.0416666666667 "交通污染监控点" 116.394 39.876
"永定门内" 20160421 99.7727272727273 140.772727272727 1.11363636363636 85.7272727272727 58.5454545454545 12.5454545454545 "交通污染监控点" 116.394 39.876
"永定门内" 20160322 115.625 184.458333333333 1.57083333333333 100.708333333333 18.875 43.3333333333333 "交通污染监控点" 116.394 39.876
"永定门内" 20160207 54.0416666666667 76.875 1.00416666666667 54.75 35.875 32.5 "交通污染监控点" 116.394 39.876
"永定门内" 20160403 15.5416666666667 34.0833333333333 0.3125 34.8333333333333 62.25 11.4166666666667 "交通污染监控点" 116.394 39.876
"永定门内" 20160307 41.75 132 1.0875 49 40.695652173913 20.3913043478261 "交通污染监控点" 116.394 39.876
"永定门内" 20160420 78.6 90.3333333333333 1 78.8 28.8 16.8 "交通污染监控点" 116.394 39.876
"永定门内" 20160702 52.5416666666667 59.4166666666667 0.516666666666667 72.2916666666667 78.2916666666667 8.375 "交通污染监控点" 116.394 39.876
"永定门内" 20160206 41.7916666666667 42.5 0.966666666666667 54.4583333333333 34.75 26.75 "交通污染监控点" 116.394 39.876
"永定门内" 20160504 30.4347826086957 68.125 0.595833333333333 84.375 52.25 11.5416666666667 "交通污染监控点" 116.394 39.876
"永定门内" 20161126 304.791666666667 305.458333333333 4.05833333333333 129.5 22.6521739130435 41.125 "交通污染监控点" 116.394 39.876
"永定门内" 20160617 28.5833333333333 65.7916666666667 0.591666666666667 84.7916666666667 39.875 3.83333333333333 "交通污染监控点" 116.394 39.876
"永定门内" 20160518 57.6666666666667 82.5416666666667 0.491666666666667 55.4583333333333 126.291666666667 15.1666666666667 "交通污染监控点" 116.394 39.876
"永定门内" 20160426 79.5833333333333 120.666666666667 1.24583333333333 71.625 76.375 38.0416666666667 "交通污染监控点" 116.394 39.876
"永定门内" 20160614 41.7142857142857 69.6521739130435 0.6 51.1304347826087 48.5217391304348 8.82608695652174 "交通污染监控点" 116.394 39.876
"永定门内" 20160814 28.5416666666667 51.8333333333333 0.625 70.625 59.5416666666667 10.8333333333333 "交通污染监控点" 116.394 39.876
"永定门内" 20160305 64 325.913043478261 0.391304347826087 27.304347826087 54 7.60869565217391 "交通污染监控点" 116.394 39.876
"永定门内" 20160310 10.2916666666667 36.5416666666667 0.433333333333333 23.9166666666667 58.7083333333333 11.9166666666667 "交通污染监控点" 116.394 39.876
"永定门内" 20161026 47 121.157894736842 0.82 57.9 40.5294117647059 2.75 "交通污染监控点" 116.394 39.876
"永定门内" 20160430 168.958333333333 230.958333333333 1.47083333333333 103.291666666667 105.25 18.3333333333333 "交通污染监控点" 116.394 39.876
"永定门内" 20160219 13.6666666666667 33.7916666666667 0.470833333333333 38.8333333333333 43.125 4.70833333333333 "交通污染监控点" 116.394 39.876
"永定门内" 20160326 14.125 44.875 0.3625 36.25 55.125 11.375 "交通污染监控点" 116.394 39.876
"永定门内" 20160820 66.6666666666667 71.125 1.06666666666667 58.4166666666667 93.4166666666667 10.2083333333333 "交通污染监控点" 116.394 39.876
"永定门内" 20161025 117.75 128 1.57083333333333 79.5833333333333 13.2272727272727 6 "交通污染监控点" 116.394 39.876
"永定门内" 20160424 90.0416666666667 80.4166666666667 0.883333333333333 70.3333333333333 70.5833333333333 34 "交通污染监控点" 116.394 39.876
"永定门内" 20160119 76.1304347826087 66.9565217391304 2.01739130434783 71.0434782608696 10.7826086956522 28.5217391304348 "交通污染监控点" 116.394 39.876
"永定门内" 20160210 100.625 96.25 2.71666666666667 85.6666666666667 10.5416666666667 59.625 "交通污染监控点" 116.394 39.876
"永定门内" 20160308 11.7222222222222 44.2857142857143 0.388888888888889 30.7777777777778 54.2777777777778 8.55555555555556 "交通污染监控点" 116.394 39.876
"永定门内" 20160713 26.8333333333333 44.875 0.479166666666667 61.5 72.8333333333333 10 "交通污染监控点" 116.394 39.876
"永定门内" 20160423 20.0434782608696 56.4166666666667 0.354166666666667 50.7916666666667 60.6666666666667 9.91666666666667 "交通污染监控点" 116.394 39.876
"永定门内" 20160315 142.8 132.95 1.6 96.6 17.6 59.15 "交通污染监控点" 116.394 39.876
"永定门内" 20160821 65.7916666666667 98.9166666666667 0.908333333333333 67.4166666666667 107.875 11.3333333333333 "交通污染监控点" 116.394 39.876
"永定门内" 20160329 20.3181818181818 103.75 0.445454545454545 48.4090909090909 58.1363636363636 10.4090909090909 "交通污染监控点" 116.394 39.876
"永定门内" 20160415 60.3636363636364 68.5909090909091 1.20454545454545 83.5454545454545 53.9545454545455 30.1818181818182 "交通污染监控点" 116.394 39.876
"永定门内" 20161023 34.25 40.5 0.7375 56.75 26.0434782608696 6.875 "交通污染监控点" 116.394 39.876
"永定门内" 20160223 11.75 43.75 0.370833333333333 27.1666666666667 56.1666666666667 14.1666666666667 "交通污染监控点" 116.394 39.876
"永定门内" 20160422 36.0833333333333 99.375 0.291666666666667 30.125 83.2173913043478 9.08333333333333 "交通污染监控点" 116.394 39.876
"永定门内" 20160323 19.125 95.5416666666667 0.445833333333333 43.5 45 8.75 "交通污染监控点" 116.394 39.876
"永定门内" 20160208 318.291666666667 327.333333333333 1.43333333333333 57.4583333333333 32.0833333333333 82.6666666666667 "交通污染监控点" 116.394 39.876
"永定门内" 20160404 74.7727272727273 73.1363636363636 0.654545454545455 67 52.3636363636364 19.5 "交通污染监控点" 116.394 39.876
"永定门内" 20160313 31.3913043478261 107.130434782609 0.673913043478261 42.304347826087 53.4782608695652 19.0869565217391 "交通污染监控点" 116.394 39.876
"永定门内" 20160619 68.9166666666667 83.2083333333333 0.679166666666667 67.2916666666667 127.125 11.875 "交通污染监控点" 116.394 39.876
"永定门内" 20160406 142.416666666667 142.086956521739 2 92 34.5416666666667 41.625 "交通污染监控点" 116.394 39.876
"永定门内" 20160327 19.5 43.375 0.5125 58.0833333333333 39.875 5.33333333333333 "交通污染监控点" 116.394 39.876
"永定门内" 20160401 35.2916666666667 153.625 0.408333333333333 38.2083333333333 54.5833333333333 12.0833333333333 "交通污染监控点" 116.394 39.876
"永定门内" 20160312 108.75 88.625 1.84583333333333 95.2916666666667 13.7083333333333 53.4166666666667 "交通污染监控点" 116.394 39.876
"永定门内" 20160618 47.2916666666667 73.375 0.8375 73.875 92.0833333333333 4.08333333333333 "交通污染监控点" 116.394 39.876
"永定门内" 20160519 85.2083333333333 101.958333333333 0.716666666666667 71.9166666666667 151.208333333333 22.3333333333333 "交通污染监控点" 116.394 39.876
"永定门内" 20160427 87.4347826086957 105.260869565217 0.920833333333333 83.7083333333333 65.0833333333333 24 "交通污染监控点" 116.394 39.876
"永定门内" 20160615 22.375 43.4166666666667 0.520833333333333 60.7916666666667 71.7083333333333 9.70833333333333 "交通污染监控点" 116.394 39.876
"永定门内" 20160213 14.3 131.608695652174 0.343478260869565 16.2608695652174 52.0434782608696 9.73913043478261 "交通污染监控点" 116.394 39.876
"永定门内" 20160306 80.5416666666667 138.541666666667 1.65833333333333 96.7916666666667 6.20833333333333 35.5416666666667 "交通污染监控点" 116.394 39.876
"永定门内" 20160311 20.75 54.25 0.616666666666667 49.0416666666667 39.9166666666667 12.7083333333333 "交通污染监控点" 116.394 39.876
"永定门内" 20160321 133.458333333333 134.125 1.3875 107.625 40.5833333333333 35.6666666666667 "交通污染监控点" 116.394 39.876
"永定门内" 20160501 186.958333333333 219.833333333333 1.94583333333333 71.0416666666667 125.666666666667 35.4583333333333 "交通污染监控点" 116.394 39.876
"永定门内" 20160416 23.8333333333333 78.2916666666667 0.283333333333333 34.5833333333333 56.8333333333333 3.375 "交通污染监控点" 116.394 39.876
"永定门内" 20160318 217.454545454545 339.416666666667 1.74166666666667 88.2083333333333 35.4583333333333 22.2916666666667 "交通污染监控点" 116.394 39.876
"永定门内" 20160212 174.217391304348 212.608695652174 2.31304347826087 66.4782608695652 12.8260869565217 25.5217391304348 "交通污染监控点" 116.394 39.876
"永定门内" 20160616 29.625 55.125 0.5875 83.5833333333333 66.2083333333333 11.625 "交通污染监控点" 116.394 39.876
"永定门内" 20160324 14.3333333333333 34.375 0.3375 51.25 42.4583333333333 8.04166666666667 "交通污染监控点" 116.394 39.876
"永定门内" 20160209 48.5 117 1.60454545454545 68.5 19.7272727272727 28.1818181818182 "交通污染监控点" 116.394 39.876
"永定门内" 20160211 170.375 195.416666666667 2.62916666666667 79.7083333333333 2.33333333333333 42.6666666666667 "交通污染监控点" 116.394 39.876
"永定门内" 20160309 9.375 25.0454545454545 0.391666666666667 18.75 59.125 10.8571428571429 "交通污染监控点" 116.394 39.876
"永定门内" 20160714 35.875 55.5416666666667 0.7875 72.5 65.25 13.0833333333333 "交通污染监控点" 116.394 39.876
"永定门内" 20160407 91.875 207.416666666667 1.26666666666667 56.25 44.75 12.875 "交通污染监控点" 116.394 39.876
"永定门内" 20160316 253.916666666667 253.875 2.325 119.916666666667 29.7083333333333 47.5 "交通污染监控点" 116.394 39.876
"永定门内" 20160218 14.5833333333333 57.3333333333333 0.483333333333333 35.0833333333333 52 8.54166666666667 "交通污染监控点" 116.394 39.876
"永定门内" 20160330 29.2083333333333 64 0.629166666666667 62.7916666666667 48.5833333333333 14.625 "交通污染监控点" 116.394 39.876
"永定门内" 20160325 19.5 44.8095238095238 0.490909090909091 55.9090909090909 41.5 11.5909090909091 "交通污染监控点" 116.394 39.876
"永定门内" 20160409 73.9583333333333 119.541666666667 0.829166666666667 66.9166666666667 40.9166666666667 20.0833333333333 "交通污染监控点" 116.394 39.876
"永定门内" 20160405 119.708333333333 141.708333333333 1.07083333333333 73.8333333333333 56.0416666666667 26.7916666666667 "交通污染监控点" 116.394 39.876
"永定门内" 20160217 52.5416666666667 49.6666666666667 1.31666666666667 64.6666666666667 26.0416666666667 22.375 "交通污染监控点" 116.394 39.876
"永定门内" 20160214 NA 19.304347826087 0.460869565217391 16.2173913043478 59.9565217391304 11.304347826087 "交通污染监控点" 116.394 39.876
"永定门内" 20160408 20.9545454545455 60.4583333333333 0.379166666666667 39.0833333333333 62.4583333333333 10.875 "交通污染监控点" 116.394 39.876
"永定门内" 20160328 85.0833333333333 89.75 0.858333333333333 82.4583333333333 32.875 28.0833333333333 "交通污染监控点" 116.394 39.876
"永定门内" 20160314 81.0909090909091 79.8636363636364 1.32727272727273 83.8636363636364 23 33.5 "交通污染监控点" 116.394 39.876
"永定门内" 20160620 85.0434782608696 114.304347826087 0.904347826086957 71 134.869565217391 13.8260869565217 "交通污染监控点" 116.394 39.876
"永定门内" 20160417 11 41 0.225 16.2083333333333 83.5 2 "交通污染监控点" 116.394 39.876
"永定门内" 20160411 47.2380952380952 102 0.709090909090909 65.0909090909091 49.7272727272727 16.3636363636364 "交通污染监控点" 116.394 39.876
"永定门内" 20160317 280.958333333333 321.875 2.43333333333333 114.375 27.875 42.1666666666667 "交通污染监控点" 116.394 39.876
"永定门内" 20160215 6.92857142857143 25 0.5 18.5833333333333 59.1666666666667 11.5833333333333 "交通污染监控点" 116.394 39.876
"永定门内" 20160319 69 137.583333333333 1.0625 59.0416666666667 40.5833333333333 24.0833333333333 "交通污染监控点" 116.394 39.876
"永定门内" 20160410 58.65 154.583333333333 1.00833333333333 64.75 44.0833333333333 23.5 "交通污染监控点" 116.394 39.876
"永定门内" 20160418 16.75 34.1111111111111 0.295 42.25 70.6 8.4 "交通污染监控点" 116.394 39.876
"永定门内" 20160320 65.7083333333333 84.4583333333333 0.970833333333333 80.1666666666667 29.125 15.625 "交通污染监控点" 116.394 39.876
"永定门内" 20160216 7.20833333333333 48.625 0.404166666666667 34.875 49.375 8.25 "交通污染监控点" 116.394 39.876
"永定门内" 20160502 44.0416666666667 148.958333333333 0.2625 35.8333333333333 58.0833333333333 8.70833333333333 "交通污染监控点" 116.394 39.876
"永定门内" 20160331 152.541666666667 132.291666666667 1.48333333333333 103.416666666667 41.2916666666667 44.9166666666667 "交通污染监控点" 116.394 39.876
